1999 MONTHLY CO2 (PPMV)   24  12  LON/LAT (N-S/0-360E) IN 15 DEGREE RESOLUTION,  GLB ANNUAL MEAN = 367.81,  GROWTH RATE = 1.94,  MISS DATA = -99.99
 372.09 372.09 372.09 372.09 372.09 372.09 372.09 372.09 372.09 372.09 372.09 372.09 372.09 372.09 372.09 372.09 372.09 372.09 372.09 372.09 372.09 372.09 372.09 372.09
 372.73 376.79 375.80 373.95 372.09 372.09 372.09 372.09 372.09 372.09 372.09 372.42 373.01 373.93 373.01 371.84 372.09 372.09 373.69 372.09 372.09 372.26 372.43 373.16
 380.42 386.20 378.18 374.89 373.13 373.65 369.32 372.91 373.35 379.47 372.75 372.75 372.75 373.93 371.58 371.58 370.95 375.28 375.28 372.60 371.54 371.43 371.46 371.39
 371.94 383.09 372.54 372.54 373.65 373.65 369.32 372.91 373.35 379.47 374.78 372.75 368.46 368.55 374.62 374.62 370.32 373.14 375.96 369.92 369.92 370.56 370.56 370.96
 368.55 375.82 372.54 369.71 367.07 373.65 369.32 372.35 371.78 372.25 370.10 369.28 368.46 368.55 368.55 374.62 370.32 370.23 370.23 370.07 368.88 369.59 369.59 368.81
 368.55 369.88 368.52 366.69 367.07 367.07 368.19 371.03 369.72 367.65 368.88 368.07 367.50 367.41 367.41 371.01 367.57 370.23 370.23 368.88 368.88 368.88 369.59 365.39
 365.39 365.27 366.32 366.32 366.69 366.12 366.31 368.06 367.39 366.70 366.99 366.63 366.63 368.63 368.63 366.09 364.82 364.82 370.23 368.88 368.88 367.72 365.39 365.39
 365.27 365.27 365.27 366.32 365.55 364.60 364.60 365.76 365.76 365.76 365.76 365.74 366.51 367.57 367.01 364.82 364.82 364.82 364.82 364.14 368.88 367.33 365.39 365.39
 364.56 364.56 364.56 364.55 364.60 364.60 364.60 364.74 364.88 364.88 364.70 364.96 365.74 366.65 365.85 364.82 364.82 364.82 364.14 364.14 364.26 364.42 365.10 364.98
 364.68 364.56 364.81 364.55 364.65 364.60 364.71 364.93 364.80 364.57 364.26 364.61 365.09 364.93 364.93 364.93 364.88 364.54 364.14 364.14 364.38 364.57 364.93 364.93
 364.93 365.00 365.07 364.83 364.76 364.85 364.93 364.93 364.93 364.93 364.60 364.93 364.93 364.93 364.93 364.93 364.93 364.93 364.81 364.68 364.61 364.77 364.93 364.93
 364.93 364.93 364.93 364.93 364.93 364.93 364.93 364.93 364.93 364.93 364.93 364.93 364.93 364.93 364.93 364.93 364.93 364.93 364.93 364.93 364.93 364.93 364.93 364.93
 372.96 372.96 372.96 372.96 372.96 372.96 372.96 372.96 372.96 372.96 372.96 372.96 372.96 372.96 372.96 372.96 372.96 372.96 372.96 372.96 372.96 372.96 372.96 372.96
 373.32 376.85 377.50 375.23 372.96 372.96 372.96 372.96 372.96 372.96 372.96 373.59 373.51 374.06 373.51 372.96 372.96 372.96 374.35 372.96 372.96 373.03 373.10 373.45
 378.64 382.11 377.43 375.11 374.00 374.51 370.25 372.48 374.28 380.44 374.22 374.22 374.22 374.06 372.96 372.96 372.25 375.73 375.73 373.72 372.80 371.97 371.91 371.66
 372.51 381.52 372.67 372.67 374.51 374.51 370.25 372.48 374.28 380.44 375.45 374.22 368.20 369.07 373.14 373.14 371.53 373.73 375.93 371.71 371.71 370.97 370.97 371.46
 369.45 375.49 372.67 370.74 369.22 374.51 370.25 372.26 372.04 372.78 370.47 369.34 368.20 369.07 369.07 373.14 371.53 371.74 371.74 371.72 369.59 370.19 370.19 369.63
 369.45 370.09 369.55 368.40 369.22 369.22 369.74 371.18 370.11 368.17 369.32 368.35 367.93 368.76 368.76 370.95 367.83 371.74 371.74 369.59 369.59 369.59 370.19 365.02
 365.02 365.34 367.58 367.58 368.40 367.61 367.51 368.13 367.56 366.92 367.18 366.82 366.82 369.27 369.27 365.84 364.13 364.13 371.74 369.59 369.59 368.07 365.02 365.02
 365.34 365.34 365.34 367.58 366.59 365.20 365.20 365.66 365.66 365.66 365.66 366.12 366.81 368.04 367.15 364.13 364.13 364.13 364.13 364.49 369.59 367.56 365.02 365.02
 364.65 364.65 364.65 364.35 365.20 365.20 365.20 365.07 364.95 364.95 364.93 365.43 366.12 367.08 365.79 364.13 364.13 364.13 364.49 364.49 364.55 364.61 364.89 364.83
 364.71 364.65 364.61 364.35 364.39 365.20 365.07 364.82 364.82 364.68 364.41 364.92 365.29 364.82 364.82 364.82 364.48 364.66 364.49 364.49 364.60 364.68 364.82 364.82
 364.82 364.85 364.87 364.62 364.44 364.63 364.82 364.82 364.82 364.82 364.62 364.82 364.82 364.82 364.82 364.82 364.82 364.82 364.75 364.67 364.71 364.77 364.82 364.82
 364.82 364.82 364.82 364.82 364.82 364.82 364.82 364.82 364.82 364.82 364.82 364.82 364.82 364.82 364.82 364.82 364.82 364.82 364.82 364.82 364.82 364.82 364.82 364.82
 373.80 373.80 373.80 373.80 373.80 373.80 373.80 373.80 373.80 373.80 373.80 373.80 373.80 373.80 373.80 373.80 373.80 373.80 373.80 373.80 373.80 373.80 373.80 373.80
 373.68 378.17 376.40 375.10 373.80 373.80 373.80 373.80 373.80 373.80 373.80 374.46 373.94 374.08 373.94 373.24 373.80 373.80 375.07 373.80 373.80 373.67 373.53 374.26
 380.05 380.85 376.67 374.84 374.87 375.41 371.09 372.72 377.34 380.65 375.12 375.12 375.12 374.08 372.67 372.67 372.24 376.33 376.33 374.08 373.23 372.42 372.47 372.76
 374.00 382.88 372.76 372.76 375.41 375.41 371.09 372.72 377.34 380.65 375.56 375.12 369.54 369.93 373.68 373.68 371.80 374.34 376.87 371.82 371.82 371.12 371.12 372.54
 370.63 376.75 372.76 371.42 370.68 375.41 371.09 372.92 373.12 373.32 370.47 370.00 369.54 369.93 369.93 373.68 371.80 371.66 371.66 371.74 370.05 371.08 371.08 370.74
 370.63 370.84 370.17 369.48 370.68 370.68 370.88 372.00 371.08 369.04 369.75 368.64 368.54 369.83 369.83 371.76 368.03 371.66 371.66 370.05 370.05 370.05 371.08 364.72
 364.72 365.14 368.27 368.27 369.48 368.39 368.09 368.55 368.02 367.34 367.25 366.25 366.25 369.47 369.47 366.00 364.27 364.27 371.66 370.05 370.05 368.27 364.72 364.72
 365.14 365.14 365.14 368.27 366.94 365.00 365.00 365.64 365.64 365.64 365.64 366.36 366.36 367.92 367.22 364.27 364.27 364.27 364.27 364.69 370.05 367.68 364.72 364.72
 364.86 364.86 364.86 364.72 365.00 365.00 365.00 364.88 364.77 364.77 364.67 365.49 366.36 367.14 365.85 364.27 364.27 364.27 364.69 364.69 364.69 364.70 364.77 364.79
 364.84 364.86 364.73 364.72 364.53 365.00 364.93 364.79 364.74 364.67 364.57 364.57 365.24 364.79 364.79 364.79 364.53 364.74 364.69 364.69 364.69 364.71 364.79 364.79
 364.79 364.76 364.73 364.65 364.34 364.57 364.79 364.79 364.79 364.79 364.68 364.79 364.79 364.79 364.79 364.79 364.79 364.79 364.78 364.77 364.68 364.74 364.79 364.79
 364.79 364.79 364.79 364.79 364.79 364.79 364.79 364.79 364.79 364.79 364.79 364.79 364.79 364.79 364.79 364.79 364.79 364.79 364.79 364.79 364.79 364.79 364.79 364.79
 374.07 374.07 374.07 374.07 374.07 374.07 374.07 374.07 374.07 374.07 374.07 374.07 374.07 374.07 374.07 374.07 374.07 374.07 374.07 374.07 374.07 374.07 374.07 374.07
 373.87 375.61 378.10 376.08 374.07 374.07 374.07 374.07 374.07 374.07 374.07 374.72 374.34 374.61 374.34 373.62 374.07 374.07 374.90 374.07 374.07 374.06 374.05 374.29
 377.51 376.69 375.81 374.84 374.25 374.34 372.62 374.43 376.44 380.56 375.37 375.37 375.37 374.61 373.17 373.17 372.75 375.74 375.74 373.51 372.95 372.85 372.99 373.44
 373.58 378.05 372.63 372.63 374.34 374.34 372.62 374.43 376.44 380.56 376.25 375.37 371.95 371.18 376.50 376.50 372.33 373.43 374.52 371.28 371.28 371.49 371.49 372.80
 371.28 374.66 372.63 370.86 369.98 374.34 372.62 373.99 373.56 374.07 371.94 371.94 371.95 371.18 371.18 376.50 372.33 371.58 371.58 371.43 370.63 371.00 371.00 371.21
 371.28 370.44 369.06 368.18 369.98 369.98 371.30 372.95 371.90 370.24 371.09 369.87 369.65 370.23 370.23 373.36 368.24 371.58 371.58 370.63 370.63 370.63 371.00 364.73
 364.73 365.37 366.38 366.38 368.18 367.69 367.96 368.56 368.02 367.47 367.51 366.78 366.78 369.26 369.26 365.85 364.15 364.15 371.58 370.63 370.63 368.66 364.73 364.73
 365.37 365.37 365.37 366.38 366.09 364.90 364.90 364.70 364.70 364.70 364.70 365.18 366.46 367.86 367.09 364.15 364.15 364.15 364.15 364.94 370.63 368.01 364.73 364.73
 365.25 365.25 365.25 365.12 364.90 364.90 364.90 364.86 364.81 364.81 364.44 363.89 365.18 366.52 365.67 364.15 364.15 364.15 364.94 364.94 365.00 365.03 364.88 364.99
 365.14 365.25 365.03 365.12 364.81 364.90 364.91 364.93 364.82 364.72 364.63 364.26 364.79 364.93 364.93 364.93 364.54 364.94 364.94 364.94 365.06 365.06 364.93 364.93
 364.93 364.94 364.95 364.87 364.49 364.71 364.93 364.93 364.93 364.93 364.78 364.93 364.93 364.93 364.93 364.93 364.93 364.93 364.99 365.05 365.19 365.06 364.93 364.93
 364.93 364.93 364.93 364.93 364.93 364.93 364.93 364.93 364.93 364.93 364.93 364.93 364.93 364.93 364.93 364.93 364.93 364.93 364.93 364.93 364.93 364.93 364.93 364.93
 373.43 373.43 373.43 373.43 373.43 373.43 373.43 373.43 373.43 373.43 373.43 373.43 373.43 373.43 373.43 373.43 373.43 373.43 373.43 373.43 373.43 373.43 373.43 373.43
 372.69 374.13 376.50 374.96 373.43 373.43 373.43 373.43 373.43 373.43 373.43 373.88 374.32 375.22 374.32 373.55 373.43 373.43 372.88 373.43 373.43 373.09 372.76 373.09
 375.03 371.35 373.13 373.22 372.40 371.89 372.38 372.29 376.63 381.78 374.33 374.33 374.33 375.22 373.68 373.68 372.88 372.34 372.34 371.19 371.55 372.49 372.37 372.33
 370.94 373.40 371.55 371.55 371.89 371.89 372.38 372.29 376.63 381.78 376.97 374.33 372.26 371.12 375.95 375.95 372.08 371.11 370.14 370.03 370.03 372.01 372.01 371.60
 371.07 372.24 371.55 369.25 367.43 371.89 372.38 372.70 373.10 374.38 372.16 372.21 372.26 371.12 371.12 375.95 372.08 371.33 371.33 370.68 370.95 370.91 370.91 371.03
 371.07 369.65 367.83 366.46 367.43 367.43 369.90 372.24 371.79 370.48 371.32 369.96 369.30 368.65 368.65 372.30 368.17 371.33 371.33 370.95 370.95 370.95 370.91 365.58
 365.58 365.64 365.48 365.48 366.46 366.23 366.98 368.16 367.86 367.43 367.53 367.00 367.00 368.91 368.91 365.82 364.27 364.27 371.33 370.95 370.95 369.16 365.58 365.58
 365.64 365.64 365.64 365.48 365.38 364.80 364.80 364.37 364.37 364.37 364.37 366.09 367.07 367.99 367.06 364.27 364.27 364.27 364.27 365.59 370.95 368.56 365.58 365.58
 365.45 365.45 365.45 365.06 364.80 364.80 364.80 364.93 365.05 365.05 365.01 365.10 366.09 367.04 365.86 364.27 364.27 364.27 365.59 365.59 365.51 365.42 365.40 365.51
 365.33 365.45 365.15 365.06 364.97 364.80 364.90 365.09 365.03 364.96 364.87 364.99 365.39 365.09 365.09 365.09 364.68 365.34 365.59 365.59 365.44 365.32 365.09 365.09
 365.09 365.17 365.24 365.07 364.88 364.99 365.09 365.09 365.09 365.09 364.98 365.09 365.09 365.09 365.09 365.09 365.09 365.09 365.28 365.46 365.29 365.19 365.09 365.09
 365.09 365.09 365.09 365.09 365.09 365.09 365.09 365.09 365.09 365.09 365.09 365.09 365.09 365.09 365.09 365.09 365.09 365.09 365.09 365.09 365.09 365.09 365.09 365.09
 370.60 370.60 370.60 370.60 370.60 370.60 370.60 370.60 370.60 370.60 370.60 370.60 370.60 370.60 370.60 370.60 370.60 370.60 370.60 370.60 370.60 370.60 370.60 370.60
 369.63 367.40 369.60 370.10 370.60 370.60 370.60 370.60 370.60 370.60 370.60 370.04 371.65 372.70 371.65 370.49 370.60 370.60 368.18 370.60 370.60 370.14 369.68 370.22
 372.60 366.80 367.97 368.53 369.37 368.76 367.98 365.66 375.98 376.50 369.48 369.48 369.48 372.70 370.37 370.37 369.97 365.75 365.75 367.50 369.12 370.22 369.93 369.50
 368.88 373.06 367.51 367.51 368.76 368.76 367.98 365.66 375.98 376.50 373.52 369.48 370.50 370.19 370.24 370.24 369.56 369.57 369.58 369.25 369.25 370.60 370.60 369.54
 369.85 371.46 367.51 367.13 366.93 368.76 367.98 367.86 370.06 371.70 370.55 370.52 370.50 370.19 370.19 370.24 369.56 370.22 370.22 369.73 369.72 370.22 370.22 369.94
 369.85 369.12 366.76 366.56 366.93 366.93 367.46 368.87 369.87 369.68 370.12 369.23 368.88 368.73 368.73 369.49 367.42 370.22 370.22 369.72 369.72 369.72 370.22 366.51
 366.51 366.05 366.20 366.20 366.56 366.23 366.30 367.24 367.55 367.49 367.57 367.41 367.41 368.66 368.66 366.40 365.27 365.27 370.22 369.72 369.72 368.65 366.51 366.51
 366.05 366.05 366.05 366.20 365.79 365.20 365.20 365.29 365.29 365.29 365.29 365.81 366.29 367.48 367.13 365.27 365.27 365.27 365.27 366.25 369.72 368.29 366.51 366.51
 365.40 365.40 365.40 365.36 365.20 365.20 365.20 365.23 365.25 365.25 365.27 365.34 365.81 366.64 366.10 365.27 365.27 365.27 366.25 366.25 366.06 365.85 365.94 365.95
 365.39 365.40 365.44 365.36 365.30 365.20 365.26 365.37 365.29 365.24 365.22 365.28 365.49 365.37 365.37 365.37 365.32 365.81 366.25 366.25 365.87 365.65 365.37 365.37
 365.37 365.44 365.52 365.37 365.23 365.30 365.37 365.37 365.37 365.37 365.29 365.37 365.37 365.37 365.37 365.37 365.37 365.37 365.54 365.71 365.49 365.43 365.37 365.37
 365.37 365.37 365.37 365.37 365.37 365.37 365.37 365.37 365.37 365.37 365.37 365.37 365.37 365.37 365.37 365.37 365.37 365.37 365.37 365.37 365.37 365.37 365.37 365.37
 365.24 365.24 365.24 365.24 365.24 365.24 365.24 365.24 365.24 365.24 365.24 365.24 365.24 365.24 365.24 365.24 365.24 365.24 365.24 365.24 365.24 365.24 365.24 365.24
 363.90 366.13 361.80 363.52 365.24 365.24 365.24 365.24 365.24 365.24 365.24 362.95 364.34 363.44 364.34 364.82 365.24 365.24 360.98 365.24 365.24 364.47 363.69 364.85
 369.46 363.56 362.97 363.34 364.20 363.69 362.13 361.75 365.28 375.53 360.65 360.65 360.65 363.44 364.40 364.40 365.20 356.71 356.71 362.10 364.94 365.29 364.70 363.69
 364.91 372.67 363.54 363.54 363.69 363.69 362.13 361.75 365.28 375.53 372.02 360.65 367.74 368.43 363.35 363.35 366.00 366.00 364.22 367.49 367.49 366.71 366.71 365.17
 367.11 369.89 363.54 365.31 367.24 363.69 362.13 365.37 369.00 370.29 368.50 368.12 367.74 368.43 368.43 363.35 366.00 368.45 368.45 367.97 366.41 367.75 367.75 367.27
 367.11 368.17 365.71 366.94 367.24 367.24 364.69 366.97 368.57 368.14 368.32 367.83 367.83 368.71 368.71 366.03 365.94 368.45 368.45 366.41 366.41 366.41 367.75 367.26
 367.26 367.52 366.64 366.64 366.94 366.59 365.63 366.62 367.11 366.97 367.03 367.05 367.05 368.53 368.53 366.76 365.88 365.88 368.45 366.41 366.41 366.69 367.26 367.26
 367.52 367.52 367.52 366.64 366.19 365.60 365.60 365.79 365.79 365.79 365.79 366.46 366.73 367.63 367.35 365.88 365.88 365.88 365.88 366.32 366.41 366.79 367.26 367.26
 365.56 365.56 365.56 365.93 365.60 365.60 365.60 365.58 365.55 365.55 365.78 366.19 366.46 367.04 366.49 365.88 365.88 365.88 366.32 366.32 366.23 366.10 366.45 366.41
 365.60 365.56 365.90 365.71 365.53 365.60 365.62 365.67 365.60 365.57 365.59 365.89 366.01 365.67 365.67 365.67 365.78 366.00 366.32 366.32 366.13 365.97 365.67 365.67
 365.67 365.79 365.90 365.70 365.53 365.60 365.67 365.67 365.67 365.67 365.63 365.67 365.67 365.67 365.67 365.67 365.67 365.67 365.82 365.97 365.95 365.81 365.67 365.67
 365.67 365.67 365.67 365.67 365.67 365.67 365.67 365.67 365.67 365.67 365.67 365.67 365.67 365.67 365.67 365.67 365.67 365.67 365.67 365.67 365.67 365.67 365.67 365.67
 359.93 359.93 359.93 359.93 359.93 359.93 359.93 359.93 359.93 359.93 359.93 359.93 359.93 359.93 359.93 359.93 359.93 359.93 359.93 359.93 359.93 359.93 359.93 359.93
 359.19 359.70 357.50 358.72 359.93 359.93 359.93 359.93 359.93 359.93 359.93 357.86 359.05 358.16 359.05 359.87 359.93 359.93 357.05 359.93 359.93 359.22 358.51 360.90
 370.47 362.03 361.01 361.08 362.98 364.50 362.11 361.79 368.91 374.65 355.78 355.78 355.78 358.16 359.81 359.81 361.85 354.17 354.17 359.16 361.08 361.44 360.90 359.99
 365.48 370.66 363.50 363.50 364.50 364.50 362.11 361.79 368.91 374.65 370.63 355.78 364.58 365.93 362.57 362.57 363.90 363.90 361.63 364.14 364.14 364.21 364.21 363.34
 364.88 367.77 363.50 364.60 364.50 364.50 362.11 364.62 367.45 368.85 366.60 365.59 364.58 365.93 365.93 362.57 363.90 366.57 366.57 365.36 364.03 365.08 365.08 364.93
 364.88 366.92 365.71 366.81 366.81 364.50 362.11 365.85 367.08 366.70 366.65 366.47 366.49 367.74 367.74 365.15 364.55 366.57 366.57 364.03 364.03 364.03 365.08 367.50
 367.50 368.12 366.81 366.81 366.81 366.40 364.84 366.15 366.52 366.39 366.57 367.15 367.15 368.40 368.40 366.27 365.20 365.20 366.57 364.03 364.03 365.19 367.50 367.50
 368.12 368.12 368.12 366.81 366.40 366.00 366.00 366.08 366.08 366.08 366.08 367.04 367.04 367.72 367.11 365.20 365.20 365.20 365.20 366.24 364.03 365.57 367.50 367.50
 365.68 365.68 365.68 366.16 366.00 366.00 366.00 366.00 365.99 365.99 365.98 366.51 367.04 367.38 366.43 365.20 365.20 365.20 366.24 366.24 366.24 366.21 366.71 366.59
 365.80 365.68 366.38 366.19 366.03 366.00 366.01 366.03 366.00 365.98 365.97 365.97 366.35 366.03 366.03 366.03 365.62 366.14 366.24 366.24 366.24 366.18 366.03 366.03
 366.03 366.21 366.38 366.15 366.03 366.03 366.03 366.03 366.03 366.03 366.00 366.03 366.03 366.03 366.03 366.03 366.03 366.03 366.17 366.30 366.23 366.13 366.03 366.03
 366.03 366.03 366.03 366.03 366.03 366.03 366.03 366.03 366.03 366.03 366.03 366.03 366.03 366.03 366.03 366.03 366.03 366.03 366.03 366.03 366.03 366.03 366.03 366.03
 360.96 360.96 360.96 360.96 360.96 360.96 360.96 360.96 360.96 360.96 360.96 360.96 360.96 360.96 360.96 360.96 360.96 360.96 360.96 360.96 360.96 360.96 360.96 360.96
 362.00 364.68 364.40 362.68 360.96 360.96 360.96 360.96 360.96 360.96 360.96 360.36 360.51 360.06 360.51 360.92 360.96 360.96 362.10 360.96 360.96 360.26 359.56 362.64
 371.57 365.46 365.01 364.28 365.63 367.96 365.13 363.45 371.56 375.04 359.76 359.76 359.76 360.06 360.89 360.89 361.68 363.24 363.24 363.04 362.28 362.31 362.06 362.02
 366.27 371.33 365.16 365.16 367.96 367.96 365.13 363.45 371.56 375.04 369.81 359.76 364.01 364.23 367.28 367.28 362.46 362.46 363.71 362.84 362.84 364.61 364.61 364.23
 364.17 367.75 365.16 365.77 367.96 367.96 365.13 364.80 366.15 367.83 364.59 364.30 364.01 364.23 364.23 367.28 362.46 365.07 365.07 363.95 363.55 364.22 364.22 364.18
 364.17 366.38 366.37 366.98 366.98 367.96 365.13 365.32 365.84 365.53 365.06 365.54 366.05 367.40 367.40 367.34 363.64 365.07 365.07 363.55 363.55 363.55 364.22 367.34
 367.34 367.23 366.98 366.98 366.98 366.59 365.97 365.98 366.11 366.01 366.08 366.74 366.74 368.26 368.26 365.97 364.82 364.82 365.07 363.55 363.55 364.81 367.34 367.34
 367.23 367.23 367.23 366.98 366.59 366.20 366.20 366.49 366.49 366.49 366.49 367.60 367.60 367.93 367.00 364.82 364.82 364.82 364.82 366.25 363.55 365.23 367.34 367.34
 365.89 365.89 365.89 366.36 366.20 366.20 366.20 366.27 366.33 366.33 366.27 366.92 367.60 367.76 366.48 364.82 364.82 364.82 366.25 366.25 366.32 366.38 366.77 366.62
 366.04 365.89 366.60 366.48 366.40 366.20 366.25 366.35 366.32 366.27 366.21 366.21 366.72 366.35 366.35 366.35 365.58 366.30 366.25 366.25 366.40 366.42 366.35 366.35
 366.35 366.48 366.60 366.45 366.40 366.38 366.35 366.35 366.35 366.35 366.28 366.35 366.35 366.35 366.35 366.35 366.35 366.35 366.48 366.60 366.55 366.45 366.35 366.35
 366.35 366.35 366.35 366.35 366.35 366.35 366.35 366.35 366.35 366.35 366.35 366.35 366.35 366.35 366.35 366.35 366.35 366.35 366.35 366.35 366.35 366.35 366.35 366.35
 365.57 365.57 365.57 365.57 365.57 365.57 365.57 365.57 365.57 365.57 365.57 365.57 365.57 365.57 365.57 365.57 365.57 365.57 365.57 365.57 365.57 365.57 365.57 365.57
 366.36 369.00 367.80 366.69 365.57 365.57 365.57 365.57 365.57 365.57 365.57 366.40 365.30 365.03 365.30 366.18 365.57 365.57 368.90 365.57 365.57 365.45 365.34 366.73
 372.49 372.40 369.45 368.09 369.32 371.20 366.89 367.41 368.75 376.29 367.23 367.23 367.23 365.03 366.79 366.79 366.22 372.24 372.24 369.07 366.85 366.12 366.08 366.07
 367.21 372.20 368.14 368.14 371.20 371.20 366.89 367.41 368.75 376.29 370.91 367.23 365.40 365.10 369.70 369.70 365.65 365.65 368.14 365.90 365.90 366.83 366.83 366.43
 365.19 368.69 368.14 367.73 371.20 371.20 366.89 367.47 367.53 368.67 365.53 365.46 365.40 365.10 365.10 369.70 365.65 366.28 366.28 366.09 364.28 365.47 365.47 365.26
 365.19 367.16 367.31 366.90 366.90 371.20 366.89 366.95 366.43 365.33 365.43 366.06 366.49 367.24 367.24 368.47 365.75 366.28 366.28 364.28 364.28 364.28 365.47 367.42
 367.42 367.61 366.90 366.90 366.90 366.60 366.60 366.60 366.31 365.94 366.19 366.84 366.84 368.27 368.27 366.66 365.85 365.85 366.28 364.28 364.28 365.33 367.42 367.42
 367.61 367.61 367.61 366.90 366.60 366.30 366.30 366.55 366.55 366.55 366.55 367.15 367.76 368.01 367.38 365.85 365.85 365.85 365.85 366.07 364.28 365.68 367.42 367.42
 366.19 366.19 366.19 366.46 366.30 366.30 366.30 366.38 366.46 366.46 366.43 366.54 367.15 367.58 366.82 365.85 365.85 365.85 366.07 366.07 366.23 366.36 366.90 366.81
 366.29 366.19 366.64 366.55 366.48 366.30 366.36 366.48 366.44 366.38 366.29 366.42 366.68 366.48 366.48 366.48 366.16 366.27 366.07 366.07 366.38 366.49 366.48 366.48
 366.48 366.56 366.64 366.53 366.48 366.48 366.48 366.48 366.48 366.48 366.38 366.48 366.48 366.48 366.48 366.48 366.48 366.48 366.66 366.85 366.70 366.59 366.48 366.48
 366.48 366.48 366.48 366.48 366.48 366.48 366.48 366.48 366.48 366.48 366.48 366.48 366.48 366.48 366.48 366.48 366.48 366.48 366.48 366.48 366.48 366.48 366.48 366.48
 370.40 370.40 370.40 370.40 370.40 370.40 370.40 370.40 370.40 370.40 370.40 370.40 370.40 370.40 370.40 370.40 370.40 370.40 370.40 370.40 370.40 370.40 370.40 370.40
 368.99 374.49 371.90 371.15 370.40 370.40 370.40 370.40 370.40 370.40 370.40 370.72 370.68 370.96 370.68 370.35 370.40 370.40 373.51 370.40 370.40 369.98 369.56 370.85
 379.83 379.41 374.29 372.33 372.37 373.36 368.03 371.35 372.62 379.51 371.05 371.05 371.05 370.96 370.31 370.31 369.56 376.62 376.62 373.10 371.02 369.14 369.08 369.33
 371.66 379.14 371.56 371.56 373.36 373.36 368.03 371.35 372.62 379.51 373.26 371.05 367.29 366.84 370.77 370.77 368.80 368.80 371.72 369.57 369.57 368.35 368.35 369.62
 367.42 373.28 371.56 369.93 373.36 373.36 368.03 370.54 369.72 370.68 367.01 367.15 367.29 366.84 366.84 370.77 368.80 368.97 368.97 369.27 365.94 367.39 367.39 367.41
 367.42 369.73 368.31 366.68 366.68 373.36 368.03 369.32 368.11 366.49 366.75 367.17 367.52 368.00 368.00 369.39 367.63 368.97 368.97 365.94 365.94 365.94 367.39 367.60
 367.60 368.49 366.68 366.68 366.68 366.49 366.94 367.77 367.18 366.64 366.87 367.27 367.27 368.60 368.60 367.17 366.45 366.45 368.97 365.94 365.94 366.49 367.60 367.60
 368.49 368.49 368.49 366.68 366.49 366.30 366.30 366.80 366.80 366.80 366.80 366.77 367.48 368.04 367.70 366.45 366.45 366.45 366.45 365.97 365.94 366.68 367.60 367.60
 366.38 366.38 366.38 366.45 366.30 366.30 366.30 366.35 366.41 366.41 366.26 366.07 366.77 367.41 367.04 366.45 366.45 366.45 365.97 365.97 366.08 366.22 367.06 366.99
 366.45 366.38 366.72 366.60 366.49 366.30 366.40 366.59 366.45 366.35 366.30 366.19 366.52 366.59 366.59 366.59 366.52 366.28 365.97 365.97 366.20 366.35 366.59 366.59
 366.59 366.66 366.72 366.60 366.49 366.54 366.59 366.59 366.59 366.59 366.45 366.59 366.59 366.59 366.59 366.59 366.59 366.59 366.69 366.79 366.42 366.51 366.59 366.59
 366.59 366.59 366.59 366.59 366.59 366.59 366.59 366.59 366.59 366.59 366.59 366.59 366.59 366.59 366.59 366.59 366.59 366.59 366.59 366.59 366.59 366.59 366.59 366.59
 374.04 374.04 374.04 374.04 374.04 374.04 374.04 374.04 374.04 374.04 374.04 374.04 374.04 374.04 374.04 374.04 374.04 374.04 374.04 374.04 374.04 374.04 374.04 374.04
 371.71 374.41 372.70 373.37 374.04 374.04 374.04 374.04 374.04 374.04 374.04 372.90 373.57 373.10 373.57 372.28 374.04 374.04 376.85 374.04 374.04 372.80 371.57 372.72
 376.22 380.44 375.31 373.82 374.05 374.06 368.83 373.78 373.54 381.60 371.76 371.76 371.76 373.10 370.52 370.52 370.45 379.66 379.66 375.37 373.50 371.02 370.76 371.22
 371.83 389.40 372.78 372.78 374.06 374.06 368.83 373.78 373.54 381.60 375.45 371.76 369.30 368.33 374.67 374.67 370.38 370.38 373.44 371.09 371.09 369.49 369.49 370.80
 369.20 379.30 372.78 370.96 374.06 374.06 368.83 372.38 370.98 372.45 369.30 369.30 369.30 368.33 368.33 374.67 370.38 369.59 369.59 370.34 367.97 368.81 368.81 369.10
 369.20 372.07 369.15 367.33 367.33 374.06 368.83 370.92 369.45 367.92 368.61 368.53 368.53 368.62 368.62 371.64 368.55 369.59 369.59 367.97 367.97 367.97 368.81 367.54
 367.54 367.72 367.33 367.33 367.33 366.87 367.36 368.61 367.96 367.45 367.67 367.67 367.67 369.30 369.30 367.58 366.72 366.72 369.59 367.97 367.97 367.83 367.54 367.54
 367.72 367.72 367.72 367.33 366.87 366.40 366.40 366.97 366.97 366.97 366.97 366.96 368.09 368.70 368.24 366.72 366.72 366.72 366.72 366.06 367.97 367.78 367.54 367.54
 366.62 366.62 366.62 366.32 366.40 366.40 366.40 366.40 366.39 366.39 366.08 365.82 366.96 367.83 367.33 366.72 366.72 366.72 366.06 366.06 366.04 366.10 367.05 367.08
 366.59 366.62 366.48 366.32 366.38 366.40 366.45 366.54 366.38 366.21 366.03 365.92 366.47 366.54 366.54 366.54 366.63 366.30 366.06 366.06 366.03 366.15 366.54 366.54
 366.54 366.59 366.64 366.48 366.43 366.48 366.54 366.54 366.54 366.54 366.28 366.54 366.54 366.54 366.54 366.54 366.54 366.54 366.50 366.46 366.00 366.27 366.54 366.54
 366.54 366.54 366.54 366.54 366.54 366.54 366.54 366.54 366.54 366.54 366.54 366.54 366.54 366.54 366.54 366.54 366.54 366.54 366.54 366.54 366.54 366.54 366.54 366.54
