1977 MONTHLY CO2 (PPMV)   24  12  LON/LAT (N-S/0-360E) IN 15 DEGREE RESOLUTION,  GLB ANNUAL MEAN = 333.93,  GROWTH RATE = 1.52,  MISS DATA = -99.99
 336.32 336.32 336.32 336.32 336.32 336.32 336.32 336.32 336.32 336.32 336.32 336.32 336.32 336.32 336.32 336.32 336.32 336.32 336.32 336.32 336.32 336.32 336.32 336.32
 341.53 336.32 336.32 336.32 336.32 336.32 336.32 336.32 336.32 336.32 336.32 336.32 336.93 337.54 336.93 336.32 336.32 336.32 336.32 336.32 336.32 336.32 336.32 336.32
 346.75 346.75 341.53 336.32 336.32 336.32 336.32 336.32 336.32 336.32 336.32 336.32 337.24 337.54 337.24 335.81 335.55 335.81 335.67 336.91 337.20 336.91 341.53 346.75
 346.75 346.75 344.14 336.32 336.32 336.32 336.32 336.32 336.32 336.32 336.32 334.13 333.03 333.03 333.87 335.55 335.55 335.55 335.02 337.20 337.20 337.20 337.20 346.75
 346.75 346.75 345.44 336.32 336.32 336.32 336.32 336.32 336.32 333.35 333.03 333.03 333.03 333.03 333.03 334.71 335.55 335.02 335.02 335.02 337.20 337.20 337.20 346.75
 346.75 346.75 346.09 336.32 336.32 336.32 336.32 332.57 330.70 330.70 332.46 332.55 332.73 333.09 333.09 333.09 335.55 335.02 335.02 335.02 337.20 337.20 337.20 346.75
 346.75 341.43 330.80 330.80 330.80 330.80 330.71 330.70 330.70 330.70 332.37 332.37 332.37 332.73 332.91 333.00 335.55 335.02 335.02 335.02 337.20 337.20 335.07 338.77
 330.80 330.80 330.80 330.80 330.80 330.80 330.72 330.70 330.70 330.70 331.00 331.31 332.37 332.55 332.73 332.17 333.18 333.61 335.02 333.61 334.00 330.80 330.80 330.80
 330.80 330.80 330.80 330.80 330.80 330.80 330.75 330.70 330.70 330.70 331.00 331.31 331.31 331.31 331.05 330.80 330.80 330.80 330.80 330.80 330.80 330.80 330.80 330.80
 330.80 330.80 330.80 330.80 330.80 330.80 330.80 330.80 330.73 330.70 330.95 331.31 331.14 330.80 330.80 330.80 330.80 330.80 330.80 330.80 330.80 330.80 330.80 330.80
 330.80 330.80 330.80 330.80 330.80 330.80 330.80 330.80 330.80 330.80 330.80 330.80 330.80 330.80 330.80 330.80 330.80 330.80 330.80 330.80 330.80 330.80 330.80 330.80
 330.80 330.80 330.80 330.80 330.80 330.80 330.80 330.80 330.80 330.80 330.80 330.80 330.80 330.80 330.80 330.80 330.80 330.80 330.80 330.80 330.80 330.80 330.80 330.80
 339.47 339.47 339.47 339.47 339.47 339.47 339.47 339.47 339.47 339.47 339.47 339.47 339.47 339.47 339.47 339.47 339.47 339.47 339.47 339.47 339.47 339.47 339.47 339.47
 343.92 343.92 343.92 343.92 343.92 343.92 341.72 337.32 337.32 337.32 337.32 337.32 337.32 337.32 337.32 337.32 335.62 335.62 335.89 337.32 337.32 337.32 343.92 343.92
 343.92 343.92 343.92 343.92 343.92 343.92 343.92 339.52 337.32 337.32 337.32 337.32 337.32 337.32 337.32 335.62 335.62 335.62 335.89 337.32 337.32 337.32 343.92 343.92
 343.92 343.92 343.92 343.92 343.92 343.92 343.92 331.59 332.13 332.84 333.56 333.56 333.56 333.56 334.25 335.62 335.62 335.62 335.89 337.32 337.32 337.32 337.32 343.92
 343.92 343.92 343.92 343.92 343.92 339.61 330.89 331.06 331.41 332.13 333.56 333.56 333.56 333.56 333.56 334.94 335.62 335.89 335.89 335.89 337.32 337.32 337.32 343.92
 343.92 343.92 343.92 339.61 331.00 331.00 330.72 330.70 330.70 330.70 332.46 332.68 333.10 333.95 333.95 333.95 335.62 335.89 335.89 335.89 337.32 337.32 337.32 343.92
 343.92 339.61 331.00 331.00 331.00 331.00 330.74 330.70 330.70 330.70 332.25 332.25 332.25 333.10 333.52 333.74 335.62 335.89 335.89 335.89 337.32 337.32 335.21 337.46
 331.00 331.00 331.00 331.00 331.00 331.00 330.77 330.70 330.70 330.70 331.07 331.44 332.25 332.68 333.10 332.61 333.31 334.26 335.89 334.26 334.16 331.00 331.00 331.00
 331.00 331.00 331.00 331.00 331.00 331.00 330.85 330.70 330.70 330.70 331.07 331.44 331.44 331.44 331.22 331.00 331.00 331.00 331.00 331.00 331.00 331.00 331.00 331.00
 331.00 331.00 331.00 331.00 331.00 331.00 331.00 331.00 330.80 330.70 331.05 331.44 331.29 331.00 331.00 331.00 331.00 331.00 331.00 331.00 331.00 331.00 331.00 331.00
 331.00 331.00 331.00 331.00 331.00 331.00 331.00 331.00 331.00 331.00 331.00 331.00 331.00 331.00 331.00 331.00 331.00 331.00 331.00 331.00 331.00 331.00 331.00 331.00
 331.00 331.00 331.00 331.00 331.00 331.00 331.00 331.00 331.00 331.00 331.00 331.00 331.00 331.00 331.00 331.00 331.00 331.00 331.00 331.00 331.00 331.00 331.00 331.00
 339.00 339.00 339.00 339.00 339.00 339.00 339.00 339.00 339.00 339.00 339.00 339.00 339.00 339.00 339.00 339.00 339.00 339.00 339.00 339.00 339.00 339.00 339.00 339.00
 340.46 339.00 339.00 339.00 339.00 339.00 339.00 339.00 339.00 339.00 339.00 339.00 338.60 338.19 338.60 339.00 339.00 339.00 339.00 339.00 339.00 339.00 339.00 339.00
 341.92 341.92 340.46 339.00 339.00 339.00 339.00 339.00 339.00 339.00 339.00 339.00 338.39 338.19 338.39 337.45 336.67 337.45 337.68 339.47 339.70 339.47 340.46 341.92
 341.92 341.92 341.19 339.00 339.00 339.00 339.00 339.00 339.00 339.00 339.00 336.10 334.64 334.64 335.32 336.67 336.67 336.67 336.36 339.70 339.70 339.70 339.70 341.92
 341.92 341.92 341.55 339.00 339.00 339.00 339.00 339.00 339.00 335.01 334.64 334.64 334.64 334.64 334.64 336.00 336.67 336.36 336.36 336.36 339.70 339.70 339.70 341.92
 341.92 341.92 341.74 339.00 339.00 339.00 339.00 333.93 331.40 331.40 332.45 332.82 333.56 335.04 335.04 335.04 336.67 336.36 336.36 336.36 339.70 339.70 339.70 341.92
 341.92 338.23 330.84 330.84 330.84 330.84 331.33 331.40 331.40 331.40 332.09 332.09 332.09 333.56 334.30 334.67 336.67 336.36 336.36 336.36 339.70 339.70 336.75 336.38
 330.84 330.84 330.84 330.84 330.84 330.84 331.26 331.40 331.40 331.40 331.27 331.15 332.09 332.82 333.56 333.02 333.76 334.52 336.36 334.52 335.27 330.84 330.84 330.84
 330.84 330.84 330.84 330.84 330.84 330.84 331.12 331.40 331.40 331.40 331.27 331.15 331.15 331.15 330.99 330.84 330.84 330.84 330.84 330.84 330.84 330.84 330.84 330.84
 330.84 330.84 330.84 330.84 330.84 330.84 330.84 330.84 331.21 331.40 331.17 331.15 331.05 330.84 330.84 330.84 330.84 330.84 330.84 330.84 330.84 330.84 330.84 330.84
 330.84 330.84 330.84 330.84 330.84 330.84 330.84 330.84 330.84 330.84 330.84 330.84 330.84 330.84 330.84 330.84 330.84 330.84 330.84 330.84 330.84 330.84 330.84 330.84
 330.84 330.84 330.84 330.84 330.84 330.84 330.84 330.84 330.84 330.84 330.84 330.84 330.84 330.84 330.84 330.84 330.84 330.84 330.84 330.84 330.84 330.84 330.84 330.84
 339.02 339.02 339.02 339.02 339.02 339.02 339.02 339.02 339.02 339.02 339.02 339.02 339.02 339.02 339.02 339.02 339.02 339.02 339.02 339.02 339.02 339.02 339.02 339.02
 340.02 340.02 340.02 340.02 340.02 340.02 339.77 339.27 339.27 339.27 339.27 339.27 339.27 339.27 339.27 339.27 337.25 337.25 336.84 337.27 337.27 337.27 340.02 340.02
 340.02 340.02 340.02 340.02 340.02 340.02 340.02 339.52 339.27 339.27 339.27 339.27 339.27 339.27 339.27 337.25 337.25 337.25 336.84 337.27 337.27 337.27 340.02 340.02
 340.02 340.02 340.02 340.02 340.02 340.02 340.02 332.47 333.48 334.82 336.16 336.16 336.16 336.16 336.52 337.25 337.25 337.25 336.84 337.27 337.27 337.27 337.27 340.02
 340.02 340.02 340.02 340.02 340.02 337.00 331.14 331.47 332.14 333.48 336.16 336.16 336.16 336.16 336.16 336.89 337.25 336.84 336.84 336.84 337.27 337.27 337.27 340.02
 340.02 340.02 340.02 337.00 330.95 330.95 330.81 330.80 330.80 330.80 332.75 333.22 334.15 336.01 336.01 336.01 337.25 336.84 336.84 336.84 337.27 337.27 337.27 340.02
 340.02 337.00 330.95 330.95 330.95 330.95 330.82 330.80 330.80 330.80 332.28 332.28 332.28 334.15 335.08 335.54 337.25 336.84 336.84 336.84 337.27 337.27 335.16 335.49
 330.95 330.95 330.95 330.95 330.95 330.95 330.84 330.80 330.80 330.80 331.30 331.79 332.28 333.22 334.15 333.55 334.10 334.88 336.84 334.88 334.11 330.95 330.95 330.95
 330.95 330.95 330.95 330.95 330.95 330.95 330.88 330.80 330.80 330.80 331.30 331.79 331.79 331.79 331.37 330.95 330.95 330.95 330.95 330.95 330.95 330.95 330.95 330.95
 330.95 330.95 330.95 330.95 330.95 330.95 330.95 330.95 330.85 330.80 331.21 331.79 331.51 330.95 330.95 330.95 330.95 330.95 330.95 330.95 330.95 330.95 330.95 330.95
 330.95 330.95 330.95 330.95 330.95 330.95 330.95 330.95 330.95 330.95 330.95 330.95 330.95 330.95 330.95 330.95 330.95 330.95 330.95 330.95 330.95 330.95 330.95 330.95
 330.95 330.95 330.95 330.95 330.95 330.95 330.95 330.95 330.95 330.95 330.95 330.95 330.95 330.95 330.95 330.95 330.95 330.95 330.95 330.95 330.95 330.95 330.95 330.95
 340.03 340.03 340.03 340.03 340.03 340.03 340.03 340.03 340.03 340.03 340.03 340.03 340.03 340.03 340.03 340.03 340.03 340.03 340.03 340.03 340.03 340.03 340.03 340.03
 338.96 340.03 340.03 340.03 340.03 340.03 340.03 340.03 340.03 340.03 340.03 340.03 339.92 339.81 339.92 340.03 340.03 340.03 340.03 340.03 340.03 340.03 340.03 340.03
 337.90 337.90 338.96 340.03 340.03 340.03 340.03 340.03 340.03 340.03 340.03 340.03 339.87 339.81 339.87 338.61 337.90 338.61 338.42 338.31 337.45 338.31 338.96 337.90
 337.90 337.90 338.43 340.03 340.03 340.03 340.03 340.03 340.03 340.03 340.03 338.01 336.99 336.99 337.30 337.90 337.90 337.90 336.81 337.45 337.45 337.45 337.45 337.90
 337.90 337.90 338.16 340.03 340.03 340.03 340.03 340.03 340.03 338.51 336.99 336.99 336.99 336.99 336.99 337.60 337.90 336.81 336.81 336.81 337.45 337.45 337.45 337.90
 337.90 337.90 338.03 340.03 340.03 340.03 340.03 340.03 335.24 332.94 333.11 333.46 334.15 335.54 335.54 335.54 337.90 336.81 336.81 336.81 337.45 337.45 337.45 337.90
 337.90 335.62 331.05 331.05 331.05 331.05 331.05 331.91 332.76 332.76 332.76 332.76 332.76 334.15 334.85 335.19 337.90 336.81 336.81 336.81 337.45 337.45 335.32 334.48
 331.05 331.05 331.05 331.05 331.05 331.05 331.05 331.05 331.76 331.99 331.99 331.99 332.76 333.46 334.15 333.47 334.48 334.89 336.81 334.89 334.25 331.05 331.05 331.05
 331.05 331.05 331.05 331.05 331.05 331.05 331.05 331.05 331.52 331.99 331.99 331.99 331.99 331.99 331.52 331.05 331.05 331.05 331.05 331.05 331.05 331.05 331.05 331.05
 331.05 331.05 331.05 331.05 331.05 331.05 331.05 331.05 331.05 331.05 331.68 331.99 331.68 331.05 331.05 331.05 331.05 331.05 331.05 331.05 331.05 331.05 331.05 331.05
 331.05 331.05 331.05 331.05 331.05 331.05 331.05 331.05 331.05 331.05 331.05 331.05 331.05 331.05 331.05 331.05 331.05 331.05 331.05 331.05 331.05 331.05 331.05 331.05
 331.05 331.05 331.05 331.05 331.05 331.05 331.05 331.05 331.05 331.05 331.05 331.05 331.05 331.05 331.05 331.05 331.05 331.05 331.05 331.05 331.05 331.05 331.05 331.05
 338.56 338.56 338.56 338.56 338.56 338.56 338.56 338.56 338.56 338.56 338.56 338.56 338.56 338.56 338.56 338.56 338.56 338.56 338.56 338.56 338.56 338.56 338.56 338.56
 337.62 338.56 338.56 338.56 338.56 338.56 338.56 338.56 338.56 338.56 338.56 338.56 338.16 337.77 338.16 338.56 338.56 338.56 338.56 338.56 338.56 338.56 338.56 338.56
 336.68 336.68 337.62 338.56 338.56 338.56 338.56 338.56 338.56 338.56 338.56 338.56 337.96 337.77 337.96 336.40 335.32 336.40 337.33 333.60 331.12 333.60 337.62 336.68
 336.68 336.68 337.15 338.56 338.56 338.56 338.56 338.56 338.56 338.56 338.56 337.04 336.27 336.27 335.95 335.32 335.32 335.32 336.10 331.12 331.12 331.12 331.12 336.68
 336.68 336.68 336.91 338.56 338.56 338.56 338.56 338.56 338.56 335.51 336.27 336.27 336.27 336.27 336.27 335.64 335.32 336.10 336.10 336.10 331.12 331.12 331.12 336.68
 336.68 336.68 336.80 338.56 338.56 338.56 338.56 333.99 331.70 331.70 333.39 333.65 334.16 335.20 335.20 335.20 335.32 336.10 336.10 336.10 331.12 331.12 331.12 336.68
 336.68 334.89 331.32 331.32 331.32 331.32 331.65 331.70 331.70 331.70 333.13 333.13 333.13 334.16 334.68 334.94 335.32 336.10 336.10 336.10 331.12 331.12 331.19 334.00
 331.32 331.32 331.32 331.32 331.32 331.32 331.60 331.70 331.70 331.70 331.79 331.89 333.13 333.65 334.16 333.47 333.32 334.51 336.10 334.51 331.22 331.32 331.32 331.32
 331.32 331.32 331.32 331.32 331.32 331.32 331.51 331.70 331.70 331.70 331.79 331.89 331.89 331.89 331.60 331.32 331.32 331.32 331.32 331.32 331.32 331.32 331.32 331.32
 331.32 331.32 331.32 331.32 331.32 331.32 331.32 331.32 331.57 331.70 331.68 331.89 331.70 331.32 331.32 331.32 331.32 331.32 331.32 331.32 331.32 331.32 331.32 331.32
 331.32 331.32 331.32 331.32 331.32 331.32 331.32 331.32 331.32 331.32 331.32 331.32 331.32 331.32 331.32 331.32 331.32 331.32 331.32 331.32 331.32 331.32 331.32 331.32
 331.32 331.32 331.32 331.32 331.32 331.32 331.32 331.32 331.32 331.32 331.32 331.32 331.32 331.32 331.32 331.32 331.32 331.32 331.32 331.32 331.32 331.32 331.32 331.32
 331.55 331.55 331.55 331.55 331.55 331.55 331.55 331.55 331.55 331.55 331.55 331.55 331.55 331.55 331.55 331.55 331.55 331.55 331.55 331.55 331.55 331.55 331.55 331.55
 331.40 331.55 331.55 331.55 331.55 331.55 331.55 331.55 331.55 331.55 331.55 331.55 331.13 330.72 331.13 331.55 331.55 331.55 331.55 331.55 331.55 331.55 331.55 331.55
 331.26 331.26 331.40 331.55 331.55 331.55 331.55 331.55 331.55 331.55 331.55 331.55 330.93 330.72 330.93 332.52 333.00 332.52 333.19 330.84 330.48 330.84 331.40 331.26
 331.26 331.26 331.33 331.55 331.55 331.55 331.55 331.55 331.55 331.55 331.55 333.70 334.77 334.77 334.18 333.00 333.00 333.00 334.84 330.48 330.48 330.48 330.48 331.26
 331.26 331.26 331.29 331.55 331.55 331.55 331.55 331.55 331.55 332.74 334.77 334.77 334.77 334.77 334.77 333.59 333.00 334.84 334.84 334.84 330.48 330.48 330.48 331.26
 331.26 331.26 331.28 331.55 331.55 331.55 331.55 331.78 331.90 331.90 333.23 333.41 333.78 334.53 334.53 334.53 333.00 334.84 334.84 334.84 330.48 330.48 330.48 331.26
 331.26 331.42 331.75 331.75 331.75 331.75 331.88 331.90 331.90 331.90 333.04 333.04 333.04 333.78 334.16 334.34 333.00 334.84 334.84 334.84 330.48 330.48 330.90 331.51
 331.75 331.75 331.75 331.75 331.75 331.75 331.86 331.90 331.90 331.90 332.27 332.64 333.04 333.41 333.78 333.29 332.38 333.81 334.84 333.81 331.12 331.75 331.75 331.75
 331.75 331.75 331.75 331.75 331.75 331.75 331.83 331.90 331.90 331.90 332.27 332.64 332.64 332.64 332.20 331.75 331.75 331.75 331.75 331.75 331.75 331.75 331.75 331.75
 331.75 331.75 331.75 331.75 331.75 331.75 331.75 331.75 331.85 331.90 332.14 332.64 332.35 331.75 331.75 331.75 331.75 331.75 331.75 331.75 331.75 331.75 331.75 331.75
 331.75 331.75 331.75 331.75 331.75 331.75 331.75 331.75 331.75 331.75 331.75 331.75 331.75 331.75 331.75 331.75 331.75 331.75 331.75 331.75 331.75 331.75 331.75 331.75
 331.75 331.75 331.75 331.75 331.75 331.75 331.75 331.75 331.75 331.75 331.75 331.75 331.75 331.75 331.75 331.75 331.75 331.75 331.75 331.75 331.75 331.75 331.75 331.75
 327.17 327.17 327.17 327.17 327.17 327.17 327.17 327.17 327.17 327.17 327.17 327.17 327.17 327.17 327.17 327.17 327.17 327.17 327.17 327.17 327.17 327.17 327.17 327.17
 331.11 327.17 327.17 327.17 327.17 327.17 327.17 327.17 327.17 327.17 327.17 327.17 326.66 326.14 326.66 327.17 327.17 327.17 327.17 327.17 327.17 327.17 327.17 327.17
 335.04 335.04 331.11 327.17 327.17 327.17 327.17 327.17 327.17 327.17 327.17 327.17 326.40 326.14 326.40 330.07 331.52 330.07 330.21 327.41 327.53 327.41 331.11 335.04
 335.04 335.04 333.08 327.17 327.17 327.17 327.17 327.17 327.17 327.17 327.17 330.80 332.61 332.61 332.25 331.52 331.52 331.52 333.24 327.53 327.53 327.53 327.53 335.04
 335.04 335.04 334.06 327.17 327.17 327.17 327.17 327.17 327.17 329.89 332.61 332.61 332.61 332.61 332.61 331.88 331.52 333.24 333.24 333.24 327.53 327.53 327.53 335.04
 335.04 335.04 334.55 327.17 327.17 327.17 327.17 327.17 331.04 333.01 333.07 333.19 333.43 333.91 333.91 333.91 331.52 333.24 333.24 333.24 327.53 327.53 327.53 335.04
 335.04 334.13 332.31 332.31 332.31 332.31 332.31 332.63 332.94 332.94 332.94 332.94 332.94 333.43 333.67 333.79 331.52 333.24 333.24 333.24 327.53 327.53 329.12 333.68
 332.31 332.31 332.31 332.31 332.31 332.31 332.31 332.31 332.76 332.91 332.91 332.91 332.94 333.19 333.43 333.18 331.92 332.93 333.24 332.93 329.92 332.31 332.31 332.31
 332.31 332.31 332.31 332.31 332.31 332.31 332.31 332.31 332.61 332.91 332.91 332.91 332.91 332.91 332.61 332.31 332.31 332.31 332.31 332.31 332.31 332.31 332.31 332.31
 332.31 332.31 332.31 332.31 332.31 332.31 332.31 332.31 332.31 332.31 332.71 332.91 332.71 332.31 332.31 332.31 332.31 332.31 332.31 332.31 332.31 332.31 332.31 332.31
 332.31 332.31 332.31 332.31 332.31 332.31 332.31 332.31 332.31 332.31 332.31 332.31 332.31 332.31 332.31 332.31 332.31 332.31 332.31 332.31 332.31 332.31 332.31 332.31
 332.31 332.31 332.31 332.31 332.31 332.31 332.31 332.31 332.31 332.31 332.31 332.31 332.31 332.31 332.31 332.31 332.31 332.31 332.31 332.31 332.31 332.31 332.31 332.31
 325.98 325.98 325.98 325.98 325.98 325.98 325.98 325.98 325.98 325.98 325.98 325.98 325.98 325.98 325.98 325.98 325.98 325.98 325.98 325.98 325.98 325.98 325.98 325.98
 330.93 325.98 325.98 325.98 325.98 325.98 325.98 325.98 325.98 325.98 325.98 325.98 326.34 326.70 326.34 325.98 325.98 325.98 325.98 325.98 325.98 325.98 325.98 325.98
 335.88 335.88 330.93 325.98 325.98 325.98 325.98 325.98 325.98 325.98 325.98 325.98 326.52 326.70 326.52 329.47 331.21 329.47 329.01 327.73 328.60 327.73 330.93 335.88
 335.88 335.88 333.41 325.98 325.98 325.98 325.98 325.98 325.98 325.98 325.98 329.38 331.08 331.08 331.12 331.21 331.21 331.21 332.04 328.60 328.60 328.60 328.60 335.88
 335.88 335.88 334.65 325.98 325.98 325.98 325.98 325.98 325.98 328.53 331.08 331.08 331.08 331.08 331.08 331.17 331.21 332.04 332.04 332.04 328.60 328.60 328.60 335.88
 335.88 335.88 335.27 325.98 325.98 325.98 325.98 325.98 330.50 332.79 332.85 332.96 333.18 333.62 333.62 333.62 331.21 332.04 332.04 332.04 328.60 328.60 328.60 335.88
 335.88 334.83 332.73 332.73 332.73 332.73 332.73 332.73 332.74 332.74 332.74 332.74 332.74 333.18 333.40 333.51 331.21 332.04 332.04 332.04 328.60 328.60 329.98 334.31
 332.73 332.73 332.73 332.73 332.73 332.73 332.73 332.73 332.73 332.74 332.74 332.74 332.74 332.96 333.18 333.14 331.97 332.27 332.04 332.27 330.67 332.73 332.73 332.73
 332.73 332.73 332.73 332.73 332.73 332.73 332.73 332.73 332.73 332.74 332.74 332.74 332.74 332.74 332.73 332.73 332.73 332.73 332.73 332.73 332.73 332.73 332.73 332.73
 332.73 332.73 332.73 332.73 332.73 332.73 332.73 332.73 332.73 332.73 332.73 332.74 332.73 332.73 332.73 332.73 332.73 332.73 332.73 332.73 332.73 332.73 332.73 332.73
 332.73 332.73 332.73 332.73 332.73 332.73 332.73 332.73 332.73 332.73 332.73 332.73 332.73 332.73 332.73 332.73 332.73 332.73 332.73 332.73 332.73 332.73 332.73 332.73
 332.73 332.73 332.73 332.73 332.73 332.73 332.73 332.73 332.73 332.73 332.73 332.73 332.73 332.73 332.73 332.73 332.73 332.73 332.73 332.73 332.73 332.73 332.73 332.73
 330.81 330.81 330.81 330.81 330.81 330.81 330.81 330.81 330.81 330.81 330.81 330.81 330.81 330.81 330.81 330.81 330.81 330.81 330.81 330.81 330.81 330.81 330.81 330.81
 339.00 330.81 330.81 330.81 330.81 330.81 330.81 330.81 330.81 330.81 330.81 330.81 330.93 331.04 330.93 330.81 330.81 330.81 330.81 330.81 330.81 330.81 330.81 330.81
 347.20 347.20 339.00 330.81 330.81 330.81 330.81 330.81 330.81 330.81 330.81 330.81 330.99 331.04 330.99 332.57 333.45 332.57 331.98 333.09 334.23 333.09 339.00 347.20
 347.20 347.20 343.10 330.81 330.81 330.81 330.81 330.81 330.81 330.81 330.81 330.93 330.99 330.99 331.81 333.45 333.45 333.45 333.15 334.23 334.23 334.23 334.23 347.20
 347.20 347.20 345.15 330.81 330.81 330.81 330.81 330.81 330.81 331.56 330.99 330.99 330.99 330.99 330.99 332.63 333.45 333.15 333.15 333.15 334.23 334.23 334.23 347.20
 347.20 347.20 346.17 330.81 330.81 330.81 330.81 332.20 332.90 332.90 332.97 333.00 333.06 333.18 333.18 333.18 333.45 333.15 333.15 333.15 334.23 334.23 334.23 347.20
 347.20 342.41 332.84 332.84 332.84 332.84 332.89 332.90 332.90 332.90 332.94 332.94 332.94 333.06 333.12 333.15 333.45 333.15 333.15 333.15 334.23 334.23 333.77 340.02
 332.84 332.84 332.84 332.84 332.84 332.84 332.89 332.90 332.90 332.90 332.81 332.72 332.94 333.00 333.06 333.02 333.15 333.05 333.15 333.05 333.54 332.84 332.84 332.84
 332.84 332.84 332.84 332.84 332.84 332.84 332.87 332.90 332.90 332.90 332.81 332.72 332.72 332.72 332.78 332.84 332.84 332.84 332.84 332.84 332.84 332.84 332.84 332.84
 332.84 332.84 332.84 332.84 332.84 332.84 332.84 332.84 332.88 332.90 332.82 332.72 332.76 332.84 332.84 332.84 332.84 332.84 332.84 332.84 332.84 332.84 332.84 332.84
 332.84 332.84 332.84 332.84 332.84 332.84 332.84 332.84 332.84 332.84 332.84 332.84 332.84 332.84 332.84 332.84 332.84 332.84 332.84 332.84 332.84 332.84 332.84 332.84
 332.84 332.84 332.84 332.84 332.84 332.84 332.84 332.84 332.84 332.84 332.84 332.84 332.84 332.84 332.84 332.84 332.84 332.84 332.84 332.84 332.84 332.84 332.84 332.84
 334.26 334.26 334.26 334.26 334.26 334.26 334.26 334.26 334.26 334.26 334.26 334.26 334.26 334.26 334.26 334.26 334.26 334.26 334.26 334.26 334.26 334.26 334.26 334.26
 337.46 334.26 334.26 334.26 334.26 334.26 334.26 334.26 334.26 334.26 334.26 334.26 334.42 334.59 334.42 334.26 334.26 334.26 334.26 334.26 334.26 334.26 334.26 334.26
 340.66 340.66 337.46 334.26 334.26 334.26 334.26 334.26 334.26 334.26 334.26 334.26 334.51 334.59 334.51 334.71 334.93 334.71 334.65 335.41 335.99 335.41 337.46 340.66
 340.66 340.66 339.06 334.26 334.26 334.26 334.26 334.26 334.26 334.26 334.26 332.96 332.32 332.32 333.19 334.93 334.93 334.93 335.04 335.99 335.99 335.99 335.99 340.66
 340.66 340.66 339.86 334.26 334.26 334.26 334.26 334.26 334.26 333.16 332.32 332.32 332.32 332.32 332.32 334.06 334.93 335.04 335.04 335.04 335.99 335.99 335.99 340.66
 340.66 340.66 340.26 334.26 334.26 334.26 334.26 333.35 332.90 332.90 333.03 333.09 333.22 333.46 333.46 333.46 334.93 335.04 335.04 335.04 335.99 335.99 335.99 340.66
 340.66 338.04 332.79 332.79 332.79 332.79 332.89 332.90 332.90 332.90 332.97 332.97 332.97 333.22 333.34 333.40 334.93 335.04 335.04 335.04 335.99 335.99 334.92 336.73
 332.79 332.79 332.79 332.79 332.79 332.79 332.87 332.90 332.90 332.90 333.01 333.12 332.97 333.09 333.22 333.13 333.86 334.29 335.04 334.29 334.39 332.79 332.79 332.79
 332.79 332.79 332.79 332.79 332.79 332.79 332.85 332.90 332.90 332.90 333.01 333.12 333.12 333.12 332.96 332.79 332.79 332.79 332.79 332.79 332.79 332.79 332.79 332.79
 332.79 332.79 332.79 332.79 332.79 332.79 332.79 332.79 332.86 332.90 332.95 333.12 333.01 332.79 332.79 332.79 332.79 332.79 332.79 332.79 332.79 332.79 332.79 332.79
 332.79 332.79 332.79 332.79 332.79 332.79 332.79 332.79 332.79 332.79 332.79 332.79 332.79 332.79 332.79 332.79 332.79 332.79 332.79 332.79 332.79 332.79 332.79 332.79
 332.79 332.79 332.79 332.79 332.79 332.79 332.79 332.79 332.79 332.79 332.79 332.79 332.79 332.79 332.79 332.79 332.79 332.79 332.79 332.79 332.79 332.79 332.79 332.79
 338.84 338.84 338.84 338.84 338.84 338.84 338.84 338.84 338.84 338.84 338.84 338.84 338.84 338.84 338.84 338.84 338.84 338.84 338.84 338.84 338.84 338.84 338.84 338.84
 343.40 338.84 338.84 338.84 338.84 338.84 338.84 338.84 338.84 338.84 338.84 338.84 338.67 338.50 338.67 338.84 338.84 338.84 338.84 338.84 338.84 338.84 338.84 338.84
 347.95 347.95 343.40 338.84 338.84 338.84 338.84 338.84 338.84 338.84 338.84 338.84 338.59 338.50 338.59 337.27 336.49 337.27 337.67 337.63 337.03 337.63 343.40 347.95
 347.95 347.95 345.67 338.84 338.84 338.84 338.84 338.84 338.84 338.84 338.84 335.50 333.84 333.84 334.72 336.49 336.49 336.49 336.51 337.03 337.03 337.03 337.03 347.95
 347.95 347.95 346.81 338.84 338.84 338.84 338.84 338.84 338.84 334.99 333.84 333.84 333.84 333.84 333.84 335.61 336.49 336.51 336.51 336.51 337.03 337.03 337.03 347.95
 347.95 347.95 347.38 338.84 338.84 338.84 338.84 334.48 332.30 332.30 333.73 333.75 333.80 333.89 333.89 333.89 336.49 336.51 336.51 336.51 337.03 337.03 337.03 347.95
 347.95 342.84 332.62 332.62 332.62 332.62 332.34 332.30 332.30 332.30 333.71 333.71 333.71 333.80 333.84 333.87 336.49 336.51 336.51 336.51 337.03 337.03 335.56 340.29
 332.62 332.62 332.62 332.62 332.62 332.62 332.38 332.30 332.30 332.30 332.46 332.61 333.71 333.75 333.80 333.43 334.56 335.21 336.51 335.21 334.82 332.62 332.62 332.62
 332.62 332.62 332.62 332.62 332.62 332.62 332.46 332.30 332.30 332.30 332.46 332.61 332.61 332.61 332.62 332.62 332.62 332.62 332.62 332.62 332.62 332.62 332.62 332.62
 332.62 332.62 332.62 332.62 332.62 332.62 332.62 332.62 332.41 332.30 332.50 332.61 332.61 332.62 332.62 332.62 332.62 332.62 332.62 332.62 332.62 332.62 332.62 332.62
 332.62 332.62 332.62 332.62 332.62 332.62 332.62 332.62 332.62 332.62 332.62 332.62 332.62 332.62 332.62 332.62 332.62 332.62 332.62 332.62 332.62 332.62 332.62 332.62
 332.62 332.62 332.62 332.62 332.62 332.62 332.62 332.62 332.62 332.62 332.62 332.62 332.62 332.62 332.62 332.62 332.62 332.62 332.62 332.62 332.62 332.62 332.62 332.62
