1966 MONTHLY CO2 (PPMV)   24  12  LON/LAT (N-S/0-360E) IN 15 DEGREE RESOLUTION,  GLB ANNUAL MEAN = 321.04,  GROWTH RATE = 1.55,  MISS DATA = -99.99
 320.51 320.51 320.51 320.51 320.51 320.51 320.51 320.51 320.51 320.51 320.51 320.51 320.51 320.51 320.51 320.51 320.51 320.51 320.51 320.51 320.51 320.51 320.51 320.51
 320.34 320.34 320.34 320.34 320.34 320.34 320.60 320.62 320.62 320.62 320.62 320.62 320.62 320.62 320.62 320.62 320.62 320.62 320.62 320.62 320.60 320.34 320.34 320.34
 320.34 320.34 320.34 320.34 320.34 320.34 320.59 320.62 320.62 320.62 320.62 320.62 320.62 320.62 320.62 320.62 320.62 320.62 320.62 320.62 320.59 320.34 320.34 320.34
 320.34 320.34 320.34 320.34 320.34 320.34 320.55 320.62 320.62 320.62 320.62 320.62 320.62 320.62 320.62 320.62 320.62 320.62 320.62 320.62 320.55 320.34 320.34 320.34
 320.34 320.34 320.34 320.34 320.34 320.34 320.48 320.62 320.62 320.62 320.62 320.62 320.62 320.62 320.62 320.62 320.62 320.62 320.62 320.62 320.48 320.34 320.34 320.34
 320.34 320.34 320.34 320.34 320.34 320.34 320.34 320.34 320.53 320.62 320.62 320.62 320.62 320.62 320.62 320.62 320.62 320.62 320.53 320.34 320.34 320.34 320.34 320.34
 320.34 320.34 320.34 320.34 320.34 320.34 320.34 320.34 320.34 320.34 320.53 320.62 320.62 320.62 320.62 320.62 320.53 320.34 320.34 320.34 320.34 320.34 320.34 320.34
 320.34 320.34 320.34 320.34 320.34 320.34 320.34 320.34 320.34 320.34 320.34 320.34 320.53 320.62 320.53 320.34 320.34 320.34 320.34 320.34 320.34 320.34 320.34 320.34
 320.34 320.34 320.34 320.34 320.34 320.34 320.34 320.34 320.34 320.34 320.34 320.34 320.34 320.34 320.34 320.34 320.34 320.34 320.34 320.34 320.34 320.34 320.34 320.34
 320.34 320.34 320.34 320.34 320.34 320.34 320.34 320.34 320.34 320.34 320.34 320.34 320.34 320.34 320.34 320.34 320.34 320.34 320.34 320.34 320.34 320.34 320.34 320.34
 320.34 320.34 320.34 320.34 320.34 320.34 320.34 320.34 320.34 320.34 320.34 320.34 320.34 320.34 320.34 320.34 320.34 320.34 320.34 320.34 320.34 320.34 320.34 320.34
 320.34 320.34 320.34 320.34 320.34 320.34 320.34 320.34 320.34 320.34 320.34 320.34 320.34 320.34 320.34 320.34 320.34 320.34 320.34 320.34 320.34 320.34 320.34 320.34
 320.99 320.99 320.99 320.99 320.99 320.99 320.99 320.99 320.99 320.99 320.99 320.99 320.99 320.99 320.99 320.99 320.99 320.99 320.99 320.99 320.99 320.99 320.99 320.99
 319.99 319.99 319.99 319.99 319.99 319.99 321.49 321.59 321.59 321.59 321.59 321.59 321.59 321.59 321.59 321.59 321.59 321.59 321.59 321.59 321.49 319.99 319.99 319.99
 319.99 319.99 319.99 319.99 319.99 319.99 321.39 321.59 321.59 321.59 321.59 321.59 321.59 321.59 321.59 321.59 321.59 321.59 321.59 321.59 321.39 319.99 319.99 319.99
 319.99 319.99 319.99 319.99 319.99 319.99 321.19 321.59 321.59 321.59 321.59 321.59 321.59 321.59 321.59 321.59 321.59 321.59 321.59 321.59 321.19 319.99 319.99 319.99
 319.99 319.99 319.99 319.99 319.99 319.99 320.79 321.59 321.59 321.59 321.59 321.59 321.59 321.59 321.59 321.59 321.59 321.59 321.59 321.59 320.79 319.99 319.99 319.99
 319.99 319.99 319.99 319.99 319.99 319.99 319.99 319.99 321.06 321.59 321.59 321.59 321.59 321.59 321.59 321.59 321.59 321.59 321.06 319.99 319.99 319.99 319.99 319.99
 319.99 319.99 319.99 319.99 319.99 319.99 319.99 319.99 319.99 319.99 321.06 321.59 321.59 321.59 321.59 321.59 321.06 319.99 319.99 319.99 319.99 319.99 319.99 319.99
 319.99 319.99 319.99 319.99 319.99 319.99 319.99 319.99 319.99 319.99 319.99 319.99 321.06 321.59 321.06 319.99 319.99 319.99 319.99 319.99 319.99 319.99 319.99 319.99
 319.99 319.99 319.99 319.99 319.99 319.99 319.99 319.99 319.99 319.99 319.99 319.99 319.99 319.99 319.99 319.99 319.99 319.99 319.99 319.99 319.99 319.99 319.99 319.99
 319.99 319.99 319.99 319.99 319.99 319.99 319.99 319.99 319.99 319.99 319.99 319.99 319.99 319.99 319.99 319.99 319.99 319.99 319.99 319.99 319.99 319.99 319.99 319.99
 319.99 319.99 319.99 319.99 319.99 319.99 319.99 319.99 319.99 319.99 319.99 319.99 319.99 319.99 319.99 319.99 319.99 319.99 319.99 319.99 319.99 319.99 319.99 319.99
 319.99 319.99 319.99 319.99 319.99 319.99 319.99 319.99 319.99 319.99 319.99 319.99 319.99 319.99 319.99 319.99 319.99 319.99 319.99 319.99 319.99 319.99 319.99 319.99
 321.51 321.51 321.51 321.51 321.51 321.51 321.51 321.51 321.51 321.51 321.51 321.51 321.51 321.51 321.51 321.51 321.51 321.51 321.51 321.51 321.51 321.51 321.51 321.51
 320.05 320.05 320.05 320.05 320.05 320.05 322.24 322.39 322.39 322.39 322.39 322.39 322.39 322.39 322.39 322.39 322.39 322.39 322.39 322.39 322.24 320.05 320.05 320.05
 320.05 320.05 320.05 320.05 320.05 320.05 322.10 322.39 322.39 322.39 322.39 322.39 322.39 322.39 322.39 322.39 322.39 322.39 322.39 322.39 322.10 320.05 320.05 320.05
 320.05 320.05 320.05 320.05 320.05 320.05 321.81 322.39 322.39 322.39 322.39 322.39 322.39 322.39 322.39 322.39 322.39 322.39 322.39 322.39 321.81 320.05 320.05 320.05
 320.05 320.05 320.05 320.05 320.05 320.05 321.22 322.39 322.39 322.39 322.39 322.39 322.39 322.39 322.39 322.39 322.39 322.39 322.39 322.39 321.22 320.05 320.05 320.05
 320.05 320.05 320.05 320.05 320.05 320.05 320.05 320.05 321.61 322.39 322.39 322.39 322.39 322.39 322.39 322.39 322.39 322.39 321.61 320.05 320.05 320.05 320.05 320.05
 320.05 320.05 320.05 320.05 320.05 320.05 320.05 320.05 320.05 320.05 321.61 322.39 322.39 322.39 322.39 322.39 321.61 320.05 320.05 320.05 320.05 320.05 320.05 320.05
 320.05 320.05 320.05 320.05 320.05 320.05 320.05 320.05 320.05 320.05 320.05 320.05 321.61 322.39 321.61 320.05 320.05 320.05 320.05 320.05 320.05 320.05 320.05 320.05
 320.05 320.05 320.05 320.05 320.05 320.05 320.05 320.05 320.05 320.05 320.05 320.05 320.05 320.05 320.05 320.05 320.05 320.05 320.05 320.05 320.05 320.05 320.05 320.05
 320.05 320.05 320.05 320.05 320.05 320.05 320.05 320.05 320.05 320.05 320.05 320.05 320.05 320.05 320.05 320.05 320.05 320.05 320.05 320.05 320.05 320.05 320.05 320.05
 320.05 320.05 320.05 320.05 320.05 320.05 320.05 320.05 320.05 320.05 320.05 320.05 320.05 320.05 320.05 320.05 320.05 320.05 320.05 320.05 320.05 320.05 320.05 320.05
 320.05 320.05 320.05 320.05 320.05 320.05 320.05 320.05 320.05 320.05 320.05 320.05 320.05 320.05 320.05 320.05 320.05 320.05 320.05 320.05 320.05 320.05 320.05 320.05
 322.42 322.42 322.42 322.42 322.42 322.42 322.42 322.42 322.42 322.42 322.42 322.42 322.42 322.42 322.42 322.42 322.42 322.42 322.42 322.42 322.42 322.42 322.42 322.42
 320.31 320.31 320.31 320.31 320.31 320.31 323.49 323.70 323.70 323.70 323.70 323.70 323.70 323.70 323.70 323.70 323.70 323.70 323.70 323.70 323.49 320.31 320.31 320.31
 320.31 320.31 320.31 320.31 320.31 320.31 323.28 323.70 323.70 323.70 323.70 323.70 323.70 323.70 323.70 323.70 323.70 323.70 323.70 323.70 323.28 320.31 320.31 320.31
 320.31 320.31 320.31 320.31 320.31 320.31 322.85 323.70 323.70 323.70 323.70 323.70 323.70 323.70 323.70 323.70 323.70 323.70 323.70 323.70 322.85 320.31 320.31 320.31
 320.31 320.31 320.31 320.31 320.31 320.31 322.00 323.70 323.70 323.70 323.70 323.70 323.70 323.70 323.70 323.70 323.70 323.70 323.70 323.70 322.00 320.31 320.31 320.31
 320.31 320.31 320.31 320.31 320.31 320.31 320.31 320.31 322.57 323.70 323.70 323.70 323.70 323.70 323.70 323.70 323.70 323.70 322.57 320.31 320.31 320.31 320.31 320.31
 320.31 320.31 320.31 320.31 320.31 320.31 320.31 320.31 320.31 320.31 322.57 323.70 323.70 323.70 323.70 323.70 322.57 320.31 320.31 320.31 320.31 320.31 320.31 320.31
 320.31 320.31 320.31 320.31 320.31 320.31 320.31 320.31 320.31 320.31 320.31 320.31 322.57 323.70 322.57 320.31 320.31 320.31 320.31 320.31 320.31 320.31 320.31 320.31
 320.31 320.31 320.31 320.31 320.31 320.31 320.31 320.31 320.31 320.31 320.31 320.31 320.31 320.31 320.31 320.31 320.31 320.31 320.31 320.31 320.31 320.31 320.31 320.31
 320.31 320.31 320.31 320.31 320.31 320.31 320.31 320.31 320.31 320.31 320.31 320.31 320.31 320.31 320.31 320.31 320.31 320.31 320.31 320.31 320.31 320.31 320.31 320.31
 320.31 320.31 320.31 320.31 320.31 320.31 320.31 320.31 320.31 320.31 320.31 320.31 320.31 320.31 320.31 320.31 320.31 320.31 320.31 320.31 320.31 320.31 320.31 320.31
 320.31 320.31 320.31 320.31 320.31 320.31 320.31 320.31 320.31 320.31 320.31 320.31 320.31 320.31 320.31 320.31 320.31 320.31 320.31 320.31 320.31 320.31 320.31 320.31
 322.70 322.70 322.70 322.70 322.70 322.70 322.70 322.70 322.70 322.70 322.70 322.70 322.70 322.70 322.70 322.70 322.70 322.70 322.70 322.70 322.70 322.70 322.70 322.70
 320.44 320.44 320.44 320.44 320.44 320.44 323.84 324.07 324.07 324.07 324.07 324.07 324.07 324.07 324.07 324.07 324.07 324.07 324.07 324.07 323.84 320.44 320.44 320.44
 320.44 320.44 320.44 320.44 320.44 320.44 323.62 324.07 324.07 324.07 324.07 324.07 324.07 324.07 324.07 324.07 324.07 324.07 324.07 324.07 323.62 320.44 320.44 320.44
 320.44 320.44 320.44 320.44 320.44 320.44 323.16 324.07 324.07 324.07 324.07 324.07 324.07 324.07 324.07 324.07 324.07 324.07 324.07 324.07 323.16 320.44 320.44 320.44
 320.44 320.44 320.44 320.44 320.44 320.44 322.25 324.07 324.07 324.07 324.07 324.07 324.07 324.07 324.07 324.07 324.07 324.07 324.07 324.07 322.25 320.44 320.44 320.44
 320.44 320.44 320.44 320.44 320.44 320.44 320.44 320.44 322.86 324.07 324.07 324.07 324.07 324.07 324.07 324.07 324.07 324.07 322.86 320.44 320.44 320.44 320.44 320.44
 320.44 320.44 320.44 320.44 320.44 320.44 320.44 320.44 320.44 320.44 322.86 324.07 324.07 324.07 324.07 324.07 322.86 320.44 320.44 320.44 320.44 320.44 320.44 320.44
 320.44 320.44 320.44 320.44 320.44 320.44 320.44 320.44 320.44 320.44 320.44 320.44 322.86 324.07 322.86 320.44 320.44 320.44 320.44 320.44 320.44 320.44 320.44 320.44
 320.44 320.44 320.44 320.44 320.44 320.44 320.44 320.44 320.44 320.44 320.44 320.44 320.44 320.44 320.44 320.44 320.44 320.44 320.44 320.44 320.44 320.44 320.44 320.44
 320.44 320.44 320.44 320.44 320.44 320.44 320.44 320.44 320.44 320.44 320.44 320.44 320.44 320.44 320.44 320.44 320.44 320.44 320.44 320.44 320.44 320.44 320.44 320.44
 320.44 320.44 320.44 320.44 320.44 320.44 320.44 320.44 320.44 320.44 320.44 320.44 320.44 320.44 320.44 320.44 320.44 320.44 320.44 320.44 320.44 320.44 320.44 320.44
 320.44 320.44 320.44 320.44 320.44 320.44 320.44 320.44 320.44 320.44 320.44 320.44 320.44 320.44 320.44 320.44 320.44 320.44 320.44 320.44 320.44 320.44 320.44 320.44
 322.51 322.51 322.51 322.51 322.51 322.51 322.51 322.51 322.51 322.51 322.51 322.51 322.51 322.51 322.51 322.51 322.51 322.51 322.51 322.51 322.51 322.51 322.51 322.51
 320.46 320.46 320.46 320.46 320.46 320.46 323.54 323.75 323.75 323.75 323.75 323.75 323.75 323.75 323.75 323.75 323.75 323.75 323.75 323.75 323.54 320.46 320.46 320.46
 320.46 320.46 320.46 320.46 320.46 320.46 323.34 323.75 323.75 323.75 323.75 323.75 323.75 323.75 323.75 323.75 323.75 323.75 323.75 323.75 323.34 320.46 320.46 320.46
 320.46 320.46 320.46 320.46 320.46 320.46 322.93 323.75 323.75 323.75 323.75 323.75 323.75 323.75 323.75 323.75 323.75 323.75 323.75 323.75 322.93 320.46 320.46 320.46
 320.46 320.46 320.46 320.46 320.46 320.46 322.11 323.75 323.75 323.75 323.75 323.75 323.75 323.75 323.75 323.75 323.75 323.75 323.75 323.75 322.11 320.46 320.46 320.46
 320.46 320.46 320.46 320.46 320.46 320.46 320.46 320.46 322.65 323.75 323.75 323.75 323.75 323.75 323.75 323.75 323.75 323.75 322.65 320.46 320.46 320.46 320.46 320.46
 320.46 320.46 320.46 320.46 320.46 320.46 320.46 320.46 320.46 320.46 322.65 323.75 323.75 323.75 323.75 323.75 322.65 320.46 320.46 320.46 320.46 320.46 320.46 320.46
 320.46 320.46 320.46 320.46 320.46 320.46 320.46 320.46 320.46 320.46 320.46 320.46 322.65 323.75 322.65 320.46 320.46 320.46 320.46 320.46 320.46 320.46 320.46 320.46
 320.46 320.46 320.46 320.46 320.46 320.46 320.46 320.46 320.46 320.46 320.46 320.46 320.46 320.46 320.46 320.46 320.46 320.46 320.46 320.46 320.46 320.46 320.46 320.46
 320.46 320.46 320.46 320.46 320.46 320.46 320.46 320.46 320.46 320.46 320.46 320.46 320.46 320.46 320.46 320.46 320.46 320.46 320.46 320.46 320.46 320.46 320.46 320.46
 320.46 320.46 320.46 320.46 320.46 320.46 320.46 320.46 320.46 320.46 320.46 320.46 320.46 320.46 320.46 320.46 320.46 320.46 320.46 320.46 320.46 320.46 320.46 320.46
 320.46 320.46 320.46 320.46 320.46 320.46 320.46 320.46 320.46 320.46 320.46 320.46 320.46 320.46 320.46 320.46 320.46 320.46 320.46 320.46 320.46 320.46 320.46 320.46
 322.40 322.40 322.40 322.40 322.40 322.40 322.40 322.40 322.40 322.40 322.40 322.40 322.40 322.40 322.40 322.40 322.40 322.40 322.40 322.40 322.40 322.40 322.40 322.40
 322.40 322.40 322.40 322.40 322.40 322.40 322.40 322.40 322.40 322.40 322.40 322.40 322.40 322.40 322.40 322.40 322.40 322.40 322.40 322.40 322.40 322.40 322.40 322.40
 322.40 322.40 322.40 322.40 322.40 322.40 322.40 322.40 322.40 322.40 322.40 322.40 322.40 322.40 322.40 322.40 322.40 322.40 322.40 322.40 322.40 322.40 322.40 322.40
 322.40 322.40 322.40 322.40 322.40 322.40 322.40 322.40 322.40 322.40 322.40 322.40 322.40 322.40 322.40 322.40 322.40 322.40 322.40 322.40 322.40 322.40 322.40 322.40
 322.40 322.40 322.40 322.40 322.40 322.40 322.40 322.40 322.40 322.40 322.40 322.40 322.40 322.40 322.40 322.40 322.40 322.40 322.40 322.40 322.40 322.40 322.40 322.40
 322.40 322.40 322.40 322.40 322.40 322.40 322.40 322.40 322.40 322.40 322.40 322.40 322.40 322.40 322.40 322.40 322.40 322.40 322.40 322.40 322.40 322.40 322.40 322.40
 322.40 322.40 322.40 322.40 322.40 322.40 322.40 322.40 322.40 322.40 322.40 322.40 322.40 322.40 322.40 322.40 322.40 322.40 322.40 322.40 322.40 322.40 322.40 322.40
 322.40 322.40 322.40 322.40 322.40 322.40 322.40 322.40 322.40 322.40 322.40 322.40 322.40 322.40 322.40 322.40 322.40 322.40 322.40 322.40 322.40 322.40 322.40 322.40
 322.40 322.40 322.40 322.40 322.40 322.40 322.40 322.40 322.40 322.40 322.40 322.40 322.40 322.40 322.40 322.40 322.40 322.40 322.40 322.40 322.40 322.40 322.40 322.40
 322.40 322.40 322.40 322.40 322.40 322.40 322.40 322.40 322.40 322.40 322.40 322.40 322.40 322.40 322.40 322.40 322.40 322.40 322.40 322.40 322.40 322.40 322.40 322.40
 322.40 322.40 322.40 322.40 322.40 322.40 322.40 322.40 322.40 322.40 322.40 322.40 322.40 322.40 322.40 322.40 322.40 322.40 322.40 322.40 322.40 322.40 322.40 322.40
 322.40 322.40 322.40 322.40 322.40 322.40 322.40 322.40 322.40 322.40 322.40 322.40 322.40 322.40 322.40 322.40 322.40 322.40 322.40 322.40 322.40 322.40 322.40 322.40
 320.64 320.64 320.64 320.64 320.64 320.64 320.64 320.64 320.64 320.64 320.64 320.64 320.64 320.64 320.64 320.64 320.64 320.64 320.64 320.64 320.64 320.64 320.64 320.64
 321.08 321.08 321.08 321.08 321.08 321.08 320.41 320.37 320.37 320.37 320.37 320.37 320.37 320.37 320.37 320.37 320.37 320.37 320.37 320.37 320.41 321.08 321.08 321.08
 321.08 321.08 321.08 321.08 321.08 321.08 320.46 320.37 320.37 320.37 320.37 320.37 320.37 320.37 320.37 320.37 320.37 320.37 320.37 320.37 320.46 321.08 321.08 321.08
 321.08 321.08 321.08 321.08 321.08 321.08 320.55 320.37 320.37 320.37 320.37 320.37 320.37 320.37 320.37 320.37 320.37 320.37 320.37 320.37 320.55 321.08 321.08 321.08
 321.08 321.08 321.08 321.08 321.08 321.08 320.73 320.37 320.37 320.37 320.37 320.37 320.37 320.37 320.37 320.37 320.37 320.37 320.37 320.37 320.73 321.08 321.08 321.08
 321.08 321.08 321.08 321.08 321.08 321.08 321.08 321.08 320.61 320.37 320.37 320.37 320.37 320.37 320.37 320.37 320.37 320.37 320.61 321.08 321.08 321.08 321.08 321.08
 321.08 321.08 321.08 321.08 321.08 321.08 321.08 321.08 321.08 321.08 320.61 320.37 320.37 320.37 320.37 320.37 320.61 321.08 321.08 321.08 321.08 321.08 321.08 321.08
 321.08 321.08 321.08 321.08 321.08 321.08 321.08 321.08 321.08 321.08 321.08 321.08 320.61 320.37 320.61 321.08 321.08 321.08 321.08 321.08 321.08 321.08 321.08 321.08
 321.08 321.08 321.08 321.08 321.08 321.08 321.08 321.08 321.08 321.08 321.08 321.08 321.08 321.08 321.08 321.08 321.08 321.08 321.08 321.08 321.08 321.08 321.08 321.08
 321.08 321.08 321.08 321.08 321.08 321.08 321.08 321.08 321.08 321.08 321.08 321.08 321.08 321.08 321.08 321.08 321.08 321.08 321.08 321.08 321.08 321.08 321.08 321.08
 321.08 321.08 321.08 321.08 321.08 321.08 321.08 321.08 321.08 321.08 321.08 321.08 321.08 321.08 321.08 321.08 321.08 321.08 321.08 321.08 321.08 321.08 321.08 321.08
 321.08 321.08 321.08 321.08 321.08 321.08 321.08 321.08 321.08 321.08 321.08 321.08 321.08 321.08 321.08 321.08 321.08 321.08 321.08 321.08 321.08 321.08 321.08 321.08
 319.66 319.66 319.66 319.66 319.66 319.66 319.66 319.66 319.66 319.66 319.66 319.66 319.66 319.66 319.66 319.66 319.66 319.66 319.66 319.66 319.66 319.66 319.66 319.66
 321.35 321.35 321.35 321.35 321.35 321.35 318.81 318.64 318.64 318.64 318.64 318.64 318.64 318.64 318.64 318.64 318.64 318.64 318.64 318.64 318.81 321.35 321.35 321.35
 321.35 321.35 321.35 321.35 321.35 321.35 318.98 318.64 318.64 318.64 318.64 318.64 318.64 318.64 318.64 318.64 318.64 318.64 318.64 318.64 318.98 321.35 321.35 321.35
 321.35 321.35 321.35 321.35 321.35 321.35 319.32 318.64 318.64 318.64 318.64 318.64 318.64 318.64 318.64 318.64 318.64 318.64 318.64 318.64 319.32 321.35 321.35 321.35
 321.35 321.35 321.35 321.35 321.35 321.35 320.00 318.64 318.64 318.64 318.64 318.64 318.64 318.64 318.64 318.64 318.64 318.64 318.64 318.64 320.00 321.35 321.35 321.35
 321.35 321.35 321.35 321.35 321.35 321.35 321.35 321.35 319.54 318.64 318.64 318.64 318.64 318.64 318.64 318.64 318.64 318.64 319.54 321.35 321.35 321.35 321.35 321.35
 321.35 321.35 321.35 321.35 321.35 321.35 321.35 321.35 321.35 321.35 319.54 318.64 318.64 318.64 318.64 318.64 319.54 321.35 321.35 321.35 321.35 321.35 321.35 321.35
 321.35 321.35 321.35 321.35 321.35 321.35 321.35 321.35 321.35 321.35 321.35 321.35 319.54 318.64 319.54 321.35 321.35 321.35 321.35 321.35 321.35 321.35 321.35 321.35
 321.35 321.35 321.35 321.35 321.35 321.35 321.35 321.35 321.35 321.35 321.35 321.35 321.35 321.35 321.35 321.35 321.35 321.35 321.35 321.35 321.35 321.35 321.35 321.35
 321.35 321.35 321.35 321.35 321.35 321.35 321.35 321.35 321.35 321.35 321.35 321.35 321.35 321.35 321.35 321.35 321.35 321.35 321.35 321.35 321.35 321.35 321.35 321.35
 321.35 321.35 321.35 321.35 321.35 321.35 321.35 321.35 321.35 321.35 321.35 321.35 321.35 321.35 321.35 321.35 321.35 321.35 321.35 321.35 321.35 321.35 321.35 321.35
 321.35 321.35 321.35 321.35 321.35 321.35 321.35 321.35 321.35 321.35 321.35 321.35 321.35 321.35 321.35 321.35 321.35 321.35 321.35 321.35 321.35 321.35 321.35 321.35
 319.37 319.37 319.37 319.37 319.37 319.37 319.37 319.37 319.37 319.37 319.37 319.37 319.37 319.37 319.37 319.37 319.37 319.37 319.37 319.37 319.37 319.37 319.37 319.37
 321.46 321.46 321.46 321.46 321.46 321.46 318.31 318.10 318.10 318.10 318.10 318.10 318.10 318.10 318.10 318.10 318.10 318.10 318.10 318.10 318.31 321.46 321.46 321.46
 321.46 321.46 321.46 321.46 321.46 321.46 318.52 318.10 318.10 318.10 318.10 318.10 318.10 318.10 318.10 318.10 318.10 318.10 318.10 318.10 318.52 321.46 321.46 321.46
 321.46 321.46 321.46 321.46 321.46 321.46 318.94 318.10 318.10 318.10 318.10 318.10 318.10 318.10 318.10 318.10 318.10 318.10 318.10 318.10 318.94 321.46 321.46 321.46
 321.46 321.46 321.46 321.46 321.46 321.46 319.78 318.10 318.10 318.10 318.10 318.10 318.10 318.10 318.10 318.10 318.10 318.10 318.10 318.10 319.78 321.46 321.46 321.46
 321.46 321.46 321.46 321.46 321.46 321.46 321.46 321.46 319.22 318.10 318.10 318.10 318.10 318.10 318.10 318.10 318.10 318.10 319.22 321.46 321.46 321.46 321.46 321.46
 321.46 321.46 321.46 321.46 321.46 321.46 321.46 321.46 321.46 321.46 319.22 318.10 318.10 318.10 318.10 318.10 319.22 321.46 321.46 321.46 321.46 321.46 321.46 321.46
 321.46 321.46 321.46 321.46 321.46 321.46 321.46 321.46 321.46 321.46 321.46 321.46 319.22 318.10 319.22 321.46 321.46 321.46 321.46 321.46 321.46 321.46 321.46 321.46
 321.46 321.46 321.46 321.46 321.46 321.46 321.46 321.46 321.46 321.46 321.46 321.46 321.46 321.46 321.46 321.46 321.46 321.46 321.46 321.46 321.46 321.46 321.46 321.46
 321.46 321.46 321.46 321.46 321.46 321.46 321.46 321.46 321.46 321.46 321.46 321.46 321.46 321.46 321.46 321.46 321.46 321.46 321.46 321.46 321.46 321.46 321.46 321.46
 321.46 321.46 321.46 321.46 321.46 321.46 321.46 321.46 321.46 321.46 321.46 321.46 321.46 321.46 321.46 321.46 321.46 321.46 321.46 321.46 321.46 321.46 321.46 321.46
 321.46 321.46 321.46 321.46 321.46 321.46 321.46 321.46 321.46 321.46 321.46 321.46 321.46 321.46 321.46 321.46 321.46 321.46 321.46 321.46 321.46 321.46 321.46 321.46
 320.46 320.46 320.46 320.46 320.46 320.46 320.46 320.46 320.46 320.46 320.46 320.46 320.46 320.46 320.46 320.46 320.46 320.46 320.46 320.46 320.46 320.46 320.46 320.46
 321.56 321.56 321.56 321.56 321.56 321.56 319.90 319.79 319.79 319.79 319.79 319.79 319.79 319.79 319.79 319.79 319.79 319.79 319.79 319.79 319.90 321.56 321.56 321.56
 321.56 321.56 321.56 321.56 321.56 321.56 320.01 319.79 319.79 319.79 319.79 319.79 319.79 319.79 319.79 319.79 319.79 319.79 319.79 319.79 320.01 321.56 321.56 321.56
 321.56 321.56 321.56 321.56 321.56 321.56 320.23 319.79 319.79 319.79 319.79 319.79 319.79 319.79 319.79 319.79 319.79 319.79 319.79 319.79 320.23 321.56 321.56 321.56
 321.56 321.56 321.56 321.56 321.56 321.56 320.68 319.79 319.79 319.79 319.79 319.79 319.79 319.79 319.79 319.79 319.79 319.79 319.79 319.79 320.68 321.56 321.56 321.56
 321.56 321.56 321.56 321.56 321.56 321.56 321.56 321.56 320.38 319.79 319.79 319.79 319.79 319.79 319.79 319.79 319.79 319.79 320.38 321.56 321.56 321.56 321.56 321.56
 321.56 321.56 321.56 321.56 321.56 321.56 321.56 321.56 321.56 321.56 320.38 319.79 319.79 319.79 319.79 319.79 320.38 321.56 321.56 321.56 321.56 321.56 321.56 321.56
 321.56 321.56 321.56 321.56 321.56 321.56 321.56 321.56 321.56 321.56 321.56 321.56 320.38 319.79 320.38 321.56 321.56 321.56 321.56 321.56 321.56 321.56 321.56 321.56
 321.56 321.56 321.56 321.56 321.56 321.56 321.56 321.56 321.56 321.56 321.56 321.56 321.56 321.56 321.56 321.56 321.56 321.56 321.56 321.56 321.56 321.56 321.56 321.56
 321.56 321.56 321.56 321.56 321.56 321.56 321.56 321.56 321.56 321.56 321.56 321.56 321.56 321.56 321.56 321.56 321.56 321.56 321.56 321.56 321.56 321.56 321.56 321.56
 321.56 321.56 321.56 321.56 321.56 321.56 321.56 321.56 321.56 321.56 321.56 321.56 321.56 321.56 321.56 321.56 321.56 321.56 321.56 321.56 321.56 321.56 321.56 321.56
 321.56 321.56 321.56 321.56 321.56 321.56 321.56 321.56 321.56 321.56 321.56 321.56 321.56 321.56 321.56 321.56 321.56 321.56 321.56 321.56 321.56 321.56 321.56 321.56
 321.05 321.05 321.05 321.05 321.05 321.05 321.05 321.05 321.05 321.05 321.05 321.05 321.05 321.05 321.05 321.05 321.05 321.05 321.05 321.05 321.05 321.05 321.05 321.05
 321.07 321.07 321.07 321.07 321.07 321.07 321.03 321.03 321.03 321.03 321.03 321.03 321.03 321.03 321.03 321.03 321.03 321.03 321.03 321.03 321.03 321.07 321.07 321.07
 321.07 321.07 321.07 321.07 321.07 321.07 321.03 321.03 321.03 321.03 321.03 321.03 321.03 321.03 321.03 321.03 321.03 321.03 321.03 321.03 321.03 321.07 321.07 321.07
 321.07 321.07 321.07 321.07 321.07 321.07 321.04 321.03 321.03 321.03 321.03 321.03 321.03 321.03 321.03 321.03 321.03 321.03 321.03 321.03 321.04 321.07 321.07 321.07
 321.07 321.07 321.07 321.07 321.07 321.07 321.05 321.03 321.03 321.03 321.03 321.03 321.03 321.03 321.03 321.03 321.03 321.03 321.03 321.03 321.05 321.07 321.07 321.07
 321.07 321.07 321.07 321.07 321.07 321.07 321.07 321.07 321.04 321.03 321.03 321.03 321.03 321.03 321.03 321.03 321.03 321.03 321.04 321.07 321.07 321.07 321.07 321.07
 321.07 321.07 321.07 321.07 321.07 321.07 321.07 321.07 321.07 321.07 321.04 321.03 321.03 321.03 321.03 321.03 321.04 321.07 321.07 321.07 321.07 321.07 321.07 321.07
 321.07 321.07 321.07 321.07 321.07 321.07 321.07 321.07 321.07 321.07 321.07 321.07 321.04 321.03 321.04 321.07 321.07 321.07 321.07 321.07 321.07 321.07 321.07 321.07
 321.07 321.07 321.07 321.07 321.07 321.07 321.07 321.07 321.07 321.07 321.07 321.07 321.07 321.07 321.07 321.07 321.07 321.07 321.07 321.07 321.07 321.07 321.07 321.07
 321.07 321.07 321.07 321.07 321.07 321.07 321.07 321.07 321.07 321.07 321.07 321.07 321.07 321.07 321.07 321.07 321.07 321.07 321.07 321.07 321.07 321.07 321.07 321.07
 321.07 321.07 321.07 321.07 321.07 321.07 321.07 321.07 321.07 321.07 321.07 321.07 321.07 321.07 321.07 321.07 321.07 321.07 321.07 321.07 321.07 321.07 321.07 321.07
 321.07 321.07 321.07 321.07 321.07 321.07 321.07 321.07 321.07 321.07 321.07 321.07 321.07 321.07 321.07 321.07 321.07 321.07 321.07 321.07 321.07 321.07 321.07 321.07
