1992 MONTHLY CO2 (PPMV)   24  12  LON/LAT (N-S/0-360E) IN 15 DEGREE RESOLUTION,  GLB ANNUAL MEAN = 356.35,  GROWTH RATE = 0.58,  MISS DATA = -99.99
 362.61 362.61 362.61 362.61 362.61 362.61 362.61 362.61 362.61 362.61 362.61 362.61 362.61 362.61 362.61 362.61 362.61 362.61 362.61 362.61 362.61 362.61 362.61 362.61
 359.69 364.79 362.00 362.30 362.61 362.61 362.61 362.61 362.61 362.61 362.61 361.90 362.22 361.83 362.22 361.09 362.61 362.61 362.61 362.61 362.61 362.61 362.61 361.24
 362.58 374.85 368.43 365.36 362.60 362.60 356.85 359.29 362.86 370.84 361.20 361.20 361.35 361.49 360.53 359.57 359.38 360.39 360.32 359.18 360.32 359.80 358.92 359.97
 357.90 366.38 367.40 362.60 362.60 362.60 356.85 359.29 362.86 370.84 370.84 361.20 358.36 359.06 359.68 359.68 359.19 359.19 359.19 359.18 359.18 357.87 357.87 358.59
 357.90 362.14 359.84 354.91 362.60 362.60 356.85 359.29 362.86 363.41 362.15 358.36 358.36 356.63 356.63 359.68 359.19 359.19 359.19 359.19 357.26 356.55 356.55 356.55
 355.51 356.79 354.91 354.91 354.91 362.60 356.85 357.64 355.99 355.99 355.99 356.23 356.22 355.94 355.94 357.81 359.19 359.19 359.19 357.26 357.26 357.26 356.55 354.32
 354.32 354.62 354.91 354.91 354.91 354.31 354.95 355.96 355.41 355.41 355.15 354.36 354.36 356.06 356.06 356.06 357.63 359.19 359.19 357.26 357.26 356.28 354.32 354.32
 354.32 354.62 354.91 354.91 354.31 353.70 353.70 354.84 354.84 354.84 354.84 353.61 354.60 355.33 355.69 355.88 355.66 357.28 359.19 355.92 357.26 355.95 354.32 354.32
 354.04 353.37 353.29 353.20 353.70 353.70 353.70 353.38 353.07 353.07 352.87 352.62 353.61 354.47 354.54 353.47 353.47 353.47 353.26 353.23 354.59 353.47 354.04 354.32
 353.47 353.45 353.38 353.20 353.19 353.70 353.62 353.47 353.18 353.00 352.92 352.77 353.28 353.47 353.47 353.47 353.47 353.47 353.29 353.23 353.29 353.47 353.47 353.47
 353.47 353.52 353.57 353.36 353.18 353.33 353.47 353.47 353.47 353.47 353.20 353.47 353.47 353.47 353.47 353.47 353.47 353.47 353.35 353.23 353.35 353.47 353.47 353.47
 353.47 353.47 353.47 353.47 353.47 353.47 353.47 353.47 353.47 353.47 353.47 353.47 353.47 353.47 353.47 353.47 353.47 353.47 353.47 353.47 353.47 353.47 353.47 353.47
 362.48 362.48 362.48 362.48 362.48 362.48 362.48 362.48 362.48 362.48 362.48 362.48 362.48 362.48 362.48 362.48 362.48 362.48 362.48 362.48 362.48 362.48 362.48 362.48
 360.39 364.93 364.90 363.69 362.48 362.48 362.48 362.48 362.48 362.48 362.48 362.51 362.34 362.19 362.34 361.68 362.48 362.48 362.48 362.48 362.48 362.48 362.48 361.02
 361.00 371.94 368.42 366.05 363.83 364.50 358.84 361.18 363.04 369.29 362.53 362.53 362.23 361.93 361.40 360.88 360.02 360.55 360.82 360.36 363.84 362.51 359.90 359.90
 359.60 365.77 367.09 364.50 364.50 364.50 358.84 361.18 363.04 369.29 369.29 362.53 359.24 359.72 361.32 361.32 359.15 359.15 359.62 360.36 363.84 363.84 357.24 359.75
 359.60 362.69 360.30 355.71 364.50 364.50 358.84 361.18 363.04 363.25 362.25 359.24 359.24 357.50 357.50 361.32 359.15 358.87 358.87 359.62 361.05 357.24 357.24 357.24
 356.00 357.34 355.71 355.71 355.71 364.50 358.84 359.19 357.20 357.20 357.20 357.01 356.93 356.88 356.88 359.10 359.15 358.87 358.87 358.26 358.26 358.26 357.24 354.20
 354.20 354.95 355.71 355.71 355.71 354.70 355.75 356.41 355.75 355.75 355.48 354.67 354.67 356.69 356.69 356.69 357.92 358.87 358.87 358.26 358.26 356.91 354.20 354.20
 354.20 354.95 355.71 355.71 354.70 353.70 353.70 354.30 354.30 354.30 354.30 353.62 354.62 355.65 356.17 356.43 355.82 356.95 358.87 356.52 358.26 356.46 354.20 354.20
 353.84 352.89 352.74 352.57 353.70 353.70 353.70 353.32 352.94 352.94 352.75 352.61 353.62 354.63 354.64 353.12 353.12 353.12 353.05 353.04 354.79 353.12 353.84 354.20
 353.12 353.04 352.90 352.57 352.73 353.70 353.51 353.12 352.96 352.82 352.71 352.66 353.13 353.12 353.12 353.12 353.12 353.12 353.06 353.04 353.06 353.12 353.12 353.12
 353.12 353.18 353.24 352.95 352.89 353.00 353.12 353.12 353.12 353.12 352.91 353.12 353.12 353.12 353.12 353.12 353.12 353.12 353.08 353.04 353.08 353.12 353.12 353.12
 353.12 353.12 353.12 353.12 353.12 353.12 353.12 353.12 353.12 353.12 353.12 353.12 353.12 353.12 353.12 353.12 353.12 353.12 353.12 353.12 353.12 353.12 353.12 353.12
 364.21 364.21 364.21 364.21 364.21 364.21 364.21 364.21 364.21 364.21 364.21 364.21 364.21 364.21 364.21 364.21 364.21 364.21 364.21 364.21 364.21 364.21 364.21 364.21
 361.91 366.06 364.80 364.51 364.21 364.21 364.21 364.21 364.21 364.21 364.21 363.66 363.31 362.41 363.31 362.51 364.21 364.21 364.21 364.21 364.21 364.21 364.21 362.00
 361.38 373.33 369.06 366.79 364.74 365.00 359.86 362.68 365.88 368.49 363.12 363.12 362.71 362.30 361.55 360.80 360.34 361.48 361.64 360.71 361.88 362.18 360.14 360.14
 361.10 367.22 368.14 365.00 365.00 365.00 359.86 362.68 365.88 368.49 368.49 363.12 359.85 360.33 360.57 360.57 359.88 359.88 360.00 360.71 360.71 358.78 357.82 360.62
 361.10 364.16 361.33 356.51 365.00 365.00 359.86 362.68 365.88 363.39 362.51 359.85 359.85 358.35 358.35 360.57 359.88 359.29 359.29 360.00 358.48 357.82 357.82 357.82
 356.45 358.11 356.51 356.51 356.51 365.00 359.86 360.49 358.29 358.29 358.29 357.53 357.18 356.87 356.87 358.72 359.88 359.29 359.29 358.48 358.48 358.48 357.82 354.12
 354.12 355.31 356.51 356.51 356.51 355.11 356.22 356.96 356.23 356.23 355.87 354.82 354.82 357.07 357.07 357.07 358.48 359.29 359.29 358.48 358.48 357.03 354.12 354.12
 354.12 355.31 356.51 356.51 355.11 353.70 353.70 354.16 354.16 354.16 354.16 354.40 355.26 356.16 356.62 356.84 356.11 357.20 359.29 356.72 358.48 356.54 354.12 354.12
 353.76 353.06 353.05 353.03 353.70 353.70 353.70 353.30 352.90 352.90 353.12 353.55 354.40 355.28 354.98 353.03 353.03 353.03 353.17 353.19 354.94 353.03 353.76 354.12
 353.03 353.06 353.06 353.03 352.90 353.70 353.48 353.03 352.94 352.91 352.92 353.24 353.56 353.03 353.03 353.03 353.03 353.03 353.15 353.19 353.15 353.03 353.03 353.03
 353.03 353.06 353.10 352.98 352.77 352.90 353.03 353.03 353.03 353.03 352.97 353.03 353.03 353.03 353.03 353.03 353.03 353.03 353.11 353.19 353.11 353.03 353.03 353.03
 353.03 353.03 353.03 353.03 353.03 353.03 353.03 353.03 353.03 353.03 353.03 353.03 353.03 353.03 353.03 353.03 353.03 353.03 353.03 353.03 353.03 353.03 353.03 353.03
 364.10 364.10 364.10 364.10 364.10 364.10 364.10 364.10 364.10 364.10 364.10 364.10 364.10 364.10 364.10 364.10 364.10 364.10 364.10 364.10 364.10 364.10 364.10 364.10
 362.52 363.74 364.60 364.35 364.11 364.11 364.11 364.11 364.11 364.11 364.11 363.83 363.45 362.79 363.45 362.42 364.11 364.11 364.11 364.11 364.11 364.11 364.11 362.11
 359.39 359.39 364.60 364.48 364.90 365.30 361.80 364.27 366.68 368.19 363.56 363.56 363.36 363.16 361.95 360.74 360.47 361.59 361.80 360.50 360.96 361.82 361.26 361.26
 360.20 360.20 362.40 365.30 365.30 365.30 361.80 364.27 366.68 368.19 368.19 363.56 360.58 361.24 359.68 359.68 360.19 360.19 360.79 360.50 360.96 360.96 358.62 360.73
 360.20 360.20 358.69 356.08 365.30 365.30 361.80 364.27 366.68 363.52 362.78 360.58 360.58 359.33 359.33 359.68 360.19 361.08 361.08 360.79 359.84 358.62 358.62 358.62
 356.48 357.03 356.08 356.08 356.08 365.30 361.80 361.55 358.84 358.84 358.84 357.94 357.76 358.12 358.12 358.90 360.19 361.08 361.08 358.72 358.72 358.72 358.62 354.62
 354.62 355.35 356.08 356.08 356.08 354.84 356.75 357.31 356.41 356.41 355.95 354.57 354.57 357.19 357.19 357.19 358.69 361.08 361.08 358.72 358.72 357.35 354.62 354.62
 354.62 355.35 356.08 356.08 354.84 353.60 353.60 353.98 353.98 353.98 353.98 353.96 354.62 355.90 356.55 356.87 356.33 358.53 361.08 356.99 358.72 356.90 354.62 354.62
 354.22 353.53 353.63 353.74 353.60 353.60 353.60 353.37 353.14 353.14 353.16 353.30 353.96 354.93 354.97 353.42 353.42 353.42 353.52 353.53 355.25 353.42 354.22 354.62
 353.42 353.44 353.52 353.74 353.28 353.60 353.54 353.42 353.22 353.09 353.04 353.17 353.52 353.42 353.42 353.42 353.42 353.42 353.50 353.53 353.50 353.42 353.42 353.42
 353.42 353.36 353.30 353.32 352.83 353.12 353.42 353.42 353.42 353.42 353.23 353.42 353.42 353.42 353.42 353.42 353.42 353.42 353.47 353.53 353.47 353.42 353.42 353.42
 353.42 353.42 353.42 353.42 353.42 353.42 353.42 353.42 353.42 353.42 353.42 353.42 353.42 353.42 353.42 353.42 353.42 353.42 353.42 353.42 353.42 353.42 353.42 353.42
 363.22 363.22 363.22 363.22 363.22 363.22 363.22 363.22 363.22 363.22 363.22 363.22 363.22 363.22 363.22 363.22 363.22 363.22 363.22 363.22 363.22 363.22 363.22 363.22
 361.28 362.17 362.00 362.61 363.22 363.22 363.22 363.22 363.22 363.22 363.22 363.40 362.89 362.57 362.89 363.22 363.22 363.22 363.22 363.22 363.22 363.22 363.22 360.91
 357.07 357.07 362.00 362.30 366.74 368.50 361.56 361.54 365.10 367.55 363.59 363.59 362.95 362.32 362.32 359.93 359.32 360.62 360.75 359.19 362.29 362.03 360.34 360.34
 358.75 358.75 360.37 368.50 368.50 368.50 361.56 361.54 365.10 367.55 367.55 363.59 360.69 361.05 359.93 359.93 359.32 359.32 359.84 359.19 362.29 362.29 358.92 359.54
 358.75 358.75 356.89 354.23 368.50 368.50 361.56 361.54 365.10 363.69 362.94 360.69 360.69 359.79 359.79 359.93 359.32 360.49 360.49 359.84 360.80 358.92 358.92 358.92
 356.42 356.04 354.23 354.23 354.23 368.50 361.56 360.69 359.83 359.83 359.83 358.26 357.87 358.26 358.26 359.10 359.32 360.49 360.49 359.30 359.30 359.30 358.92 355.26
 355.26 354.75 354.23 354.23 354.23 353.97 356.41 357.20 356.92 356.92 356.35 354.65 354.65 357.17 357.17 357.17 358.25 360.49 360.49 359.30 359.30 357.95 355.26 355.26
 355.26 354.75 354.23 354.23 353.97 353.70 353.70 354.01 354.01 354.01 354.01 354.15 354.78 355.98 356.57 356.87 356.36 358.32 360.49 357.51 359.30 357.50 355.26 355.26
 354.83 354.11 354.26 354.46 353.70 353.70 353.70 353.64 353.58 353.58 353.47 353.52 354.15 355.06 355.20 353.97 353.97 353.97 353.94 353.93 355.72 353.97 354.83 355.26
 353.97 353.95 354.07 354.46 353.75 353.70 353.79 353.97 353.66 353.44 353.30 353.41 353.84 353.97 353.97 353.97 353.97 353.97 353.94 353.93 353.94 353.97 353.97 353.97
 353.97 353.83 353.68 353.79 353.05 353.51 353.97 353.97 353.97 353.97 353.64 353.97 353.97 353.97 353.97 353.97 353.97 353.97 353.95 353.93 353.95 353.97 353.97 353.97
 353.97 353.97 353.97 353.97 353.97 353.97 353.97 353.97 353.97 353.97 353.97 353.97 353.97 353.97 353.97 353.97 353.97 353.97 353.97 353.97 353.97 353.97 353.97 353.97
 361.17 361.17 361.17 361.17 361.17 361.17 361.17 361.17 361.17 361.17 361.17 361.17 361.17 361.17 361.17 361.17 361.17 361.17 361.17 361.17 361.17 361.17 361.17 361.17
 358.27 358.71 356.70 358.93 361.17 361.17 361.17 361.17 361.17 361.17 361.17 358.07 360.86 360.55 360.86 360.80 361.17 361.17 361.17 361.17 361.17 361.17 361.17 358.99
 357.13 357.13 356.70 357.82 363.79 365.10 355.92 353.79 356.05 364.11 354.98 354.98 356.11 357.24 358.84 360.43 359.21 359.45 358.85 357.75 361.32 360.48 358.10 358.10
 357.58 357.58 357.14 365.10 365.10 365.10 355.92 353.79 356.05 364.11 364.11 354.98 358.16 358.09 357.73 357.73 357.99 357.99 357.64 357.75 361.32 361.32 357.91 357.84
 357.58 357.58 355.16 352.96 365.10 365.10 355.92 353.79 356.05 361.60 360.74 358.16 358.16 358.94 358.94 357.73 357.99 357.53 357.53 357.64 359.82 357.91 357.91 357.91
 356.26 355.27 352.96 352.96 352.96 365.10 355.92 356.44 359.09 359.09 359.09 357.28 356.93 357.70 357.70 357.72 357.99 357.53 357.53 358.32 358.32 358.32 357.91 355.60
 355.60 354.28 352.96 352.96 352.96 353.58 354.57 355.46 356.35 356.35 355.99 354.94 354.94 357.02 357.02 357.02 357.50 357.53 357.53 358.32 358.32 357.41 355.60 355.60
 355.60 354.28 352.96 352.96 353.58 354.20 354.20 353.60 353.60 353.60 353.60 355.11 355.59 356.30 356.66 356.84 356.24 356.48 357.53 356.97 358.32 357.11 355.60 355.60
 355.19 354.55 354.69 354.84 354.20 354.20 354.20 354.09 353.98 353.98 354.15 354.63 355.11 355.71 355.58 354.38 354.38 354.38 354.28 354.27 355.63 354.38 355.19 355.60
 354.38 354.42 354.53 354.84 354.28 354.20 354.26 354.38 354.09 353.90 353.83 354.23 354.58 354.38 354.38 354.38 354.38 354.38 354.30 354.27 354.30 354.38 354.38 354.38
 354.38 354.31 354.23 354.30 353.73 354.06 354.38 354.38 354.38 354.38 354.11 354.38 354.38 354.38 354.38 354.38 354.38 354.38 354.33 354.27 354.33 354.38 354.38 354.38
 354.38 354.38 354.38 354.38 354.38 354.38 354.38 354.38 354.38 354.38 354.38 354.38 354.38 354.38 354.38 354.38 354.38 354.38 354.38 354.38 354.38 354.38 354.38 354.38
 354.16 354.16 354.16 354.16 354.16 354.16 354.16 354.16 354.16 354.16 354.16 354.16 354.16 354.16 354.16 354.16 354.16 354.16 354.16 354.16 354.16 354.16 354.16 354.16
 352.75 352.07 349.30 351.73 354.16 354.16 354.16 354.16 354.16 354.16 354.16 352.09 354.06 353.97 354.06 354.40 354.16 354.16 354.16 354.16 354.16 354.16 354.16 353.89
 359.32 359.32 349.30 350.52 360.79 364.10 352.34 347.19 353.18 360.45 350.02 350.02 350.40 350.77 352.70 354.64 354.60 355.33 356.84 356.03 355.90 354.35 351.46 351.46
 351.48 351.48 350.39 364.10 364.10 364.10 352.34 347.19 353.18 360.45 360.45 350.02 355.61 353.48 352.35 352.35 354.56 355.70 356.84 356.03 355.90 355.90 355.82 351.47
 351.48 351.48 352.43 353.93 364.10 364.10 352.34 347.19 353.18 358.79 358.00 355.61 355.61 356.19 356.19 352.35 354.56 355.67 355.67 355.85 355.69 355.82 355.82 355.82
 354.62 353.77 353.93 353.93 353.93 364.10 352.34 352.16 357.13 357.13 357.13 356.03 355.95 356.83 356.83 354.59 354.56 355.67 355.67 355.49 355.49 355.49 355.82 356.19
 356.19 355.06 353.93 353.93 353.93 354.26 353.73 353.98 355.63 355.63 355.58 355.42 355.42 356.75 356.75 356.75 355.66 355.67 355.67 355.49 355.49 355.72 356.19 356.19
 356.19 355.06 353.93 353.93 354.26 354.60 354.60 354.14 354.14 354.14 354.14 355.12 355.40 356.07 356.41 356.58 355.67 355.37 355.67 355.25 355.49 355.80 356.19 356.19
 355.71 354.97 355.10 355.24 354.60 354.60 354.60 354.51 354.43 354.43 354.50 354.83 355.12 355.60 355.59 354.76 354.76 354.76 354.77 354.77 355.01 354.76 355.71 356.19
 354.76 354.84 354.96 355.24 354.86 354.60 354.65 354.76 354.51 354.34 354.25 354.54 354.81 354.76 354.76 354.76 354.76 354.76 354.77 354.77 354.77 354.76 354.76 354.76
 354.76 354.72 354.68 354.79 354.47 354.62 354.76 354.76 354.76 354.76 354.51 354.76 354.76 354.76 354.76 354.76 354.76 354.76 354.77 354.77 354.77 354.76 354.76 354.76
 354.76 354.76 354.76 354.76 354.76 354.76 354.76 354.76 354.76 354.76 354.76 354.76 354.76 354.76 354.76 354.76 354.76 354.76 354.76 354.76 354.76 354.76 354.76 354.76
 347.67 347.67 347.67 347.67 347.67 347.67 347.67 347.67 347.67 347.67 347.67 347.67 347.67 347.67 347.67 347.67 347.67 347.67 347.67 347.67 347.67 347.67 347.67 347.67
 347.01 347.43 347.60 347.64 347.67 347.67 347.67 347.67 347.67 347.67 347.67 346.79 347.50 347.32 347.50 347.67 347.67 347.67 347.67 347.67 347.67 347.67 347.67 348.31
 354.03 354.03 347.60 347.62 354.56 358.00 352.21 347.80 352.14 358.95 345.90 345.90 346.32 346.75 346.75 347.64 352.29 351.39 352.98 351.30 350.09 347.20 346.73 346.73
 351.09 351.09 349.35 358.00 358.00 358.00 352.21 347.80 352.14 358.95 358.95 345.90 353.23 350.63 347.64 347.64 352.29 352.63 352.98 351.30 351.30 352.29 352.78 348.91
 351.09 351.09 352.53 354.84 358.00 358.00 352.21 347.80 352.14 356.96 356.02 353.23 353.23 354.50 354.50 347.64 352.29 353.78 353.78 352.54 352.89 352.78 352.78 352.78
 354.52 354.00 354.84 354.84 354.84 358.00 352.21 351.38 354.96 354.96 354.96 354.61 354.86 355.99 355.99 351.81 352.29 353.78 353.78 352.89 352.89 352.89 352.78 356.24
 356.24 355.54 354.84 354.84 354.84 354.87 353.99 353.98 355.17 355.17 355.22 355.37 355.37 356.30 356.30 356.30 354.30 353.78 353.78 352.89 352.89 354.01 356.24 356.24
 356.24 355.54 354.84 354.84 354.87 354.90 354.90 355.38 355.38 355.38 355.38 355.37 355.50 355.90 356.10 356.20 355.17 354.19 353.78 353.63 352.89 354.38 356.24 356.24
 355.83 355.27 355.40 355.55 354.90 354.90 354.90 354.79 354.69 354.69 354.82 355.24 355.37 355.64 355.58 355.01 355.01 355.01 355.09 355.10 354.36 355.01 355.83 356.24
 355.01 355.13 355.26 355.55 355.21 354.90 354.94 355.01 354.77 354.62 354.54 354.89 355.09 355.01 355.01 355.01 355.01 355.01 355.08 355.10 355.08 355.01 355.01 355.01
 355.01 354.99 354.97 355.10 354.87 354.94 355.01 355.01 355.01 355.01 354.78 355.01 355.01 355.01 355.01 355.01 355.01 355.01 355.06 355.10 355.06 355.01 355.01 355.01
 355.01 355.01 355.01 355.01 355.01 355.01 355.01 355.01 355.01 355.01 355.01 355.01 355.01 355.01 355.01 355.01 355.01 355.01 355.01 355.01 355.01 355.01 355.01 355.01
 347.76 347.76 347.76 347.76 347.76 347.76 347.76 347.76 347.76 347.76 347.76 347.76 347.76 347.76 347.76 347.76 347.76 347.76 347.76 347.76 347.76 347.76 347.76 347.76
 347.85 349.88 350.00 348.88 347.76 347.76 347.76 347.76 347.76 347.76 347.76 349.00 347.85 347.94 347.85 347.76 347.76 347.76 347.76 347.76 347.76 347.76 347.76 348.04
 351.53 353.91 351.96 350.42 356.19 360.40 353.29 351.64 354.27 357.58 350.25 350.25 349.75 349.26 349.26 349.04 351.47 349.93 349.84 349.19 348.71 347.22 346.69 346.69
 350.96 352.44 352.20 360.40 360.40 360.40 353.29 351.64 354.27 357.58 357.58 350.25 351.96 351.08 349.04 349.04 351.47 350.65 349.84 349.19 349.19 350.97 351.86 348.82
 350.96 351.70 353.27 354.60 360.40 360.40 353.29 351.64 354.27 355.25 354.42 351.96 351.96 352.90 352.90 349.04 351.47 353.76 353.76 351.48 351.90 351.86 351.86 351.86
 354.29 353.97 354.60 354.60 354.60 360.40 353.29 352.27 352.91 352.91 352.91 353.50 354.06 355.15 355.15 352.10 351.47 353.76 353.76 351.90 351.90 351.90 351.86 355.95
 355.95 355.27 354.60 354.60 354.60 354.75 354.31 354.38 354.59 354.59 354.71 355.05 355.05 355.84 355.84 355.84 353.65 353.76 353.76 351.90 351.90 353.25 355.95 355.95
 355.95 355.27 354.60 354.60 354.75 354.90 354.90 356.27 356.27 356.27 356.27 355.15 355.38 355.61 355.72 355.78 354.88 354.24 353.76 353.05 351.90 353.70 355.95 355.95
 355.70 355.47 355.56 355.64 354.90 354.90 354.90 354.87 354.84 354.84 354.89 354.93 355.15 355.38 355.44 355.21 355.21 355.21 355.34 355.36 354.19 355.21 355.70 355.95
 355.21 355.38 355.49 355.64 355.27 354.90 355.00 355.21 354.97 354.86 354.89 354.91 355.09 355.21 355.21 355.21 355.21 355.21 355.32 355.36 355.32 355.21 355.21 355.21
 355.21 355.27 355.34 355.27 354.91 355.06 355.21 355.21 355.21 355.21 355.05 355.21 355.21 355.21 355.21 355.21 355.21 355.21 355.28 355.36 355.28 355.21 355.21 355.21
 355.21 355.21 355.21 355.21 355.21 355.21 355.21 355.21 355.21 355.21 355.21 355.21 355.21 355.21 355.21 355.21 355.21 355.21 355.21 355.21 355.21 355.21 355.21 355.21
 353.05 353.05 353.05 353.05 353.05 353.05 353.05 353.05 353.05 353.05 353.05 353.05 353.05 353.05 353.05 353.05 353.05 353.05 353.05 353.05 353.05 353.05 353.05 353.05
 352.45 356.42 355.50 354.27 353.05 353.05 353.05 353.05 353.05 353.05 353.05 354.62 353.16 353.28 353.16 353.05 353.05 353.05 353.05 353.05 353.05 352.75 352.46 353.80
 361.51 364.69 360.09 357.18 358.55 361.30 354.91 354.96 360.08 362.49 356.19 356.19 355.36 354.52 354.52 353.85 354.05 353.62 353.56 353.38 353.27 352.68 352.60 352.74
 355.01 359.85 359.97 361.30 361.30 361.30 354.91 354.96 360.08 362.49 362.49 356.19 353.11 353.91 353.85 353.85 354.05 353.81 353.56 353.38 353.38 353.32 353.29 353.87
 355.01 357.43 356.85 355.00 361.30 361.30 354.91 354.96 360.08 357.62 356.50 353.11 353.11 353.30 353.30 353.85 354.05 355.86 355.86 354.62 352.56 353.29 353.29 353.29
 355.62 355.88 355.00 355.00 355.00 361.30 354.91 353.86 352.76 352.76 352.76 353.86 354.50 355.29 355.29 354.57 354.05 355.86 355.86 352.56 352.56 352.56 353.29 355.92
 355.92 355.46 355.00 355.00 355.00 354.90 354.87 354.84 354.47 354.47 354.62 355.09 355.09 355.63 355.63 355.63 354.84 355.86 355.86 352.56 352.56 353.68 355.92 355.92
 355.92 355.46 355.00 355.00 354.90 354.80 354.80 356.18 356.18 356.18 356.18 355.18 355.52 355.57 355.60 355.62 355.25 355.67 355.86 353.55 352.56 354.05 355.92 355.92
 355.71 355.64 355.72 355.78 354.80 354.80 354.80 354.81 354.83 354.83 354.87 354.84 355.18 355.38 355.42 355.28 355.28 355.28 355.49 355.52 354.51 355.28 355.71 355.92
 355.28 355.55 355.67 355.78 355.40 354.80 354.96 355.28 355.00 354.89 354.95 354.89 355.12 355.28 355.28 355.28 355.28 355.28 355.46 355.52 355.46 355.28 355.28 355.28
 355.28 355.42 355.56 355.41 355.02 355.15 355.28 355.28 355.28 355.28 355.12 355.28 355.28 355.28 355.28 355.28 355.28 355.28 355.40 355.52 355.40 355.28 355.28 355.28
 355.28 355.28 355.28 355.28 355.28 355.28 355.28 355.28 355.28 355.28 355.28 355.28 355.28 355.28 355.28 355.28 355.28 355.28 355.28 355.28 355.28 355.28 355.28 355.28
 358.22 358.22 358.22 358.22 358.22 358.22 358.22 358.22 358.22 358.22 358.22 358.22 358.22 358.22 358.22 358.22 358.22 358.22 358.22 358.22 358.22 358.22 358.22 358.22
 356.79 359.94 359.80 359.01 358.22 358.22 358.22 358.22 358.22 358.22 358.22 359.20 357.57 356.92 357.57 358.22 358.22 358.22 358.22 358.22 358.22 357.56 356.89 357.46
 359.75 364.95 362.38 360.69 356.74 356.00 355.40 356.94 360.08 368.17 360.18 360.18 359.22 358.26 358.26 356.97 355.98 357.43 358.34 356.44 357.03 357.12 356.69 356.50
 357.50 361.22 361.80 356.00 356.00 356.00 355.40 356.94 360.08 368.17 368.17 360.18 355.04 356.40 356.97 356.97 355.98 357.16 358.34 356.44 356.44 355.18 354.55 357.00
 357.50 359.36 357.87 355.17 356.00 356.00 355.40 356.94 360.08 361.20 359.66 355.04 355.04 354.54 354.54 356.97 355.98 356.81 356.81 356.62 354.05 354.55 354.55 354.55
 356.33 356.58 355.17 355.17 355.17 356.00 355.40 355.59 354.24 354.24 354.24 354.83 355.08 355.23 355.23 356.10 355.98 356.81 356.81 354.05 354.05 354.05 354.55 355.74
 355.74 355.46 355.17 355.17 355.17 354.84 354.91 355.47 355.02 355.02 355.01 354.96 354.96 355.80 355.80 355.80 355.89 356.81 356.81 354.05 354.05 354.61 355.74 355.74
 355.74 355.46 355.17 355.17 354.84 354.50 354.50 355.80 355.80 355.80 355.80 354.93 355.48 355.64 355.72 355.76 355.58 356.24 356.81 354.43 354.05 354.80 355.74 355.74
 355.52 355.54 355.69 355.80 354.50 354.50 354.50 354.54 354.59 354.59 354.52 354.37 354.93 355.28 355.37 355.09 355.09 355.09 355.18 355.19 354.80 355.09 355.52 355.74
 355.09 355.40 355.58 355.80 355.45 354.50 354.70 355.09 354.76 354.59 354.59 354.48 354.83 355.09 355.09 355.09 355.09 355.09 355.17 355.19 355.17 355.09 355.09 355.09
 355.09 355.22 355.35 355.34 355.10 355.10 355.09 355.09 355.09 355.09 354.84 355.09 355.09 355.09 355.09 355.09 355.09 355.09 355.14 355.19 355.14 355.09 355.09 355.09
 355.09 355.09 355.09 355.09 355.09 355.09 355.09 355.09 355.09 355.09 355.09 355.09 355.09 355.09 355.09 355.09 355.09 355.09 355.09 355.09 355.09 355.09 355.09 355.09
 360.60 360.60 360.60 360.60 360.60 360.60 360.60 360.60 360.60 360.60 360.60 360.60 360.60 360.60 360.60 360.60 360.60 360.60 360.60 360.60 360.60 360.60 360.60 360.60
 359.12 361.58 360.00 360.30 360.60 360.60 360.60 360.60 360.60 360.60 360.60 360.34 360.75 360.90 360.75 360.60 360.60 360.60 360.60 360.60 360.60 359.86 359.12 359.79
 363.67 366.59 363.30 361.80 359.80 359.40 356.91 358.47 363.86 368.54 360.09 360.09 360.34 360.59 360.59 360.09 357.80 359.06 359.30 357.32 358.42 359.23 358.59 358.06
 360.55 363.57 363.43 359.40 359.40 359.40 356.91 358.47 363.86 368.54 368.54 360.09 356.89 358.29 360.09 360.09 357.80 358.55 359.30 357.32 357.32 356.70 356.39 359.31
 360.55 362.06 358.95 355.16 359.40 359.40 356.91 358.47 363.86 362.26 360.91 356.89 356.89 355.98 355.98 360.09 357.80 356.96 356.96 357.14 355.92 356.39 356.39 356.39
 357.05 357.38 355.16 355.16 355.16 359.40 356.91 357.22 355.97 355.97 355.97 356.07 356.10 356.10 356.10 358.10 357.80 356.96 356.96 355.92 355.92 355.92 356.39 355.30
 355.30 355.23 355.16 355.16 355.16 354.93 355.51 356.33 355.91 355.91 355.76 355.31 355.31 356.36 356.36 356.36 357.08 356.96 356.96 355.92 355.92 355.71 355.30 355.30
 355.30 355.23 355.16 355.16 354.93 354.70 354.70 355.85 355.85 355.85 355.85 354.88 355.42 355.89 356.12 356.24 356.05 356.25 356.96 355.55 355.92 355.64 355.30 355.30
 355.14 355.11 355.22 355.33 354.70 354.70 354.70 354.52 354.35 354.35 354.19 354.34 354.88 355.38 355.45 354.83 354.83 354.83 354.81 354.81 355.18 354.83 355.14 355.30
 354.83 354.99 355.12 355.33 355.11 354.70 354.74 354.83 354.43 354.11 353.87 354.11 354.61 354.83 354.83 354.83 354.83 354.83 354.82 354.81 354.82 354.83 354.83 354.83
 354.83 354.87 354.90 354.99 354.88 354.86 354.83 354.83 354.83 354.83 354.35 354.83 354.83 354.83 354.83 354.83 354.83 354.83 354.82 354.81 354.82 354.83 354.83 354.83
 354.83 354.83 354.83 354.83 354.83 354.83 354.83 354.83 354.83 354.83 354.83 354.83 354.83 354.83 354.83 354.83 354.83 354.83 354.83 354.83 354.83 354.83 354.83 354.83
