2000 MONTHLY CO2 (PPMV)   24  12  LON/LAT (N-S/0-360E) IN 15 DEGREE RESOLUTION,  GLB ANNUAL MEAN = 369.18,  GROWTH RATE = 1.37,  MISS DATA = -99.99
 375.18 375.18 375.18 375.18 375.18 375.18 375.18 375.18 375.18 375.18 375.18 375.18 375.18 375.18 375.18 375.18 375.18 375.18 375.18 375.18 375.18 375.18 375.18 375.18
 373.13 375.73 374.70 374.94 375.18 375.18 375.18 375.18 375.18 375.18 375.18 374.16 374.95 374.72 374.95 373.69 375.18 375.18 376.58 375.18 375.18 374.02 372.86 374.23
 379.43 385.59 378.16 375.76 375.39 375.49 369.65 374.37 376.06 380.50 373.14 373.14 373.14 374.72 372.20 372.20 371.59 377.99 377.99 375.30 374.36 372.26 372.02 372.46
 372.70 387.95 374.18 374.18 375.49 375.49 369.65 374.37 376.06 380.50 375.62 373.14 370.25 369.41 377.48 377.48 370.98 370.98 374.12 372.61 372.61 370.74 370.74 371.87
 370.17 379.06 374.18 372.28 375.49 375.49 369.65 373.71 373.05 373.22 370.74 370.50 370.25 369.41 369.41 377.48 370.98 371.77 371.77 372.19 369.31 370.38 370.38 370.22
 370.17 372.05 370.37 368.47 368.47 375.49 369.65 372.26 370.82 368.59 369.66 369.42 369.29 369.38 369.38 373.43 369.16 371.77 371.77 369.31 369.31 369.31 370.38 367.33
 367.33 366.91 368.47 368.47 368.47 368.47 369.06 369.13 368.40 367.65 368.07 368.24 368.24 368.81 369.10 367.35 367.35 367.35 371.77 369.31 369.31 368.65 367.33 367.33
 366.91 366.91 366.91 368.47 368.47 368.47 366.72 366.72 366.72 366.72 366.72 366.95 368.25 368.25 367.80 367.35 367.35 367.35 367.35 366.12 369.31 368.43 367.33 367.33
 366.46 366.46 366.46 365.76 365.85 365.95 366.36 366.43 366.43 366.43 365.89 365.66 366.95 367.60 367.26 367.35 367.35 367.35 366.12 366.12 366.10 366.12 366.84 366.89
 366.41 366.46 366.11 365.76 365.93 366.06 366.30 366.30 366.25 366.01 365.59 365.62 366.29 366.30 366.30 366.30 366.82 366.21 366.12 366.12 366.09 366.13 366.30 366.30
 366.30 366.38 366.46 366.15 366.10 366.20 366.30 366.30 366.30 366.30 365.94 366.30 366.30 366.30 366.30 366.30 366.30 366.30 366.16 366.02 366.05 366.17 366.30 366.30
 366.30 366.30 366.30 366.30 366.30 366.30 366.30 366.30 366.30 366.30 366.30 366.30 366.30 366.30 366.30 366.30 366.30 366.30 366.30 366.30 366.30 366.30 366.30 366.30
 375.64 375.64 375.64 375.64 375.64 375.64 375.64 375.64 375.64 375.64 375.64 375.64 375.64 375.64 375.64 375.64 375.64 375.64 375.64 375.64 375.64 375.64 375.64 375.64
 373.93 376.90 374.90 375.27 375.64 375.64 375.64 375.64 375.64 375.64 375.64 375.36 375.90 376.16 375.90 374.77 375.64 375.64 377.00 375.64 375.64 374.61 373.57 374.59
 378.55 384.24 377.89 375.90 375.82 375.91 371.95 373.65 377.48 380.08 375.07 375.07 375.07 376.16 373.91 373.91 373.30 378.37 378.37 376.06 375.15 372.51 372.31 372.74
 374.65 381.20 374.53 374.53 375.91 375.91 371.95 373.65 377.48 380.08 376.13 375.07 370.26 370.17 371.89 373.30 372.69 372.69 375.45 373.76 373.76 370.62 370.62 372.79
 371.32 376.26 374.53 373.01 375.91 375.91 371.95 373.59 373.53 373.71 372.18 371.22 370.26 370.17 370.17 372.05 372.69 374.22 374.22 373.99 370.01 370.75 370.75 371.18
 371.32 371.40 371.48 369.96 369.96 375.91 371.95 372.44 371.29 369.05 370.62 369.90 369.48 369.89 369.89 369.89 369.65 374.22 374.22 370.01 370.01 370.01 370.75 367.11
 367.11 366.61 369.96 369.96 369.96 369.96 370.95 368.99 368.36 367.62 368.18 368.29 368.29 369.09 369.49 366.61 366.61 366.61 374.22 370.01 370.01 369.04 367.11 367.11
 366.61 366.61 366.61 369.96 369.96 369.96 366.18 366.18 366.18 366.18 366.18 369.58 369.58 369.58 368.10 366.61 366.61 366.61 366.61 366.00 370.01 368.72 367.11 367.11
 366.07 366.07 366.07 365.54 365.58 365.69 366.22 366.26 366.26 366.26 365.96 367.69 369.58 369.58 367.62 366.61 366.61 366.61 366.00 366.00 365.99 366.01 366.63 366.59
 366.11 366.07 365.88 365.54 365.62 365.79 366.19 366.19 366.14 365.96 365.66 365.66 367.14 366.19 366.19 366.19 366.40 366.10 366.00 366.00 365.98 366.03 366.19 366.19
 366.19 366.21 366.23 365.92 365.71 365.95 366.19 366.19 366.19 366.19 365.93 366.19 366.19 366.19 366.19 366.19 366.19 366.19 366.09 365.99 365.96 366.07 366.19 366.19
 366.19 366.19 366.19 366.19 366.19 366.19 366.19 366.19 366.19 366.19 366.19 366.19 366.19 366.19 366.19 366.19 366.19 366.19 366.19 366.19 366.19 366.19 366.19 366.19
 375.05 375.05 375.05 375.05 375.05 375.05 375.05 375.05 375.05 375.05 375.05 375.05 375.05 375.05 375.05 375.05 375.05 375.05 375.05 375.05 375.05 375.05 375.05 375.05
 374.64 376.06 376.40 375.72 375.05 375.05 375.05 375.05 375.05 375.05 375.05 375.46 374.91 374.78 374.91 374.55 375.05 375.05 377.76 375.05 375.05 374.81 374.58 374.80
 377.72 387.44 379.18 376.20 375.22 375.31 374.48 374.69 377.02 378.98 375.88 375.88 375.88 374.78 374.06 374.06 373.76 380.48 380.48 377.02 375.21 373.18 373.17 373.35
 374.00 381.20 373.70 373.70 375.31 375.31 374.48 374.69 377.02 378.98 375.98 375.88 370.88 371.26 372.59 373.76 373.47 373.47 375.73 373.56 373.56 371.57 371.57 373.05
 372.00 376.60 373.70 372.37 375.31 375.31 374.48 374.47 374.25 374.05 372.97 371.93 370.88 371.26 371.26 372.83 373.47 373.14 373.14 373.35 370.70 371.62 371.62 371.91
 372.00 371.85 371.04 369.71 369.71 375.31 374.48 373.29 372.12 369.99 371.48 370.47 370.00 370.67 370.67 370.67 369.34 373.14 373.14 370.70 370.70 370.70 371.62 366.41
 366.41 366.96 369.71 369.71 369.71 369.71 372.10 369.33 368.70 368.00 368.48 368.46 368.46 369.57 370.12 365.21 365.21 365.21 373.14 370.70 370.70 369.27 366.41 366.41
 366.96 366.96 366.96 369.71 369.71 369.71 366.00 366.00 366.00 366.00 366.00 367.22 368.26 368.26 366.74 365.21 365.21 365.21 365.21 365.99 370.70 368.79 366.41 366.41
 366.25 366.25 366.25 365.95 365.85 365.83 366.15 366.09 366.09 366.09 366.06 366.18 367.22 367.74 366.47 365.21 365.21 365.21 365.99 365.99 365.98 366.00 366.32 366.33
 366.24 366.25 366.02 365.95 365.75 365.81 366.21 366.21 366.10 366.00 365.92 366.05 366.49 366.21 366.21 366.21 365.71 366.10 365.99 365.99 365.97 366.02 366.21 366.21
 366.21 366.15 366.09 365.95 365.55 365.88 366.21 366.21 366.21 366.21 366.06 366.21 366.21 366.21 366.21 366.21 366.21 366.21 366.20 366.20 365.95 366.08 366.21 366.21
 366.21 366.21 366.21 366.21 366.21 366.21 366.21 366.21 366.21 366.21 366.21 366.21 366.21 366.21 366.21 366.21 366.21 366.21 366.21 366.21 366.21 366.21 366.21 366.21
 375.25 375.25 375.25 375.25 375.25 375.25 375.25 375.25 375.25 375.25 375.25 375.25 375.25 375.25 375.25 375.25 375.25 375.25 375.25 375.25 375.25 375.25 375.25 375.25
 374.29 376.81 377.90 376.58 375.25 375.25 375.25 375.25 375.25 375.25 375.25 375.70 375.37 375.49 375.37 374.77 375.25 375.25 376.92 375.25 375.25 375.09 374.93 375.19
 379.65 384.93 378.96 376.53 374.53 374.17 374.39 376.20 376.25 379.97 376.14 376.14 376.14 375.49 374.28 374.28 373.73 378.58 378.58 376.07 374.96 374.33 374.18 373.90
 373.94 378.89 374.06 374.06 374.17 374.17 374.39 376.20 376.25 379.97 376.22 376.14 372.09 372.14 373.07 373.73 373.18 373.18 375.04 373.56 373.56 373.71 373.71 373.63
 372.37 375.63 374.06 371.96 374.17 374.17 374.39 375.59 374.97 374.62 372.46 372.27 372.09 372.14 372.14 373.01 373.18 372.98 372.98 373.27 371.78 372.88 372.88 372.50
 372.37 372.00 369.87 367.77 367.77 374.17 374.39 374.30 373.02 371.07 371.76 370.64 370.67 372.06 372.06 372.06 369.24 372.98 372.98 371.78 371.78 371.78 372.88 366.12
 366.12 367.99 367.77 367.77 367.77 367.77 371.08 369.90 369.26 368.61 368.60 367.86 367.86 369.96 371.01 365.30 365.30 365.30 372.98 371.78 371.78 369.89 366.12 366.12
 367.99 367.99 367.99 367.77 367.77 367.77 366.15 366.15 366.15 366.15 366.15 367.29 367.86 368.91 365.30 365.30 365.30 365.30 365.30 366.30 371.78 369.26 366.12 366.12
 365.85 365.85 365.85 366.16 366.04 365.98 366.12 366.06 366.06 366.06 365.95 365.89 367.86 367.65 365.60 365.30 365.30 365.30 366.30 366.30 366.22 366.17 366.10 365.99
 365.96 365.85 366.23 366.16 365.92 365.92 366.19 366.19 366.07 365.95 365.84 365.84 366.02 366.19 366.19 366.19 365.75 366.25 366.30 366.30 366.14 366.11 366.19 366.19
 366.19 366.25 366.30 366.08 365.67 365.93 366.19 366.19 366.19 366.19 366.02 366.19 366.19 366.19 366.19 366.19 366.19 366.19 366.27 366.34 365.98 366.09 366.19 366.19
 366.19 366.19 366.19 366.19 366.19 366.19 366.19 366.19 366.19 366.19 366.19 366.19 366.19 366.19 366.19 366.19 366.19 366.19 366.19 366.19 366.19 366.19 366.19 366.19
 374.84 374.84 374.84 374.84 374.84 374.84 374.84 374.84 374.84 374.84 374.84 374.84 374.84 374.84 374.84 374.84 374.84 374.84 374.84 374.84 374.84 374.84 374.84 374.84
 373.59 373.81 375.80 375.32 374.84 374.84 374.84 374.84 374.84 374.84 374.84 375.06 375.58 376.32 375.58 374.23 374.84 374.84 374.46 374.84 374.84 374.40 373.95 373.78
 373.43 376.62 374.54 373.69 371.99 370.57 372.65 374.42 373.90 380.71 375.28 375.28 375.28 376.32 373.62 373.62 373.11 374.08 374.08 373.35 373.60 373.66 373.39 373.01
 371.22 372.84 371.20 371.20 370.57 370.57 372.65 374.42 373.90 380.71 376.58 375.28 372.28 372.22 372.79 373.11 372.60 372.60 373.24 372.61 372.61 373.20 373.20 372.38
 372.63 372.74 371.20 369.81 370.57 370.57 372.65 374.04 373.67 374.61 372.45 372.37 372.28 372.22 372.22 372.64 372.60 373.02 373.02 372.81 371.94 372.97 372.97 372.72
 372.63 370.93 368.42 367.03 367.03 370.57 372.65 373.34 372.64 371.61 372.03 370.50 370.30 371.29 371.29 371.29 368.93 373.02 373.02 371.94 371.94 371.94 372.97 367.42
 367.42 367.43 367.03 367.03 367.03 367.03 369.84 370.57 370.22 369.88 369.35 367.32 367.32 369.31 370.30 365.27 365.27 365.27 373.02 371.94 371.94 370.43 367.42 367.42
 367.43 367.43 367.43 367.03 367.03 367.03 368.15 368.15 368.15 368.15 368.15 366.20 366.28 366.28 365.77 365.27 365.27 365.27 365.27 366.49 371.94 369.93 367.42 367.42
 365.90 365.90 365.90 366.28 366.21 366.18 366.26 366.20 366.20 366.20 366.11 366.13 366.20 366.24 365.90 365.27 365.27 365.27 366.49 366.49 366.43 366.38 366.80 366.66
 366.04 365.90 366.43 366.28 366.14 366.15 366.32 366.32 366.21 366.10 365.99 366.06 366.20 366.32 366.32 366.32 365.80 366.41 366.49 366.49 366.38 366.33 366.32 366.32
 366.32 366.45 366.58 366.30 366.00 366.16 366.32 366.32 366.32 366.32 366.16 366.32 366.32 366.32 366.32 366.32 366.32 366.32 366.45 366.57 366.26 366.29 366.32 366.32
 366.32 366.32 366.32 366.32 366.32 366.32 366.32 366.32 366.32 366.32 366.32 366.32 366.32 366.32 366.32 366.32 366.32 366.32 366.32 366.32 366.32 366.32 366.32 366.32
 372.66 372.66 372.66 372.66 372.66 372.66 372.66 372.66 372.66 372.66 372.66 372.66 372.66 372.66 372.66 372.66 372.66 372.66 372.66 372.66 372.66 372.66 372.66 372.66
 371.69 369.74 370.50 371.58 372.66 372.66 372.66 372.66 372.66 372.66 372.66 371.89 372.83 373.01 372.83 372.12 372.66 372.66 370.55 372.66 372.66 372.02 371.38 371.80
 372.59 373.67 370.91 370.35 368.27 366.07 370.09 370.74 372.94 377.39 371.13 371.13 371.13 373.01 371.59 371.59 371.23 368.45 368.45 369.44 370.84 370.96 370.78 370.86
 371.67 369.85 368.55 368.55 366.07 366.07 370.09 370.74 372.94 377.39 374.49 371.13 370.92 371.93 372.45 372.45 370.87 370.87 370.19 370.43 370.43 370.09 370.09 371.13
 371.65 370.75 368.55 368.19 366.07 366.07 370.09 371.18 371.62 372.93 371.60 371.26 370.92 371.93 371.93 372.45 370.87 371.71 371.71 371.07 370.23 371.65 371.65 371.65
 371.65 369.84 367.82 367.46 367.46 366.07 370.09 371.28 371.37 371.12 371.36 369.87 369.53 370.36 370.36 371.40 368.05 371.71 371.71 370.23 370.23 370.23 371.65 368.34
 368.34 367.12 367.46 367.46 367.46 367.46 368.77 370.63 370.63 370.55 369.80 367.31 367.31 368.83 369.60 365.22 365.22 365.22 371.71 370.23 370.23 369.60 368.34 368.34
 367.12 367.12 367.12 367.46 367.46 367.46 369.97 369.97 369.97 369.97 369.97 368.52 368.52 368.52 366.87 365.22 365.22 365.22 365.22 366.83 370.23 369.39 368.34 368.34
 366.77 366.77 366.77 366.71 366.60 366.52 366.59 366.60 366.60 366.60 366.50 367.49 368.52 368.52 366.80 365.22 365.22 365.22 366.83 366.83 366.75 366.67 367.49 367.55
 366.70 366.77 366.71 366.71 366.48 366.45 366.57 366.57 366.56 366.50 366.40 366.40 367.16 366.57 366.57 366.57 365.90 366.70 366.83 366.83 366.66 366.60 366.57 366.57
 366.57 366.64 366.71 366.56 366.25 366.41 366.57 366.57 366.57 366.57 366.49 366.57 366.57 366.57 366.57 366.57 366.57 366.57 366.69 366.80 366.49 366.53 366.57 366.57
 366.57 366.57 366.57 366.57 366.57 366.57 366.57 366.57 366.57 366.57 366.57 366.57 366.57 366.57 366.57 366.57 366.57 366.57 366.57 366.57 366.57 366.57 366.57 366.57
 366.51 366.51 366.51 366.51 366.51 366.51 366.51 366.51 366.51 366.51 366.51 366.51 366.51 366.51 366.51 366.51 366.51 366.51 366.51 366.51 366.51 366.51 366.51 366.51
 366.39 362.46 364.50 365.51 366.51 366.51 366.51 366.51 366.51 366.51 366.51 364.96 366.20 365.89 366.20 367.84 366.51 366.51 365.14 366.51 366.51 366.14 365.77 366.75
 370.30 367.81 366.77 366.75 364.73 363.85 366.35 364.64 369.28 374.96 363.41 363.41 363.41 365.89 369.16 369.16 368.88 363.76 363.76 366.02 366.94 366.75 366.48 366.05
 367.77 360.85 367.99 367.99 363.85 363.85 366.35 364.64 369.28 374.96 372.12 363.41 368.99 369.59 368.94 368.94 368.60 368.60 367.35 368.28 368.28 367.63 367.63 367.40
 369.11 364.98 367.99 367.85 363.85 363.85 366.35 367.34 370.05 371.04 369.29 369.14 368.99 369.59 369.59 368.94 368.60 370.01 370.01 369.15 367.89 369.19 369.19 369.13
 369.11 367.05 367.70 367.56 367.56 363.85 366.35 368.65 369.96 369.88 369.59 369.01 369.20 370.47 370.47 369.71 367.28 370.01 370.01 367.89 367.89 367.89 369.19 368.71
 368.71 367.81 367.56 367.56 367.56 367.56 366.96 368.51 368.94 368.91 368.64 368.13 368.13 369.30 369.89 365.96 365.96 365.96 370.01 367.89 367.89 368.16 368.71 368.71
 367.94 367.16 367.36 367.56 367.56 367.56 367.94 367.94 367.94 367.94 367.94 368.47 369.36 369.36 367.66 365.96 365.96 365.96 365.96 367.58 367.89 368.25 368.71 368.71
 367.16 367.16 367.16 367.03 366.93 366.87 366.99 367.02 367.02 367.02 367.16 367.59 368.47 368.91 367.37 365.96 365.96 365.96 367.58 367.58 367.38 367.21 367.87 367.94
 367.09 367.16 367.00 367.03 366.83 366.81 366.96 366.96 366.97 366.94 366.87 367.23 367.55 366.96 366.96 366.96 366.46 367.27 367.58 367.58 367.19 367.03 366.96 366.96
 366.96 366.97 366.97 366.90 366.63 366.79 366.96 366.96 366.96 366.96 366.91 366.96 366.96 366.96 366.96 366.96 366.96 366.96 367.04 367.13 366.79 366.88 366.96 366.96
 366.96 366.96 366.96 366.96 366.96 366.96 366.96 366.96 366.96 366.96 366.96 366.96 366.96 366.96 366.96 366.96 366.96 366.96 366.96 366.96 366.96 366.96 366.96 366.96
 360.66 360.66 360.66 360.66 360.66 360.66 360.66 360.66 360.66 360.66 360.66 360.66 360.66 360.66 360.66 360.66 360.66 360.66 360.66 360.66 360.66 360.66 360.66 360.66
 360.85 359.85 356.30 358.48 360.66 360.66 360.66 360.66 360.66 360.66 360.66 359.91 360.57 360.48 360.57 363.23 360.66 360.66 359.83 360.66 361.75 362.85 360.87 362.03
 371.22 372.45 364.80 362.97 362.84 363.93 365.38 360.63 371.72 374.91 359.17 359.17 359.17 360.48 365.80 365.80 365.91 359.00 359.00 362.26 363.10 362.85 362.73 360.56
 366.56 360.50 365.64 365.64 363.93 363.93 365.38 360.63 371.72 374.91 371.37 359.17 366.93 367.53 368.96 368.96 366.03 366.03 363.93 365.53 365.53 366.75 366.75 364.58
 366.46 363.48 365.64 366.19 363.93 363.93 365.38 364.68 368.74 369.97 367.84 367.38 366.93 367.53 367.53 368.96 366.03 367.27 367.27 366.40 366.01 366.44 366.44 366.46
 366.46 364.97 366.74 367.29 367.29 363.93 365.38 366.62 368.56 368.39 368.12 368.02 368.23 369.40 369.40 369.18 366.30 367.27 367.27 366.01 366.01 366.01 366.44 368.61
 368.61 367.75 367.29 367.29 367.29 367.29 366.34 367.13 367.76 367.70 367.80 368.37 368.37 368.88 369.14 366.57 366.57 366.57 367.27 366.01 366.01 366.88 368.61 368.61
 367.98 367.34 367.31 367.29 367.29 367.29 367.01 367.01 367.01 367.01 367.01 368.17 370.09 370.09 368.33 366.57 366.57 366.57 366.57 367.89 366.01 367.17 368.61 368.61
 367.34 367.34 367.34 367.46 367.38 367.32 367.34 367.29 367.29 367.29 367.01 366.24 368.17 369.13 367.85 366.57 366.57 366.57 367.89 367.89 367.71 367.56 367.99 367.98
 367.35 367.34 367.44 367.46 367.29 367.27 367.38 367.38 367.36 367.40 367.51 366.88 367.47 367.38 367.38 367.38 366.98 367.64 367.89 367.89 367.53 367.41 367.38 367.38
 367.38 367.41 367.43 367.35 367.12 367.25 367.38 367.38 367.38 367.38 367.45 367.38 367.38 367.38 367.38 367.38 367.38 367.38 367.48 367.58 367.18 367.28 367.38 367.38
 367.38 367.38 367.38 367.38 367.38 367.38 367.38 367.38 367.38 367.38 367.38 367.38 367.38 367.38 367.38 367.38 367.38 367.38 367.38 367.38 367.38 367.38 367.38 367.38
 361.34 361.34 361.34 361.34 361.34 361.34 361.34 361.34 361.34 361.34 361.34 361.34 361.34 361.34 361.34 361.34 361.34 361.34 361.34 361.34 361.34 361.34 361.34 361.34
 362.89 364.04 365.30 363.32 361.34 361.34 361.34 361.34 361.34 361.34 361.34 361.52 361.84 362.34 361.84 363.55 361.34 361.34 361.77 361.34 362.18 363.02 361.43 363.04
 371.72 378.75 370.31 366.84 364.71 366.39 368.27 365.09 370.95 371.82 361.70 361.70 361.70 362.34 365.76 365.76 365.36 362.20 362.20 363.42 363.32 363.02 362.81 361.34
 367.46 366.48 366.88 366.88 366.39 366.39 368.27 365.09 370.95 371.82 369.18 361.70 365.70 366.57 371.15 371.15 364.96 364.96 364.33 364.64 364.64 365.67 365.67 364.85
 365.86 366.17 366.88 367.06 366.39 366.39 368.27 365.48 365.87 367.98 366.53 366.12 365.70 366.57 366.57 371.15 364.96 366.14 366.14 365.39 365.59 366.31 366.31 365.97
 365.86 366.01 367.23 367.41 367.41 366.39 368.27 366.13 366.78 367.69 367.11 367.22 367.52 368.74 368.74 369.94 365.60 366.14 366.14 365.59 365.59 365.59 366.31 368.32
 368.32 367.68 367.41 367.41 367.41 367.41 367.84 367.56 367.88 368.19 368.03 368.13 368.13 368.43 368.58 366.24 366.24 366.24 366.14 365.59 365.59 366.50 368.32 368.32
 367.82 367.32 367.37 367.41 367.41 367.41 368.68 368.68 368.68 368.68 368.68 372.70 372.70 372.70 369.47 366.24 366.24 366.24 366.24 367.67 365.59 366.80 368.32 368.32
 367.32 367.32 367.32 367.90 367.77 367.67 367.54 367.49 367.49 367.49 367.62 370.19 372.70 372.70 369.00 366.24 366.24 366.24 367.67 367.67 367.63 367.60 367.91 367.82
 367.41 367.32 367.75 367.90 367.64 367.56 367.59 367.59 367.57 367.62 367.75 367.75 369.35 367.59 367.59 367.59 366.92 367.63 367.67 367.67 367.60 367.58 367.59 367.59
 367.59 367.60 367.60 367.62 367.38 367.49 367.59 367.59 367.59 367.59 367.67 367.59 367.59 367.59 367.59 367.59 367.59 367.59 367.66 367.72 367.52 367.56 367.59 367.59
 367.59 367.59 367.59 367.59 367.59 367.59 367.59 367.59 367.59 367.59 367.59 367.59 367.59 367.59 367.59 367.59 367.59 367.59 367.59 367.59 367.59 367.59 367.59 367.59
 367.03 367.03 367.03 367.03 367.03 367.03 367.03 367.03 367.03 367.03 367.03 367.03 367.03 367.03 367.03 367.03 367.03 367.03 367.03 367.03 367.03 367.03 367.03 367.03
 369.40 375.00 370.80 368.92 367.03 367.03 367.03 367.03 367.03 367.03 367.03 367.72 367.20 367.36 367.20 369.12 367.03 367.03 370.28 367.03 367.27 367.50 366.79 368.75
 378.13 386.70 376.13 371.98 370.18 371.75 369.47 371.63 375.41 377.92 368.41 368.41 368.41 367.36 371.20 371.20 369.69 373.53 373.53 370.54 368.21 367.50 366.61 366.12
 368.75 371.04 370.90 370.90 371.75 371.75 369.47 371.63 375.41 377.92 372.47 368.41 366.89 366.95 373.44 373.44 368.18 368.18 369.75 367.55 367.55 366.91 366.91 367.18
 366.43 368.74 370.90 369.98 371.75 371.75 369.47 370.20 368.76 370.26 367.03 366.96 366.89 366.95 366.95 373.44 368.18 368.19 368.19 367.87 366.40 367.88 367.88 366.79
 366.43 367.58 369.05 368.13 368.13 371.75 369.47 369.12 368.05 367.33 367.18 367.70 368.13 368.94 368.94 371.19 367.34 368.19 368.19 366.40 366.40 366.40 367.88 368.69
 368.69 368.07 368.13 368.13 368.13 368.13 368.80 368.90 368.46 368.22 368.26 368.55 368.55 368.75 368.85 366.49 366.49 366.49 368.19 366.40 366.40 367.16 368.69 368.69
 368.03 367.38 367.75 368.13 368.13 368.13 369.11 369.11 369.11 369.11 369.11 368.65 370.32 370.32 368.41 366.49 366.49 366.49 366.49 367.40 366.40 367.42 368.69 368.69
 367.38 367.38 367.38 367.99 367.85 367.73 367.65 367.61 367.61 367.61 367.39 366.98 368.65 369.49 368.02 366.49 366.49 366.49 367.40 367.40 367.46 367.53 368.14 368.03
 367.48 367.38 367.81 367.99 367.70 367.62 367.69 367.69 367.63 367.60 367.59 367.28 367.88 367.69 367.69 367.69 367.09 367.54 367.40 367.40 367.52 367.60 367.69 367.69
 367.69 367.65 367.62 367.68 367.41 367.55 367.69 367.69 367.69 367.69 367.64 367.69 367.69 367.69 367.69 367.69 367.69 367.69 367.70 367.72 367.65 367.67 367.69 367.69
 367.69 367.69 367.69 367.69 367.69 367.69 367.69 367.69 367.69 367.69 367.69 367.69 367.69 367.69 367.69 367.69 367.69 367.69 367.69 367.69 367.69 367.69 367.69 367.69
 370.05 370.05 370.05 370.05 370.05 370.05 370.05 370.05 370.05 370.05 370.05 370.05 370.05 370.05 370.05 370.05 370.05 370.05 370.05 370.05 370.05 370.05 370.05 370.05
 373.18 380.33 374.80 372.42 370.05 370.05 370.05 370.05 370.05 370.05 370.05 371.51 370.39 370.74 370.39 372.10 370.05 370.05 373.92 370.05 370.81 371.58 371.14 372.54
 380.99 386.04 377.92 374.43 372.53 373.77 369.92 373.43 378.06 380.52 372.97 372.97 372.97 370.74 374.16 374.16 372.68 377.80 377.80 374.46 371.99 371.58 370.64 370.88
 371.76 381.44 372.93 372.93 373.77 373.77 369.92 373.43 378.06 380.52 374.55 372.97 369.21 368.50 370.96 372.68 371.20 371.20 373.58 371.12 371.12 369.90 369.90 370.62
 368.53 374.99 372.93 371.63 373.77 373.77 369.92 372.17 370.91 371.96 368.57 368.89 369.21 368.50 368.50 370.80 371.20 371.83 371.83 371.48 368.31 369.16 369.16 368.69
 368.53 371.76 370.33 369.03 369.03 373.77 369.92 370.77 369.38 367.85 368.21 368.81 369.14 369.23 369.23 369.23 369.12 371.83 371.83 368.31 368.31 368.31 369.16 368.71
 368.71 368.43 369.03 369.03 369.03 369.03 369.48 369.61 368.97 368.46 368.68 368.99 368.99 369.11 369.17 367.03 367.03 367.03 371.83 368.31 368.31 368.44 368.71 368.71
 368.13 367.55 368.29 369.03 369.03 369.03 369.07 369.07 369.07 369.07 369.07 369.00 370.65 370.65 368.84 367.03 367.03 367.03 367.03 367.10 368.31 368.49 368.71 368.71
 367.55 367.55 367.55 367.83 367.72 367.65 367.66 367.59 367.59 367.59 367.48 367.34 369.00 369.83 368.35 367.03 367.03 367.03 367.10 367.10 367.21 367.34 368.19 368.13
 367.61 367.55 367.77 367.83 367.61 367.58 367.72 367.72 367.62 367.55 367.51 367.42 368.05 367.72 367.72 367.72 367.38 367.41 367.10 367.10 367.31 367.47 367.72 367.72
 367.72 367.72 367.71 367.66 367.39 367.56 367.72 367.72 367.72 367.72 367.62 367.72 367.72 367.72 367.72 367.72 367.72 367.72 367.70 367.68 367.52 367.62 367.72 367.72
 367.72 367.72 367.72 367.72 367.72 367.72 367.72 367.72 367.72 367.72 367.72 367.72 367.72 367.72 367.72 367.72 367.72 367.72 367.72 367.72 367.72 367.72 367.72 367.72
 373.94 373.94 373.94 373.94 373.94 373.94 373.94 373.94 373.94 373.94 373.94 373.94 373.94 373.94 373.94 373.94 373.94 373.94 373.94 373.94 373.94 373.94 373.94 373.94
 374.76 378.50 376.30 375.12 373.94 373.94 373.94 373.94 373.94 373.94 373.94 374.06 373.63 373.33 373.63 373.57 373.94 373.94 374.92 373.94 373.28 372.62 372.75 375.07
 383.40 395.32 381.76 376.84 373.74 373.64 371.19 375.27 377.78 381.19 374.18 374.18 374.09 373.99 373.60 373.21 372.98 375.91 375.91 374.20 373.15 372.62 372.79 373.52
 373.10 386.96 373.65 373.65 373.64 373.64 371.19 375.27 377.78 381.19 376.32 374.18 370.52 371.87 372.05 372.98 372.76 372.76 373.95 372.50 372.50 372.09 372.09 372.70
 370.89 378.92 373.65 372.40 373.64 373.64 371.19 374.22 373.17 373.75 371.46 370.99 370.52 369.76 369.76 371.83 372.76 373.46 373.46 372.98 370.15 370.73 370.73 370.85
 370.89 372.65 371.15 369.90 369.90 373.64 371.19 372.70 371.18 369.18 370.32 370.10 369.93 370.11 370.11 370.11 369.92 373.46 373.46 370.15 370.15 370.15 370.73 368.21
 368.21 368.13 369.90 369.90 369.90 369.90 370.54 370.92 370.19 369.52 369.71 369.15 369.15 369.63 369.87 367.08 367.08 367.08 373.46 370.15 370.15 369.50 368.21 368.21
 368.13 368.13 368.13 369.90 369.90 369.90 369.86 369.86 369.86 369.86 369.86 373.25 373.25 373.25 370.16 367.08 367.08 367.08 367.08 366.65 370.15 369.29 368.21 368.21
 367.27 367.27 367.27 367.57 367.54 367.55 367.61 367.49 367.49 367.49 367.42 370.32 373.25 373.25 369.56 367.08 367.08 367.08 366.65 366.65 366.72 366.89 367.89 367.74
 367.42 367.27 367.62 367.57 367.52 367.56 367.73 367.73 367.54 367.42 367.35 367.35 369.44 367.73 367.73 367.73 367.40 367.19 366.65 366.65 366.79 367.06 367.73 367.73
 367.73 367.70 367.67 367.61 367.47 367.60 367.73 367.73 367.73 367.73 367.54 367.73 367.73 367.73 367.73 367.73 367.73 367.73 367.58 367.44 366.94 367.33 367.73 367.73
 367.73 367.73 367.73 367.73 367.73 367.73 367.73 367.73 367.73 367.73 367.73 367.73 367.73 367.73 367.73 367.73 367.73 367.73 367.73 367.73 367.73 367.73 367.73 367.73
