2009 MONTHLY CO2 (PPMV)   24  12  LON/LAT (N-S/0-360E) IN 15 DEGREE RESOLUTION,  GLB ANNUAL MEAN = 386.39,  GROWTH RATE = 1.20,  MISS DATA = -99.99
 392.30 392.30 392.30 392.30 392.30 392.30 392.30 392.30 392.30 392.30 392.30 392.30 392.30 392.30 392.30 392.30 392.30 392.30 392.30 392.30 392.30 392.30 392.30 392.30
 393.19 393.71 393.52 392.44 392.10 391.62 391.37 392.18 393.09 393.27 392.80 392.52 392.64 392.86 392.81 392.73 392.64 392.86 392.61 392.12 391.23 390.70 390.85 391.59
 391.44 392.30 390.77 392.04 392.22 391.28 391.06 391.97 393.58 393.86 392.83 391.89 391.62 391.76 392.07 392.17 392.76 392.88 392.78 391.51 390.40 390.08 390.36 391.43
 390.23 387.02 388.78 390.77 392.06 391.53 390.52 391.58 393.10 392.88 391.76 390.67 390.07 390.00 390.50 391.57 392.10 392.60 391.69 390.19 389.27 389.05 389.56 390.69
 387.01 385.87 385.28 389.16 389.96 388.78 388.41 389.44 390.62 390.64 389.64 389.00 388.41 388.13 388.92 390.09 391.26 391.10 390.18 388.93 388.26 388.10 388.48 389.12
 386.58 385.68 386.10 387.02 387.13 385.45 384.58 386.25 387.59 387.84 387.64 387.41 387.08 387.18 387.54 388.25 388.53 388.59 388.42 388.11 387.82 387.36 387.15 386.79
 385.23 385.24 385.68 386.38 385.10 382.98 381.71 383.26 385.19 386.20 386.07 385.89 385.91 386.29 386.44 386.27 385.73 385.94 386.54 386.95 386.98 386.52 385.83 385.28
 384.40 384.41 384.83 385.35 384.61 382.91 381.78 382.73 384.10 385.08 384.90 384.90 385.07 385.50 385.47 384.74 384.10 384.15 384.51 385.00 385.33 385.17 384.89 384.53
 384.12 384.05 384.02 384.11 383.72 383.25 382.62 383.15 383.83 384.10 384.10 384.27 384.66 384.95 384.71 384.32 383.86 383.69 383.46 383.49 383.69 383.93 384.14 384.19
 383.82 383.71 383.48 383.35 383.42 383.46 383.44 383.54 383.60 383.51 383.34 383.76 384.29 384.61 384.46 384.13 383.77 383.40 383.13 382.97 383.07 383.28 383.56 383.79
 383.58 383.54 383.45 383.50 383.63 383.69 383.63 383.58 383.45 383.16 383.03 383.24 383.84 384.34 384.47 384.14 383.64 383.25 383.12 383.10 383.12 383.24 383.40 383.53
 383.49 383.49 383.49 383.49 383.49 383.49 383.49 383.49 383.49 383.49 383.49 383.49 383.49 383.49 383.49 383.49 383.49 383.49 383.49 383.49 383.49 383.49 383.49 383.49
 393.09 393.09 393.09 393.09 393.09 393.09 393.09 393.09 393.09 393.09 393.09 393.09 393.09 393.09 393.09 393.09 393.09 393.09 393.09 393.09 393.09 393.09 393.09 393.09
 393.95 394.98 395.20 394.38 393.58 392.45 392.22 393.20 394.32 394.47 393.89 393.34 393.10 392.94 392.79 392.69 392.64 392.74 392.51 392.17 391.65 391.34 391.46 392.40
 392.12 392.99 392.06 393.46 392.98 391.78 391.72 393.14 394.82 395.16 393.87 392.77 392.21 392.02 392.05 392.23 392.71 392.91 392.80 391.87 391.05 390.76 390.91 391.94
 390.50 387.76 389.78 391.70 392.55 391.78 391.29 392.59 394.43 394.03 392.71 391.38 390.67 390.47 390.84 391.74 392.36 392.79 392.17 390.99 390.07 389.69 390.04 391.22
 387.49 386.52 386.26 389.96 390.38 389.20 389.03 390.47 391.67 391.74 390.43 389.62 388.99 388.83 389.60 390.74 391.76 391.86 391.18 389.97 389.09 388.66 388.88 389.43
 386.75 386.04 386.66 387.60 387.73 385.96 385.24 387.00 388.48 388.70 388.33 387.85 387.56 387.86 388.32 388.89 389.11 389.37 389.41 389.10 388.59 387.78 387.30 386.83
 384.95 385.12 385.84 386.64 385.58 383.57 382.49 383.94 385.78 386.76 386.51 386.17 386.22 386.81 387.01 386.64 385.94 386.29 387.18 387.69 387.64 386.82 385.73 384.94
 383.89 384.00 384.76 385.42 384.77 383.58 382.63 383.33 384.40 385.32 385.07 385.01 385.19 385.75 385.71 384.75 383.90 384.10 384.73 385.50 385.83 385.36 384.69 384.05
 383.63 383.64 383.81 383.97 383.83 383.58 383.21 383.50 383.92 384.15 384.19 384.34 384.70 385.03 384.71 384.19 383.64 383.61 383.64 383.85 384.07 384.12 384.04 383.80
 383.47 383.39 383.28 383.26 383.38 383.50 383.48 383.54 383.56 383.56 383.46 383.85 384.32 384.60 384.38 383.98 383.62 383.41 383.28 383.28 383.41 383.55 383.56 383.51
 383.34 383.33 383.29 383.34 383.44 383.48 383.40 383.35 383.31 383.20 383.17 383.37 383.91 384.34 384.41 384.05 383.60 383.30 383.26 383.33 383.47 383.46 383.39 383.34
 383.46 383.46 383.46 383.46 383.46 383.46 383.46 383.46 383.46 383.46 383.46 383.46 383.46 383.46 383.46 383.46 383.46 383.46 383.46 383.46 383.46 383.46 383.46 383.46
 393.67 393.67 393.67 393.67 393.67 393.67 393.67 393.67 393.67 393.67 393.67 393.67 393.67 393.67 393.67 393.67 393.67 393.67 393.67 393.67 393.67 393.67 393.67 393.67
 394.45 395.05 395.72 395.15 394.31 393.05 392.73 393.41 394.36 394.91 394.55 393.89 393.40 393.42 393.24 393.03 392.89 393.05 392.82 392.61 392.20 392.13 392.58 393.30
 392.27 392.63 392.10 393.66 393.13 392.29 392.37 393.34 394.51 394.97 394.08 392.83 392.25 392.37 392.50 392.47 392.95 393.23 393.27 392.35 391.53 391.23 391.80 392.83
 390.46 387.40 389.43 391.38 392.45 392.12 392.15 393.02 394.11 394.00 392.79 391.38 390.56 390.88 391.49 392.20 392.64 393.20 392.63 391.48 390.44 390.00 390.51 391.58
 387.46 386.29 385.96 389.58 390.19 389.60 389.67 390.99 392.07 392.18 391.05 389.96 389.22 389.36 390.50 391.54 392.32 392.25 391.55 390.38 389.46 388.83 388.96 389.30
 386.58 385.79 386.28 387.31 387.79 386.23 385.63 387.54 389.15 389.57 389.11 388.47 388.04 388.53 389.18 389.79 389.82 389.78 389.75 389.54 389.08 388.07 387.27 386.72
 384.69 384.82 385.46 386.45 385.62 383.73 382.71 384.23 386.19 387.22 386.94 386.50 386.56 387.21 387.59 387.31 386.49 386.72 387.56 388.15 388.10 386.99 385.46 384.52
 383.66 383.89 384.63 385.32 384.85 383.68 382.73 383.39 384.35 385.24 385.02 385.02 385.18 385.84 385.96 385.14 384.31 384.47 385.11 385.90 386.19 385.35 384.30 383.58
 383.58 383.70 383.90 384.07 383.89 383.62 383.22 383.40 383.70 383.88 384.02 384.18 384.49 384.87 384.79 384.47 384.01 383.96 383.95 384.16 384.31 384.13 383.81 383.57
 383.48 383.48 383.43 383.42 383.47 383.49 383.43 383.44 383.40 383.44 383.43 383.75 384.08 384.34 384.32 384.17 383.92 383.69 383.52 383.52 383.60 383.64 383.54 383.48
 383.38 383.40 383.39 383.42 383.46 383.44 383.35 383.28 383.26 383.22 383.24 383.41 383.78 384.10 384.22 384.07 383.78 383.51 383.44 383.49 383.65 383.58 383.44 383.36
 383.48 383.48 383.48 383.48 383.48 383.48 383.48 383.48 383.48 383.48 383.48 383.48 383.48 383.48 383.48 383.48 383.48 383.48 383.48 383.48 383.48 383.48 383.48 383.48
 393.98 393.98 393.98 393.98 393.98 393.98 393.98 393.98 393.98 393.98 393.98 393.98 393.98 393.98 393.98 393.98 393.98 393.98 393.98 393.98 393.98 393.98 393.98 393.98
 393.62 392.99 392.78 392.66 392.91 392.55 393.29 394.51 395.77 396.24 395.75 394.93 394.41 394.46 394.17 393.62 393.13 393.23 393.40 393.38 393.01 392.76 392.90 393.64
 389.90 388.49 387.34 391.78 391.95 392.01 392.92 394.71 395.91 396.29 395.04 393.71 393.22 393.41 393.43 392.94 392.84 392.80 393.08 392.76 392.25 391.96 392.22 393.12
 387.66 380.97 384.45 389.05 391.54 391.67 392.91 394.24 395.54 394.98 393.39 392.04 391.52 391.94 392.40 392.78 392.53 392.63 392.33 391.75 391.16 390.84 391.13 392.21
 385.39 382.38 381.33 387.83 389.37 389.40 390.31 392.19 393.12 392.85 391.28 390.37 389.97 390.24 391.38 392.29 392.55 392.17 391.66 390.90 390.27 389.73 389.78 389.88
 386.38 384.53 384.51 385.39 386.97 386.17 386.43 388.38 389.91 389.94 389.24 388.58 388.29 388.98 389.88 390.51 390.32 390.10 390.17 390.22 389.94 388.82 387.76 387.03
 384.84 384.99 385.27 385.42 384.84 383.77 383.48 384.89 386.68 387.48 387.01 386.35 386.33 387.25 387.93 387.86 386.96 387.13 388.04 388.82 388.86 387.49 385.57 384.45
 383.74 384.13 384.54 384.80 384.40 383.75 383.25 383.85 384.64 385.39 385.01 384.79 384.83 385.62 386.02 385.40 384.64 384.80 385.54 386.45 386.75 385.60 384.22 383.42
 383.75 383.91 384.02 384.04 383.90 383.72 383.53 383.68 383.90 383.96 384.02 384.02 384.16 384.58 384.72 384.64 384.30 384.26 384.30 384.53 384.64 384.26 383.77 383.57
 383.68 383.70 383.64 383.62 383.62 383.65 383.66 383.70 383.59 383.57 383.51 383.68 383.82 384.01 384.18 384.27 384.17 383.97 383.79 383.78 383.79 383.75 383.61 383.61
 383.56 383.59 383.58 383.59 383.61 383.62 383.62 383.60 383.53 383.44 383.41 383.48 383.65 383.82 383.96 384.03 383.94 383.74 383.66 383.68 383.79 383.70 383.57 383.52
 383.60 383.60 383.60 383.60 383.60 383.60 383.60 383.60 383.60 383.60 383.60 383.60 383.60 383.60 383.60 383.60 383.60 383.60 383.60 383.60 383.60 383.60 383.60 383.60
 392.74 392.74 392.74 392.74 392.74 392.74 392.74 392.74 392.74 392.74 392.74 392.74 392.74 392.74 392.74 392.74 392.74 392.74 392.74 392.74 392.74 392.74 392.74 392.74
 392.13 391.22 390.85 390.62 390.63 389.98 390.58 391.77 393.15 393.87 393.98 393.84 393.78 393.79 393.38 392.65 392.01 392.28 392.92 393.06 392.68 392.28 392.21 392.53
 387.97 386.49 385.65 389.67 389.47 389.43 390.16 391.84 393.25 394.20 394.00 393.46 393.19 393.10 392.82 391.86 391.42 391.38 392.10 392.33 391.98 391.64 391.53 391.74
 386.12 379.69 382.98 387.05 389.04 388.98 390.29 391.34 392.97 393.57 393.24 392.60 392.21 392.12 392.05 391.82 391.09 391.20 391.47 391.51 391.19 390.81 390.73 391.07
 385.18 381.99 380.76 386.33 387.34 387.24 388.03 389.87 391.25 392.10 391.68 391.15 390.67 390.70 391.27 391.61 391.53 391.28 391.38 391.13 390.70 390.08 389.81 389.60
 386.81 384.95 384.38 384.57 385.48 384.57 384.87 386.87 388.89 389.77 389.50 388.89 388.44 388.99 389.84 390.15 389.79 389.78 390.25 390.70 390.58 389.44 388.27 387.54
 385.67 385.72 385.67 384.94 383.95 382.82 382.52 384.08 386.22 387.45 387.07 386.34 386.17 387.15 387.85 387.75 386.77 387.02 388.26 389.35 389.55 388.30 386.46 385.35
 384.55 384.83 384.85 384.68 383.87 383.23 382.73 383.39 384.41 385.34 384.94 384.65 384.66 385.46 385.92 385.29 384.51 384.76 385.77 386.95 387.40 386.41 385.18 384.38
 384.35 384.37 384.32 384.12 383.85 383.64 383.42 383.62 383.86 384.03 384.02 383.96 384.05 384.45 384.58 384.49 384.17 384.27 384.56 384.95 385.13 384.85 384.49 384.28
 384.10 384.05 383.88 383.77 383.68 383.75 383.82 383.94 383.82 383.74 383.62 383.69 383.76 383.91 384.05 384.15 384.12 384.10 384.07 384.15 384.15 384.13 384.03 384.06
 383.84 383.84 383.76 383.68 383.62 383.70 383.86 383.95 383.85 383.65 383.54 383.55 383.65 383.75 383.86 383.97 384.00 383.96 383.96 383.98 384.10 383.98 383.84 383.80
 383.77 383.77 383.77 383.77 383.77 383.77 383.77 383.77 383.77 383.77 383.77 383.77 383.77 383.77 383.77 383.77 383.77 383.77 383.77 383.77 383.77 383.77 383.77 383.77
 389.41 389.41 389.41 389.41 389.41 389.41 389.41 389.41 389.41 389.41 389.41 389.41 389.41 389.41 389.41 389.41 389.41 389.41 389.41 389.41 389.41 389.41 389.41 389.41
 388.98 388.61 389.23 389.16 388.03 386.03 385.73 386.68 388.16 388.77 388.55 388.77 389.56 390.50 390.28 390.05 389.97 390.64 391.01 390.81 389.96 389.23 389.01 389.23
 385.93 385.31 385.62 387.50 386.13 385.07 385.05 386.59 388.43 389.73 389.31 388.62 388.99 389.49 389.74 389.27 389.73 390.33 391.21 390.64 389.63 388.91 388.65 388.22
 384.66 381.52 383.47 385.04 385.33 384.54 385.20 386.22 388.62 389.94 389.54 388.89 388.83 389.18 389.25 389.24 389.28 390.46 390.84 390.38 389.45 388.76 388.32 387.96
 385.24 383.17 382.59 385.01 384.78 384.12 384.32 386.18 388.23 389.58 389.27 388.69 388.61 388.95 389.19 389.09 389.61 390.00 390.53 390.14 389.54 388.78 388.21 387.56
 386.84 385.82 385.09 384.83 384.53 383.25 383.22 385.12 387.36 388.58 388.21 387.54 387.48 388.10 388.62 388.38 388.07 388.56 389.30 389.81 389.69 388.81 387.80 387.38
 386.32 386.27 386.22 385.48 384.27 382.90 382.33 383.71 385.74 386.94 386.58 385.89 385.85 386.87 387.30 386.84 385.87 386.22 387.60 388.70 388.97 388.21 387.05 386.28
 385.37 385.39 385.35 385.15 384.14 383.35 382.74 383.32 384.25 385.09 384.83 384.64 384.72 385.44 385.74 384.99 384.17 384.48 385.53 386.72 387.24 386.81 386.17 385.55
 384.95 384.81 384.71 384.46 384.11 383.80 383.54 383.68 383.86 384.04 384.05 384.09 384.23 384.57 384.53 384.28 383.91 384.13 384.59 385.06 385.35 385.38 385.33 385.13
 384.53 384.40 384.20 384.05 383.95 383.99 384.04 384.13 384.01 383.90 383.79 383.88 383.99 384.11 384.09 384.02 383.96 384.13 384.26 384.43 384.51 384.61 384.58 384.58
 384.18 384.13 384.03 383.98 383.93 384.00 384.14 384.22 384.10 383.87 383.73 383.75 383.87 383.98 384.01 384.01 384.05 384.14 384.23 384.31 384.47 384.37 384.23 384.17
 384.05 384.05 384.05 384.05 384.05 384.05 384.05 384.05 384.05 384.05 384.05 384.05 384.05 384.05 384.05 384.05 384.05 384.05 384.05 384.05 384.05 384.05 384.05 384.05
 382.56 382.56 382.56 382.56 382.56 382.56 382.56 382.56 382.56 382.56 382.56 382.56 382.56 382.56 382.56 382.56 382.56 382.56 382.56 382.56 382.56 382.56 382.56 382.56
 383.38 382.57 381.70 381.48 381.63 381.55 382.03 382.86 383.48 382.52 380.40 379.95 380.86 382.38 383.07 385.08 387.07 388.22 386.98 385.52 383.69 382.70 382.59 383.65
 383.88 382.68 381.73 382.05 381.67 381.57 381.63 382.82 384.55 385.03 383.20 380.91 381.24 382.14 383.80 385.68 388.62 390.30 390.34 387.10 384.58 383.53 383.58 383.81
 383.60 382.47 382.50 382.77 382.68 381.98 382.09 382.81 385.30 386.80 385.41 383.72 383.22 383.92 384.75 386.05 388.34 391.16 390.66 388.16 386.00 385.17 384.71 385.10
 384.46 383.19 383.18 384.58 384.53 383.51 382.68 383.90 386.12 387.21 386.78 385.74 385.69 386.01 386.01 385.94 387.84 389.01 389.16 387.81 387.07 386.52 386.15 385.40
 386.02 385.45 385.08 385.63 386.06 384.66 383.55 384.46 386.23 387.19 386.75 386.24 386.36 386.71 386.62 386.03 386.07 386.85 387.36 387.35 387.23 386.92 386.51 386.47
 386.35 386.12 386.02 386.00 385.84 384.85 383.62 384.06 385.50 386.33 386.04 385.63 385.75 386.44 386.39 385.58 384.81 385.14 386.15 386.76 386.93 386.82 386.65 386.46
 385.79 385.63 385.44 385.40 384.95 384.33 383.68 383.85 384.61 385.28 385.08 384.95 385.02 385.52 385.57 384.80 384.09 384.35 385.06 385.84 386.20 386.34 386.36 386.15
 385.24 384.98 384.98 384.83 384.56 384.28 384.03 384.16 384.37 384.55 384.56 384.53 384.59 384.82 384.67 384.32 383.96 384.23 384.72 385.12 385.42 385.67 385.81 385.56
 384.69 384.57 384.53 384.57 384.53 384.48 384.43 384.45 384.40 384.39 384.34 384.38 384.41 384.46 384.32 384.15 384.09 384.37 384.61 384.88 385.05 385.24 385.13 384.94
 384.46 384.38 384.40 384.48 384.55 384.54 384.50 384.47 384.43 384.35 384.30 384.31 384.36 384.38 384.32 384.25 384.30 384.46 384.62 384.78 385.07 384.98 384.77 384.56
 384.50 384.50 384.50 384.50 384.50 384.50 384.50 384.50 384.50 384.50 384.50 384.50 384.50 384.50 384.50 384.50 384.50 384.50 384.50 384.50 384.50 384.50 384.50 384.50
 378.23 378.23 378.23 378.23 378.23 378.23 378.23 378.23 378.23 378.23 378.23 378.23 378.23 378.23 378.23 378.23 378.23 378.23 378.23 378.23 378.23 378.23 378.23 378.23
 379.64 379.61 379.17 378.90 379.51 380.09 380.82 381.23 380.93 379.08 376.51 375.44 375.58 376.32 377.60 380.38 382.70 383.02 380.96 379.50 378.40 378.11 378.31 379.30
 381.31 380.74 379.42 379.85 379.97 380.34 380.67 381.47 382.06 381.47 379.26 377.07 377.04 377.77 379.68 382.43 385.02 385.87 384.97 381.97 380.09 379.42 379.80 380.59
 381.91 380.27 380.27 380.65 380.93 380.68 381.06 381.70 383.06 383.51 382.09 380.50 380.03 380.59 381.77 383.11 385.24 387.00 386.31 384.22 382.42 381.76 381.56 382.59
 382.40 381.26 380.86 382.48 382.50 381.82 381.50 382.66 384.17 384.86 384.45 383.48 383.36 383.69 383.51 383.18 384.56 385.47 385.53 384.58 384.09 383.71 383.67 383.59
 384.72 383.86 383.69 383.94 384.06 382.81 382.11 383.21 384.83 385.88 385.50 384.98 385.14 385.30 384.84 383.85 383.80 384.43 384.67 384.47 384.35 384.55 384.86 385.22
 386.08 385.65 385.33 385.27 384.66 383.49 382.40 383.13 384.75 385.82 385.59 385.32 385.49 385.90 385.52 384.55 383.97 384.10 384.47 384.52 384.57 385.12 385.91 386.35
 386.16 385.79 385.43 385.29 384.86 384.03 383.18 383.49 384.54 385.50 385.32 385.18 385.22 385.51 385.42 384.76 384.25 384.34 384.56 384.75 384.89 385.58 386.30 386.59
 385.60 385.29 385.31 385.25 384.98 384.70 384.21 384.35 384.65 385.07 385.05 384.94 384.91 385.05 384.87 384.54 384.24 384.44 384.79 384.97 385.15 385.52 385.92 385.89
 384.98 384.91 384.97 385.12 385.08 384.99 384.86 384.83 384.81 384.91 384.89 384.87 384.81 384.79 384.62 384.43 384.37 384.64 384.88 385.06 385.12 385.25 385.28 385.21
 384.78 384.74 384.83 384.94 384.98 384.92 384.86 384.81 384.82 384.85 384.87 384.86 384.83 384.77 384.67 384.56 384.61 384.77 384.90 384.96 385.05 385.01 384.93 384.83
 384.84 384.84 384.84 384.84 384.84 384.84 384.84 384.84 384.84 384.84 384.84 384.84 384.84 384.84 384.84 384.84 384.84 384.84 384.84 384.84 384.84 384.84 384.84 384.84
 379.63 379.63 379.63 379.63 379.63 379.63 379.63 379.63 379.63 379.63 379.63 379.63 379.63 379.63 379.63 379.63 379.63 379.63 379.63 379.63 379.63 379.63 379.63 379.63
 380.79 380.67 379.34 378.31 380.06 382.21 383.67 383.99 383.38 381.80 380.00 379.17 379.11 379.30 380.26 381.61 382.25 381.52 379.89 379.03 378.60 378.56 378.84 379.73
 380.21 380.17 378.66 380.90 382.14 383.17 383.91 384.24 384.15 383.11 381.33 380.07 380.06 380.81 381.97 383.26 383.76 383.10 382.07 380.56 379.68 379.39 379.74 380.54
 379.82 376.37 379.23 382.37 384.20 384.06 384.00 384.11 384.30 383.69 382.54 381.36 381.35 381.86 382.96 383.57 383.80 383.71 383.11 382.24 381.34 380.91 380.78 381.89
 379.86 378.50 378.66 384.26 385.46 384.35 383.40 383.44 383.97 384.21 383.67 382.81 382.76 383.32 383.46 383.06 383.31 383.15 383.05 382.88 382.68 382.45 382.54 382.78
 384.06 382.78 383.16 384.55 385.70 384.03 382.26 382.50 383.90 384.89 384.65 384.05 384.36 384.59 384.23 383.43 383.19 383.25 383.17 383.15 383.14 383.66 384.20 384.80
 386.10 385.75 385.57 385.79 385.18 383.49 381.48 382.04 383.96 385.34 385.21 385.04 385.26 385.56 385.16 384.36 383.94 383.84 383.73 383.62 383.71 384.58 385.79 386.45
 386.35 385.94 385.61 385.56 385.01 383.89 382.66 382.89 384.22 385.41 385.32 385.25 385.31 385.49 385.37 384.90 384.58 384.58 384.55 384.47 384.53 385.45 386.45 386.87
 385.78 385.45 385.44 385.34 384.99 384.69 384.07 384.24 384.61 385.19 385.17 385.10 385.08 385.19 385.07 384.84 384.64 384.80 385.06 385.14 385.28 385.71 386.17 386.14
 385.21 385.15 385.14 385.21 385.19 385.17 385.06 385.06 385.01 385.09 385.06 385.03 385.00 384.98 384.88 384.76 384.75 385.01 385.23 385.39 385.45 385.56 385.55 385.44
 385.05 385.05 385.09 385.13 385.17 385.17 385.15 385.13 385.10 385.07 385.05 385.03 385.00 384.97 384.90 384.86 384.96 385.13 385.26 385.31 385.37 385.29 385.17 385.06
 385.12 385.12 385.12 385.12 385.12 385.12 385.12 385.12 385.12 385.12 385.12 385.12 385.12 385.12 385.12 385.12 385.12 385.12 385.12 385.12 385.12 385.12 385.12 385.12
 385.30 385.30 385.30 385.30 385.30 385.30 385.30 385.30 385.30 385.30 385.30 385.30 385.30 385.30 385.30 385.30 385.30 385.30 385.30 385.30 385.30 385.30 385.30 385.30
 386.98 387.66 386.81 385.79 386.11 386.93 387.79 388.54 388.89 388.24 387.00 386.16 385.91 385.76 386.37 386.95 386.86 386.22 384.57 383.68 383.04 383.06 383.79 385.37
 388.64 389.40 388.25 387.39 387.27 387.35 387.66 388.65 389.50 389.25 387.67 386.39 386.22 386.94 387.46 387.76 388.15 387.53 386.77 384.69 383.48 383.55 384.36 385.98
 387.72 388.67 389.23 389.00 388.59 387.93 387.73 388.20 389.21 388.66 387.10 385.76 385.86 386.13 386.85 387.47 387.53 387.96 386.88 385.18 384.05 383.93 384.50 386.03
 385.52 386.42 387.55 389.01 388.98 387.78 386.67 386.91 387.40 387.04 385.77 385.10 385.12 385.26 385.60 385.80 386.71 386.31 385.68 384.67 384.18 384.26 384.67 385.23
 385.63 385.63 386.31 387.71 388.37 386.80 384.93 384.84 385.61 385.47 385.13 384.94 385.25 385.32 385.07 385.06 385.21 385.19 384.75 384.31 384.11 384.48 385.14 385.54
 386.03 385.55 385.46 386.30 386.58 385.36 383.37 383.41 384.55 385.23 385.16 385.27 385.55 385.74 385.48 385.01 384.72 384.72 384.62 384.43 384.37 385.02 386.01 386.49
 386.18 385.70 385.45 385.60 385.49 384.75 383.76 383.69 384.56 385.30 385.29 385.32 385.45 385.59 385.48 385.05 384.75 384.82 384.88 384.89 384.93 385.67 386.47 386.72
 385.84 385.58 385.47 385.35 385.07 384.86 384.48 384.63 384.88 385.23 385.22 385.20 385.22 385.33 385.19 384.97 384.79 384.96 385.24 385.36 385.53 385.91 386.28 386.19
 385.49 385.42 385.38 385.34 385.28 385.24 385.19 385.21 385.16 385.14 385.08 385.09 385.11 385.12 385.03 384.91 384.91 385.18 385.41 385.60 385.72 385.84 385.77 385.63
 385.32 385.32 385.32 385.33 385.34 385.33 385.32 385.30 385.24 385.12 385.05 385.04 385.07 385.08 385.04 385.02 385.13 385.33 385.47 385.58 385.72 385.61 385.43 385.31
 385.29 385.29 385.29 385.29 385.29 385.29 385.29 385.29 385.29 385.29 385.29 385.29 385.29 385.29 385.29 385.29 385.29 385.29 385.29 385.29 385.29 385.29 385.29 385.29
 390.22 390.22 390.22 390.22 390.22 390.22 390.22 390.22 390.22 390.22 390.22 390.22 390.22 390.22 390.22 390.22 390.22 390.22 390.22 390.22 390.22 390.22 390.22 390.22
 393.16 394.77 395.26 393.79 392.32 390.37 389.65 390.41 391.18 391.38 390.95 390.23 389.52 388.92 389.26 389.84 390.13 390.13 389.01 388.40 388.08 388.54 389.47 390.75
 390.88 392.31 390.97 392.24 390.87 389.29 389.20 390.38 391.54 391.67 391.04 390.20 389.67 389.77 389.95 390.27 391.13 391.19 390.85 388.98 387.91 388.27 388.89 390.22
 387.75 384.50 387.53 389.29 389.74 388.61 388.84 390.09 391.07 390.85 389.86 389.07 389.01 388.92 389.24 389.98 390.55 391.50 390.53 388.72 387.51 387.33 387.82 389.03
 383.99 382.54 382.53 387.35 387.58 387.13 387.57 388.76 389.40 388.83 387.87 387.69 387.70 387.45 387.80 388.49 389.79 389.75 389.03 387.56 386.67 386.57 386.87 387.17
 385.58 383.69 383.97 384.94 386.09 385.13 385.50 386.78 387.32 386.81 386.50 386.63 386.72 386.67 386.73 387.49 388.21 388.40 387.78 386.80 386.20 386.11 386.38 386.42
 385.79 384.78 384.22 385.11 384.83 384.08 383.67 384.96 385.76 386.03 385.94 386.02 386.16 386.32 386.48 386.79 387.05 387.17 386.73 386.22 385.94 386.07 386.35 386.44
 385.98 385.25 384.95 385.00 384.99 384.39 383.88 384.35 385.22 385.76 385.65 385.67 385.79 385.98 386.27 386.44 386.37 386.04 385.74 385.58 385.60 385.97 386.34 386.40
 386.11 385.92 385.41 385.16 384.95 384.94 384.60 384.79 385.08 385.38 385.40 385.43 385.51 385.69 385.93 386.08 385.75 385.35 385.11 385.18 385.39 385.75 386.09 386.20
 385.92 385.79 385.49 385.22 385.13 385.17 385.17 385.23 385.18 385.18 385.13 385.22 385.33 385.44 385.63 385.66 385.50 385.22 385.11 385.18 385.38 385.59 385.67 385.80
 385.53 385.50 385.32 385.22 385.17 385.21 385.24 385.26 385.20 385.10 385.05 385.09 385.21 385.32 385.42 385.41 385.31 385.20 385.20 385.33 385.51 385.49 385.41 385.45
 385.26 385.26 385.26 385.26 385.26 385.26 385.26 385.26 385.26 385.26 385.26 385.26 385.26 385.26 385.26 385.26 385.26 385.26 385.26 385.26 385.26 385.26 385.26 385.26
 392.65 392.65 392.65 392.65 392.65 392.65 392.65 392.65 392.65 392.65 392.65 392.65 392.65 392.65 392.65 392.65 392.65 392.65 392.65 392.65 392.65 392.65 392.65 392.65
 396.40 396.46 395.30 393.33 392.15 391.04 391.14 392.58 393.54 393.61 392.95 392.38 391.98 391.79 391.76 392.19 392.64 393.13 392.47 391.67 391.02 391.43 392.75 394.33
 392.89 393.40 390.86 392.04 390.93 389.84 390.74 392.60 394.19 394.08 393.09 392.00 391.43 391.26 391.48 391.91 393.20 393.84 393.64 391.57 390.23 390.85 391.43 392.99
 388.53 384.56 387.27 389.34 389.92 389.21 390.19 392.57 393.81 393.37 391.98 390.83 390.30 390.19 390.48 391.60 392.69 393.88 392.64 390.53 389.47 389.41 389.81 390.83
 384.65 382.45 382.42 387.70 387.99 387.75 388.97 390.97 392.01 391.20 389.85 389.28 388.93 388.75 389.29 390.41 391.86 391.79 390.61 389.10 388.39 388.35 388.53 388.49
 386.01 384.08 384.32 385.56 386.71 385.79 386.56 388.55 389.29 388.67 388.05 387.85 387.67 387.77 388.23 389.34 390.10 389.98 389.19 388.35 387.98 387.63 387.45 387.16
 386.04 385.23 384.94 385.90 385.51 384.55 384.23 385.92 386.87 387.07 386.82 386.74 386.76 387.08 387.55 388.27 388.33 388.27 387.69 387.50 387.36 387.12 386.75 386.44
 385.73 385.27 385.18 385.44 385.40 384.65 384.13 384.71 385.65 386.17 385.99 386.02 386.20 386.51 387.06 387.44 387.22 386.42 386.03 386.09 386.25 386.32 386.26 386.06
 385.65 385.46 385.23 385.14 385.03 385.05 384.69 384.86 385.14 385.39 385.45 385.60 385.82 386.10 386.46 386.70 386.02 385.23 384.73 384.96 385.26 385.67 385.89 385.79
 385.39 385.30 385.10 384.99 385.01 385.15 385.15 385.19 385.09 385.04 384.98 385.22 385.52 385.75 386.02 385.93 385.45 384.85 384.63 384.74 385.09 385.45 385.52 385.47
 385.24 385.20 385.11 385.05 385.05 385.11 385.14 385.14 385.05 384.89 384.81 384.93 385.24 385.53 385.72 385.54 385.15 384.82 384.81 385.04 385.36 385.44 385.36 385.26
 385.15 385.15 385.15 385.15 385.15 385.15 385.15 385.15 385.15 385.15 385.15 385.15 385.15 385.15 385.15 385.15 385.15 385.15 385.15 385.15 385.15 385.15 385.15 385.15
