2004 MONTHLY CO2 (PPMV)   24  12  LON/LAT (N-S/0-360E) IN 15 DEGREE RESOLUTION,  GLB ANNUAL MEAN = 377.06,  GROWTH RATE = 1.55,  MISS DATA = -99.99
 382.16 382.16 382.16 382.16 382.16 382.16 382.16 382.16 382.16 382.16 382.16 382.16 382.16 382.16 382.16 382.16 382.16 382.16 382.16 382.16 382.16 382.16 382.16 382.16
 381.69 387.01 384.70 383.43 382.16 382.16 382.16 382.16 382.16 382.16 382.16 382.45 382.44 382.72 382.44 382.16 382.16 382.16 383.63 382.16 381.07 379.98 381.07 381.34
 383.88 389.82 384.94 382.89 382.52 382.70 378.69 381.39 387.51 385.70 382.74 382.74 382.19 381.64 381.64 383.66 380.10 385.11 385.11 382.88 381.14 379.98 380.13 380.12
 382.93 387.68 380.29 380.29 382.70 382.70 378.69 381.39 387.51 385.70 382.57 382.74 379.59 379.52 383.66 383.66 380.10 380.10 381.91 380.64 380.64 379.20 379.20 379.66
 378.17 382.93 380.29 379.14 382.70 382.70 378.69 381.64 381.90 381.13 379.43 379.51 379.59 377.41 377.41 383.66 380.10 379.99 379.99 380.32 377.24 376.27 376.27 377.70
 378.17 380.55 377.98 376.83 376.83 382.70 378.69 380.67 379.70 377.50 378.47 377.70 377.34 376.97 376.97 380.31 376.52 379.99 379.99 377.24 377.24 377.24 376.27 374.80
 374.80 375.23 376.83 376.83 376.83 376.83 377.76 379.64 378.60 377.50 377.15 375.48 375.48 376.99 376.99 374.30 372.95 372.95 379.99 377.24 377.24 376.43 374.80 374.80
 374.43 374.05 375.44 376.83 376.83 376.83 375.44 373.52 373.52 373.52 374.22 375.62 375.62 376.31 375.42 372.95 372.95 372.95 372.95 373.32 377.24 376.16 374.80 374.80
 374.05 374.05 374.05 373.33 373.33 373.44 373.64 373.52 373.52 373.52 373.52 374.92 375.62 375.96 374.52 372.95 372.95 372.95 373.32 373.32 373.28 373.31 374.33 374.43
 373.95 374.05 373.58 373.33 373.33 373.54 373.76 373.76 373.60 373.52 373.60 373.76 374.69 373.76 373.76 373.76 373.35 373.54 373.32 373.32 373.24 373.35 373.76 373.76
 373.76 373.79 373.83 373.64 373.76 373.76 373.76 373.76 373.76 373.76 373.76 373.76 373.76 373.76 373.76 373.76 373.76 373.76 373.69 373.63 373.16 373.46 373.76 373.76
 373.76 373.76 373.76 373.76 373.76 373.76 373.76 373.76 373.76 373.76 373.76 373.76 373.76 373.76 373.76 373.76 373.76 373.76 373.76 373.76 373.76 373.76 373.76 373.76
 382.76 382.76 382.76 382.76 382.76 382.76 382.76 382.76 382.76 382.76 382.76 382.76 382.76 382.76 382.76 382.76 382.76 382.76 382.76 382.76 382.76 382.76 382.76 382.76
 382.29 384.82 384.60 383.68 382.76 382.76 382.76 382.76 382.76 382.76 382.76 383.57 382.83 382.90 382.83 382.76 382.76 382.76 384.98 382.76 381.92 381.08 381.81 382.21
 384.28 388.79 384.99 383.41 383.75 384.25 379.75 382.09 387.55 387.96 384.38 384.38 383.36 382.33 382.33 382.47 381.23 387.20 387.20 384.48 382.31 381.08 381.10 381.74
 385.15 391.17 381.57 381.57 384.25 384.25 379.75 382.09 387.55 387.96 384.43 384.38 380.40 380.40 382.47 382.47 381.23 381.23 383.38 381.75 381.75 379.74 379.74 380.74
 379.14 385.15 381.57 380.27 384.25 384.25 379.75 381.91 381.73 382.32 380.89 380.64 380.40 378.47 378.47 382.47 381.23 381.18 381.18 381.47 378.51 378.64 378.64 379.01
 379.14 382.15 378.97 377.67 377.67 384.25 379.75 381.06 380.22 378.71 379.80 378.54 377.81 377.09 377.09 379.78 376.93 381.18 381.18 378.51 378.51 378.51 378.64 375.12
 375.12 375.57 377.67 377.67 377.67 377.67 378.71 380.26 379.47 378.71 378.14 375.93 375.93 377.73 377.73 374.32 372.62 372.62 381.18 378.51 378.51 377.38 375.12 375.12
 374.52 373.93 375.80 377.67 377.67 377.67 375.92 373.67 373.67 373.67 374.33 375.64 375.64 376.69 375.68 372.62 372.62 372.62 372.62 373.23 378.51 377.00 375.12 375.12
 373.93 373.93 373.93 373.27 373.27 373.35 373.62 373.67 373.67 373.67 373.67 374.99 375.64 376.17 374.51 372.62 372.62 372.62 373.23 373.23 373.50 373.68 374.41 374.52
 373.81 373.93 373.67 373.27 373.27 373.42 373.57 373.57 373.64 373.67 373.64 373.57 374.61 373.57 373.57 373.57 373.10 373.40 373.23 373.23 373.77 373.86 373.57 373.57
 373.57 373.83 374.08 373.64 373.57 373.57 373.57 373.57 373.57 373.57 373.57 373.57 373.57 373.57 373.57 373.57 373.57 373.57 373.60 373.62 374.31 373.94 373.57 373.57
 373.57 373.57 373.57 373.57 373.57 373.57 373.57 373.57 373.57 373.57 373.57 373.57 373.57 373.57 373.57 373.57 373.57 373.57 373.57 373.57 373.57 373.57 373.57 373.57
 382.79 382.79 382.79 382.79 382.79 382.79 382.79 382.79 382.79 382.79 382.79 382.79 382.79 382.79 382.79 382.79 382.79 382.79 382.79 382.79 382.79 382.79 382.79 382.79
 383.06 385.31 383.20 383.00 382.79 382.79 382.79 382.79 382.79 382.79 382.79 383.79 382.61 382.42 382.61 382.79 382.79 382.79 385.40 382.79 382.94 383.09 382.56 382.73
 384.55 388.31 384.44 383.08 384.01 384.62 382.05 382.52 388.20 387.41 384.79 384.79 384.08 383.36 383.36 382.15 381.30 388.01 388.01 385.64 383.74 383.09 381.71 382.27
 387.43 394.97 381.80 381.80 384.62 384.62 382.05 382.52 388.20 387.41 383.95 384.79 380.53 381.27 382.15 382.15 381.30 381.30 384.25 383.27 383.27 380.30 380.30 381.28
 379.88 387.43 381.80 380.42 384.62 384.62 382.05 382.92 383.33 382.56 380.48 380.50 380.53 379.19 379.19 382.15 381.30 381.47 381.47 382.37 379.30 378.98 378.98 379.65
 379.88 383.65 379.04 377.66 377.66 384.62 382.05 382.05 381.17 379.01 379.75 378.70 378.43 378.65 378.65 380.40 376.76 381.47 381.47 379.30 379.30 379.30 378.98 375.10
 375.10 375.51 377.66 377.66 377.66 377.66 379.86 381.07 380.09 379.01 378.29 376.11 376.11 378.24 378.24 374.22 372.21 372.21 381.47 379.30 379.30 377.90 375.10 375.10
 374.44 373.77 375.72 377.66 377.66 377.66 376.29 373.82 373.82 373.82 374.39 375.23 376.03 377.13 375.86 372.21 372.21 372.21 372.21 373.28 379.30 377.43 375.10 375.10
 373.77 373.77 373.77 373.58 373.58 373.64 373.82 373.82 373.82 373.82 374.12 374.42 375.23 376.18 374.52 372.21 372.21 372.21 373.28 373.28 373.43 373.57 374.45 374.44
 373.79 373.77 373.94 373.58 373.58 373.70 373.82 373.82 373.82 373.82 374.05 374.42 374.49 373.82 373.82 373.82 373.02 373.55 373.28 373.28 373.58 373.72 373.82 373.82
 373.82 374.06 374.29 373.90 373.82 373.82 373.82 373.82 373.82 373.82 373.82 373.82 373.82 373.82 373.82 373.82 373.82 373.82 373.83 373.83 373.88 373.85 373.82 373.82
 373.82 373.82 373.82 373.82 373.82 373.82 373.82 373.82 373.82 373.82 373.82 373.82 373.82 373.82 373.82 373.82 373.82 373.82 373.82 373.82 373.82 373.82 373.82 373.82
 383.30 383.30 383.30 383.30 383.30 383.30 383.30 383.30 383.30 383.30 383.30 383.30 383.30 383.30 383.30 383.30 383.30 383.30 383.30 383.30 383.30 383.30 383.30 383.30
 383.57 384.52 383.20 383.25 383.30 383.30 383.30 383.30 383.30 383.30 383.30 384.05 383.56 383.83 383.56 383.30 383.30 383.30 384.49 383.30 383.09 382.88 383.16 383.11
 382.94 383.03 382.96 382.95 384.30 384.79 383.31 384.15 389.46 385.56 384.80 384.80 384.55 384.30 384.30 382.80 380.82 385.68 385.68 384.32 383.31 382.88 382.18 382.21
 376.54 372.69 382.64 382.64 384.79 384.79 383.31 384.15 389.46 385.56 383.11 384.80 381.43 382.50 382.80 382.80 380.82 380.82 383.56 382.96 382.96 381.17 381.17 381.69
 380.39 376.54 382.64 380.48 384.79 384.79 383.31 384.16 384.17 382.52 380.65 381.04 381.43 380.70 380.70 382.80 380.82 382.02 382.02 382.49 380.16 378.76 378.76 379.98
 380.39 378.46 378.32 376.16 376.16 384.79 383.31 383.05 381.95 379.72 380.19 378.93 378.83 379.41 379.41 381.11 376.26 382.02 382.02 380.16 380.16 380.16 378.76 374.69
 374.69 375.43 376.16 376.16 376.16 376.16 379.74 381.94 380.83 379.72 378.52 375.65 375.65 378.38 378.38 373.92 371.69 371.69 382.02 380.16 380.16 378.34 374.69 374.69
 374.69 375.43 376.16 376.16 376.16 376.16 375.93 373.89 373.89 373.89 374.36 375.06 375.74 377.06 375.71 371.69 371.69 371.69 371.69 373.98 380.16 377.73 374.69 374.69
 374.45 374.18 374.14 374.05 374.05 374.03 373.93 373.89 373.89 373.89 374.13 374.37 375.06 376.06 374.36 371.69 371.69 371.69 373.98 373.98 374.04 374.07 374.45 374.69
 373.97 374.21 374.24 374.05 374.05 374.01 373.97 373.97 373.92 373.89 374.09 374.37 374.46 373.97 373.97 373.97 372.83 373.97 373.98 373.98 374.10 374.10 373.97 373.97
 373.97 374.19 374.42 374.15 373.97 373.97 373.97 373.97 373.97 373.97 373.97 373.97 373.97 373.97 373.97 373.97 373.97 373.97 374.03 374.09 374.22 374.09 373.97 373.97
 373.97 373.97 373.97 373.97 373.97 373.97 373.97 373.97 373.97 373.97 373.97 373.97 373.97 373.97 373.97 373.97 373.97 373.97 373.97 373.97 373.97 373.97 373.97 373.97
 383.28 383.28 383.28 383.28 383.28 383.28 383.28 383.28 383.28 383.28 383.28 383.28 383.28 383.28 383.28 383.28 383.28 383.28 383.28 383.28 383.28 383.28 383.28 383.28
 382.38 381.70 383.10 383.19 383.28 383.28 383.28 383.28 383.28 383.28 383.28 383.91 383.50 383.72 383.50 383.28 383.28 383.28 382.54 383.28 382.35 381.42 382.07 382.27
 380.64 378.34 381.24 382.24 381.36 380.40 380.00 382.46 390.00 385.25 384.55 384.55 384.09 383.62 383.62 381.87 380.95 381.80 381.80 381.49 381.61 381.42 381.24 381.20
 376.91 373.23 382.29 382.29 380.40 380.40 380.00 382.46 390.00 385.25 383.52 384.55 381.66 382.23 381.87 381.87 380.95 380.95 381.31 381.17 381.17 380.45 380.45 380.82
 380.60 376.91 382.29 379.85 380.40 380.40 380.00 382.11 381.75 382.33 381.79 381.73 381.66 380.83 380.83 381.87 380.95 380.97 380.97 381.07 380.66 379.46 379.46 380.31
 380.60 378.76 377.41 374.97 374.97 380.40 380.00 381.62 381.14 380.54 381.17 379.25 378.72 379.13 379.13 380.50 376.60 380.97 380.97 380.66 380.66 380.66 379.46 375.23
 375.23 374.91 374.97 374.97 374.97 374.97 377.49 381.23 380.84 380.54 379.03 375.38 375.38 378.27 378.27 374.26 372.26 372.26 380.97 380.66 380.66 378.85 375.23 375.23
 374.88 374.53 374.75 374.97 374.97 374.97 375.22 374.21 374.21 374.21 374.62 375.43 375.43 376.85 375.79 372.26 372.26 372.26 372.26 374.45 380.66 378.25 375.23 375.23
 374.53 374.53 374.53 374.44 374.44 374.38 374.20 374.21 374.21 374.21 374.21 375.02 375.43 376.14 374.59 372.26 372.26 372.26 374.45 374.45 374.58 374.61 374.77 374.88
 374.41 374.53 374.58 374.44 374.44 374.31 374.19 374.19 374.20 374.21 374.20 374.19 374.81 374.19 374.19 374.19 373.22 374.32 374.45 374.45 374.71 374.64 374.19 374.19
 374.19 374.45 374.72 374.45 374.19 374.19 374.19 374.19 374.19 374.19 374.19 374.19 374.19 374.19 374.19 374.19 374.19 374.19 374.30 374.41 374.97 374.58 374.19 374.19
 374.19 374.19 374.19 374.19 374.19 374.19 374.19 374.19 374.19 374.19 374.19 374.19 374.19 374.19 374.19 374.19 374.19 374.19 374.19 374.19 374.19 374.19 374.19 374.19
 381.31 381.31 381.31 381.31 381.31 381.31 381.31 381.31 381.31 381.31 381.31 381.31 381.31 381.31 381.31 381.31 381.31 381.31 381.31 381.31 381.31 381.31 381.31 381.31
 379.85 378.49 382.00 381.65 381.31 381.31 381.31 381.31 381.31 381.31 381.31 380.82 380.81 380.31 380.81 381.31 381.31 381.31 377.84 381.31 379.99 378.68 378.75 379.80
 378.33 376.37 378.90 379.63 378.45 377.02 374.57 377.28 383.78 378.49 380.33 380.33 380.01 379.69 379.69 379.15 379.66 374.37 374.37 376.88 378.74 378.68 378.66 378.76
 375.85 372.09 378.33 378.33 377.02 377.02 374.57 377.28 383.78 378.49 379.01 380.33 379.38 379.85 379.15 379.15 379.66 379.66 377.91 379.39 379.39 378.46 378.46 378.61
 379.61 375.85 378.33 377.35 377.02 377.02 374.57 378.25 379.23 379.14 379.53 379.45 379.38 380.02 380.02 379.15 379.66 379.98 379.98 379.69 379.67 378.46 378.46 379.32
 379.61 377.73 376.37 375.39 375.39 377.02 374.57 378.76 379.26 379.30 379.41 378.10 377.63 377.62 377.62 378.39 376.72 379.98 379.98 379.67 379.67 379.67 378.46 376.40
 376.40 375.63 375.39 375.39 375.39 375.39 374.98 379.02 379.28 379.30 378.20 375.88 375.88 377.97 377.97 375.17 373.77 373.77 379.98 379.67 379.67 378.58 376.40 376.40
 375.75 375.11 375.25 375.39 375.39 375.39 374.92 374.67 374.67 374.67 374.86 375.05 375.06 376.51 376.08 373.77 373.77 373.77 373.77 374.88 379.67 378.22 376.40 376.40
 375.11 375.11 375.11 374.83 374.83 374.77 374.62 374.67 374.67 374.67 374.86 375.04 375.05 375.78 375.05 373.77 373.77 373.77 374.88 374.88 374.90 374.88 375.58 375.75
 374.93 375.11 374.96 374.83 374.83 374.70 374.58 374.58 374.64 374.67 374.79 375.04 374.89 374.58 374.58 374.58 374.17 374.73 374.88 374.88 374.93 374.85 374.58 374.58
 374.58 374.83 375.09 374.83 374.58 374.58 374.58 374.58 374.58 374.58 374.58 374.58 374.58 374.58 374.58 374.58 374.58 374.58 374.72 374.86 374.98 374.78 374.58 374.58
 374.57 374.57 374.57 374.57 374.57 374.57 374.57 374.57 374.57 374.57 374.57 374.57 374.57 374.57 374.57 374.57 374.57 374.57 374.57 374.57 374.57 374.57 374.57 374.57
 374.25 374.25 374.25 374.25 374.25 374.25 374.25 374.25 374.25 374.25 374.25 374.25 374.25 374.25 374.25 374.25 374.25 374.25 374.25 374.25 374.25 374.25 374.25 374.25
 373.55 369.37 366.90 370.58 374.25 374.25 374.25 374.25 374.25 374.25 374.25 373.62 373.09 371.92 373.09 374.25 374.25 374.25 369.58 374.25 373.93 373.61 373.93 374.24
 374.20 373.64 371.58 372.12 374.52 374.65 374.60 372.82 383.91 374.48 372.99 372.99 373.48 373.97 373.97 374.24 376.57 364.90 364.90 370.67 373.67 373.61 374.93 375.41
 377.92 379.05 374.20 374.20 374.65 374.65 374.60 372.82 383.91 374.48 375.52 372.99 376.71 375.98 374.24 374.24 376.57 376.57 373.34 376.45 376.45 375.45 375.45 375.43
 376.79 377.92 374.20 374.80 374.65 374.65 374.60 375.27 377.73 376.34 376.57 376.64 376.71 377.98 377.98 374.24 376.57 378.66 378.66 377.56 377.20 375.96 375.96 376.58
 376.79 377.36 375.41 376.01 376.01 374.65 374.60 376.21 377.15 376.57 376.57 376.56 376.86 377.71 377.71 375.98 375.58 378.66 378.66 377.20 377.20 377.20 375.96 376.86
 376.86 376.07 376.01 376.01 376.01 376.01 375.31 376.54 376.86 376.57 376.43 376.16 376.16 377.56 377.56 375.57 374.58 374.58 378.66 377.20 377.20 377.09 376.86 376.86
 376.10 375.34 375.67 376.01 376.01 376.01 375.35 375.06 375.06 375.06 375.19 375.46 375.46 376.51 376.22 374.58 374.58 374.58 374.58 375.65 377.20 377.05 376.86 376.86
 375.34 375.34 375.34 375.27 375.27 375.20 375.02 375.06 375.06 375.06 375.06 375.33 375.46 375.99 375.44 374.58 374.58 374.58 375.65 375.65 375.52 375.37 375.98 376.10
 375.22 375.34 375.38 375.27 375.27 375.12 374.98 374.98 375.03 375.06 375.03 374.98 375.22 374.98 374.98 374.98 374.78 375.31 375.65 375.65 375.39 375.22 374.98 374.98
 374.98 375.23 375.49 375.25 374.98 374.98 374.98 374.98 374.98 374.98 374.98 374.98 374.98 374.98 374.98 374.98 374.98 374.98 375.14 375.31 375.13 375.05 374.98 374.98
 374.98 374.98 374.98 374.98 374.98 374.98 374.98 374.98 374.98 374.98 374.98 374.98 374.98 374.98 374.98 374.98 374.98 374.98 374.98 374.98 374.98 374.98 374.98 374.98
 368.41 368.41 368.41 368.41 368.41 368.41 368.41 368.41 368.41 368.41 368.41 368.41 368.41 368.41 368.41 368.41 368.41 368.41 368.41 368.41 368.41 368.41 368.41 368.41
 368.13 368.35 368.50 368.46 368.41 368.41 368.41 368.41 368.41 368.41 368.41 368.00 367.52 366.63 367.52 368.41 368.41 368.41 367.46 368.41 368.98 369.54 368.90 369.35
 371.14 372.95 371.32 370.75 371.97 373.75 374.36 370.64 385.73 370.07 367.58 367.58 368.63 369.69 369.69 373.05 372.89 366.51 366.51 369.42 370.06 369.54 370.77 372.35
 377.10 380.23 372.49 372.49 373.75 373.75 374.36 370.64 385.73 370.07 372.88 367.58 374.63 372.76 373.05 373.05 372.89 372.89 371.41 372.33 372.33 371.06 371.06 371.71
 373.97 377.10 372.49 373.69 373.75 373.75 374.36 373.36 376.07 374.39 375.69 375.16 374.63 375.82 375.82 373.05 372.89 375.40 375.40 373.86 374.45 373.50 373.50 373.85
 373.97 375.53 374.89 376.09 376.09 373.75 374.36 374.63 375.91 375.75 375.72 375.80 376.00 377.05 377.05 375.05 373.76 375.40 375.40 374.45 374.45 374.45 373.50 376.71
 376.71 376.15 376.09 376.09 376.09 376.09 375.23 375.23 375.83 375.75 375.93 376.31 376.31 377.14 377.14 375.47 374.63 374.63 375.40 374.45 374.45 375.20 376.71 376.71
 376.18 375.65 375.87 376.09 376.09 376.09 375.53 375.38 375.38 375.38 375.26 375.23 375.52 376.33 376.03 374.63 374.63 374.63 374.63 376.06 374.45 375.45 376.71 376.71
 375.65 375.65 375.65 375.65 375.65 375.60 375.42 375.38 375.38 375.38 375.16 374.94 375.23 375.78 375.48 374.63 374.63 374.63 376.06 376.06 375.94 375.81 376.12 376.18
 375.59 375.65 375.76 375.65 375.65 375.56 375.46 375.46 375.41 375.38 375.24 374.94 375.21 375.46 375.46 375.46 375.05 375.76 376.06 376.06 375.82 375.67 375.46 375.46
 375.46 375.67 375.87 375.66 375.46 375.46 375.46 375.46 375.46 375.46 375.46 375.46 375.46 375.46 375.46 375.46 375.46 375.46 375.64 375.83 375.59 375.52 375.46 375.46
 375.46 375.46 375.46 375.46 375.46 375.46 375.46 375.46 375.46 375.46 375.46 375.46 375.46 375.46 375.46 375.46 375.46 375.46 375.46 375.46 375.46 375.46 375.46 375.46
 368.92 368.92 368.92 368.92 368.92 368.92 368.92 368.92 368.92 368.92 368.92 368.92 368.92 368.92 368.92 368.92 368.92 368.92 368.92 368.92 368.92 368.92 368.92 368.92
 369.83 373.98 370.20 369.56 368.92 368.92 368.92 368.92 368.92 368.92 368.92 369.21 368.56 368.19 368.56 368.92 368.92 368.92 372.44 368.92 369.19 369.45 369.45 370.23
 372.60 375.42 373.87 373.14 371.79 373.23 374.35 373.77 379.53 373.76 369.49 369.49 370.02 370.56 370.56 379.86 372.89 375.96 375.96 373.88 371.08 369.45 370.91 372.54
 372.74 372.47 375.98 375.98 373.23 373.23 374.35 373.77 379.53 373.76 373.48 369.49 372.86 372.49 379.86 379.86 372.89 372.89 373.90 371.81 371.81 370.73 370.73 371.63
 373.01 372.74 375.98 376.01 373.23 373.23 374.35 374.69 375.61 374.53 373.19 373.02 372.86 374.43 374.43 379.86 372.89 373.92 373.92 372.87 373.57 372.04 372.04 372.77
 373.01 372.88 376.05 376.08 376.08 373.23 374.35 375.13 375.58 375.55 374.37 374.62 375.17 376.74 376.74 378.30 373.80 373.92 373.92 373.57 373.57 373.57 372.04 376.53
 376.53 376.03 376.08 376.08 376.08 376.08 375.22 375.35 375.57 375.55 375.28 375.92 375.92 376.76 376.76 375.39 374.71 374.71 373.92 373.57 373.57 374.56 376.53 376.53
 376.01 375.49 375.78 376.08 376.08 376.08 375.58 375.45 375.45 375.45 375.69 376.17 376.17 376.47 375.98 374.71 374.71 374.71 374.71 376.03 373.57 374.89 376.53 376.53
 375.49 375.49 375.49 375.81 375.81 375.77 375.56 375.45 375.45 375.45 375.45 375.93 376.17 376.32 375.67 374.71 374.71 374.71 376.03 376.03 375.93 375.84 376.07 376.01
 375.55 375.49 375.90 375.81 375.81 375.74 375.67 375.67 375.52 375.45 375.52 375.67 375.92 375.67 375.67 375.67 375.19 375.85 376.03 376.03 375.84 375.75 375.67 375.67
 375.67 375.83 376.00 375.83 375.67 375.67 375.67 375.67 375.67 375.67 375.67 375.67 375.67 375.67 375.67 375.67 375.67 375.67 375.97 376.28 375.65 375.66 375.67 375.67
 375.67 375.67 375.67 375.67 375.67 375.67 375.67 375.67 375.67 375.67 375.67 375.67 375.67 375.67 375.67 375.67 375.67 375.67 375.67 375.67 375.67 375.67 375.67 375.67
 373.77 373.77 373.77 373.77 373.77 373.77 373.77 373.77 373.77 373.77 373.77 373.77 373.77 373.77 373.77 373.77 373.77 373.77 373.77 373.77 373.77 373.77 373.77 373.77
 375.14 377.33 377.60 375.68 373.77 373.77 373.77 373.77 373.77 373.77 373.77 374.80 373.83 373.90 373.83 373.77 373.77 373.77 378.49 373.77 373.95 374.14 374.46 374.75
 379.86 389.13 382.19 379.24 375.21 375.94 377.75 377.19 383.15 378.10 375.83 375.83 376.18 376.53 376.53 382.81 376.58 383.21 383.21 379.38 375.75 374.14 374.47 375.31
 374.77 375.63 379.85 379.85 375.94 375.94 377.75 377.19 383.15 378.10 376.50 375.83 374.27 375.69 382.81 382.81 376.58 376.58 378.44 375.54 375.54 373.63 373.63 374.47
 373.90 374.77 379.85 378.58 375.94 375.94 377.75 377.13 377.08 376.30 374.89 374.58 374.27 374.84 374.84 382.81 376.58 376.57 376.57 376.05 374.19 373.49 373.49 373.80
 373.90 374.33 377.31 376.04 376.04 375.94 377.75 376.62 376.10 375.11 375.00 375.33 375.76 377.05 377.05 379.93 375.75 376.57 376.57 374.19 374.19 374.19 373.49 376.52
 376.52 376.07 376.04 376.04 376.04 376.04 376.89 376.11 375.60 375.11 375.36 375.97 375.97 376.69 376.69 375.50 374.91 374.91 376.57 374.19 374.19 374.97 376.52 376.52
 376.08 375.64 375.84 376.04 376.04 376.04 376.02 375.52 375.52 375.52 375.80 376.36 376.36 376.52 376.04 374.91 374.91 374.91 374.91 375.70 374.19 375.23 376.52 376.52
 375.64 375.64 375.64 375.69 375.69 375.69 375.61 375.52 375.52 375.52 375.52 376.08 376.36 376.44 375.77 374.91 374.91 374.91 375.70 375.70 375.66 375.65 376.10 376.08
 375.66 375.64 375.81 375.69 375.69 375.70 375.70 375.70 375.58 375.52 375.58 375.70 376.03 375.70 375.70 375.70 375.31 375.70 375.70 375.70 375.63 375.63 375.70 375.70
 375.70 375.82 375.94 375.78 375.70 375.70 375.70 375.70 375.70 375.70 375.70 375.70 375.70 375.70 375.70 375.70 375.70 375.70 376.05 376.39 375.56 375.63 375.70 375.70
 375.70 375.70 375.70 375.70 375.70 375.70 375.70 375.70 375.70 375.70 375.70 375.70 375.70 375.70 375.70 375.70 375.70 375.70 375.70 375.70 375.70 375.70 375.70 375.70
 378.90 378.90 378.90 378.90 378.90 378.90 378.90 378.90 378.90 378.90 378.90 378.90 378.90 378.90 378.90 378.90 378.90 378.90 378.90 378.90 378.90 378.90 378.90 378.90
 378.85 381.13 379.90 379.40 378.90 378.90 378.90 378.90 378.90 378.90 378.90 380.24 378.93 378.96 378.93 378.90 378.90 378.90 382.70 378.90 378.63 378.37 379.12 378.64
 383.32 393.29 384.83 381.84 378.43 378.20 379.10 380.07 382.74 382.06 381.57 381.57 381.12 380.68 380.68 381.30 379.63 386.51 386.51 382.94 379.83 378.37 377.86 377.81
 380.90 385.61 381.30 381.30 378.20 378.20 379.10 380.07 382.74 382.06 379.23 381.57 377.03 378.64 381.30 381.30 379.63 379.63 381.36 379.38 379.38 376.64 376.64 377.23
 376.20 380.90 381.30 379.51 378.20 378.20 379.10 379.94 379.82 378.63 376.40 376.71 377.03 376.59 376.59 381.30 379.63 378.19 378.19 378.78 375.78 376.76 376.76 376.34
 376.20 378.55 377.72 375.93 375.93 378.20 379.10 378.99 378.02 376.23 376.31 376.52 376.70 376.69 376.69 379.00 377.41 378.19 378.19 375.78 375.78 375.78 376.76 376.99
 376.99 376.26 375.93 375.93 375.93 375.93 377.51 378.06 377.13 376.23 376.31 376.37 376.37 377.06 377.06 375.82 375.20 375.20 378.19 375.78 375.78 376.18 376.99 376.99
 376.43 375.86 375.89 375.93 375.93 375.93 376.22 375.73 375.73 375.73 376.03 376.64 376.64 376.85 376.37 375.20 375.20 375.20 375.20 375.15 375.78 376.32 376.99 376.99
 375.86 375.86 375.86 375.51 375.51 375.54 375.69 375.73 375.73 375.73 375.73 376.34 376.64 376.75 375.99 375.20 375.20 375.20 375.15 375.15 375.29 375.43 376.35 376.43
 375.79 375.86 375.70 375.51 375.51 375.58 375.64 375.64 375.70 375.73 375.70 375.64 376.14 375.64 375.64 375.64 375.42 375.40 375.15 375.15 375.44 375.56 375.64 375.64
 375.64 375.77 375.89 375.68 375.64 375.64 375.64 375.64 375.64 375.64 375.64 375.64 375.64 375.64 375.64 375.64 375.64 375.64 375.90 376.16 375.73 375.69 375.64 375.64
 375.64 375.64 375.64 375.64 375.64 375.64 375.64 375.64 375.64 375.64 375.64 375.64 375.64 375.64 375.64 375.64 375.64 375.64 375.64 375.64 375.64 375.64 375.64 375.64
 382.38 382.38 382.38 382.38 382.38 382.38 382.38 382.38 382.38 382.38 382.38 382.38 382.38 382.38 382.38 382.38 382.38 382.38 382.38 382.38 382.38 382.38 382.38 382.38
 381.72 383.88 384.80 383.59 382.38 382.38 382.38 382.38 382.38 382.38 382.38 382.59 382.27 382.17 382.27 382.38 382.38 382.38 384.64 382.38 381.79 381.20 381.48 381.48
 381.52 382.62 383.43 383.30 382.59 382.70 380.25 382.88 387.56 383.38 382.79 382.79 382.61 382.42 382.42 385.38 380.72 386.90 386.90 383.85 381.91 381.20 379.82 380.21
 384.88 390.67 382.87 382.87 382.70 382.70 380.25 382.88 387.56 383.38 381.39 382.79 378.81 380.16 385.38 385.38 380.72 380.72 382.28 380.80 380.80 377.77 377.77 378.99
 379.09 384.88 382.87 380.83 382.70 382.70 380.25 382.31 381.74 380.65 379.41 379.11 378.81 377.89 377.89 385.38 380.72 379.14 379.14 379.97 377.98 378.42 378.42 378.92
 379.09 381.98 378.79 376.75 376.75 382.70 380.25 381.10 379.89 378.05 378.73 378.18 377.87 377.79 377.79 381.59 378.13 379.14 379.14 377.98 377.98 377.98 378.42 376.89
 376.89 376.48 376.75 376.75 376.75 376.75 378.50 380.04 378.97 378.05 377.93 377.00 377.00 377.95 377.95 376.34 375.54 375.54 379.14 377.98 377.98 377.62 376.89 376.89
 376.35 375.80 376.27 376.75 376.75 376.75 376.63 375.68 375.68 375.68 376.13 377.03 377.03 377.49 376.99 375.54 375.54 375.54 375.54 374.83 377.98 377.50 376.89 376.89
 375.80 375.80 375.80 375.36 375.36 375.39 375.59 375.68 375.68 375.68 375.68 376.58 377.03 377.26 376.32 375.54 375.54 375.54 374.83 374.83 374.94 375.08 376.24 376.35
 375.70 375.80 375.52 375.36 375.36 375.43 375.50 375.50 375.62 375.68 375.62 375.50 376.26 375.50 375.50 375.50 375.52 375.16 374.83 374.83 375.05 375.22 375.50 375.50
 375.50 375.59 375.68 375.51 375.50 375.50 375.50 375.50 375.50 375.50 375.50 375.50 375.50 375.50 375.50 375.50 375.50 375.50 375.55 375.60 375.28 375.39 375.50 375.50
 375.50 375.50 375.50 375.50 375.50 375.50 375.50 375.50 375.50 375.50 375.50 375.50 375.50 375.50 375.50 375.50 375.50 375.50 375.50 375.50 375.50 375.50 375.50 375.50
