1995 MONTHLY CO2 (PPMV)   24  12  LON/LAT (N-S/0-360E) IN 15 DEGREE RESOLUTION,  GLB ANNUAL MEAN = 360.35,  GROWTH RATE = 1.99,  MISS DATA = -99.99
 364.30 364.30 364.30 364.30 364.30 364.30 364.30 364.30 364.30 364.30 364.30 364.30 364.30 364.30 364.30 364.30 364.30 364.30 364.30 364.30 364.30 364.30 364.30 364.30
 363.37 366.06 364.90 364.60 364.30 364.30 364.30 364.30 364.30 364.30 364.30 364.61 364.75 365.19 364.75 364.93 364.30 364.30 367.35 364.30 364.30 363.52 362.75 363.97
 367.56 371.68 368.29 366.45 367.03 368.40 361.06 363.78 365.86 369.95 364.93 364.93 364.72 364.50 365.03 365.57 364.29 370.41 370.41 366.50 364.46 362.13 362.17 363.04
 365.16 368.42 368.36 368.40 368.40 368.40 361.06 363.78 365.86 369.95 365.95 364.93 361.03 362.34 364.27 364.27 363.01 367.40 371.79 362.59 362.59 360.71 360.71 363.71
 365.16 366.79 362.94 358.31 368.40 368.40 361.06 363.21 362.65 363.61 361.95 361.49 361.03 360.19 360.19 364.27 363.01 365.44 365.44 364.01 359.97 360.61 360.61 360.61
 360.83 361.06 358.31 358.31 358.31 368.40 361.06 362.24 361.26 359.88 360.91 360.19 359.80 360.19 360.19 364.27 360.48 365.44 365.44 359.97 359.97 359.97 360.61 358.66
 358.66 358.31 358.31 358.31 358.31 358.11 359.02 360.10 359.62 359.15 359.27 358.57 358.57 358.57 358.57 357.95 357.95 357.95 365.44 359.97 359.97 359.53 358.66 358.66
 358.31 357.96 358.13 358.31 358.11 357.90 357.90 358.43 358.43 358.43 358.43 357.84 358.78 358.78 358.37 357.95 357.95 357.95 357.95 356.87 359.97 359.39 358.66 358.66
 357.96 357.96 357.96 356.45 357.90 357.90 357.90 357.56 357.22 357.22 356.93 356.91 357.84 358.31 358.00 357.95 357.95 357.95 356.87 356.87 357.00 357.12 358.11 358.31
 357.76 357.96 356.77 356.45 356.86 357.90 357.72 357.36 357.18 356.94 356.66 356.78 357.33 357.36 357.36 357.36 357.66 357.12 356.87 356.87 357.12 357.24 357.36 357.36
 357.36 357.23 357.09 357.04 357.26 357.31 357.36 357.36 357.36 357.36 357.01 357.36 357.36 357.36 357.36 357.36 357.36 357.36 356.97 356.57 357.37 357.37 357.36 357.36
 357.36 357.36 357.36 357.36 357.36 357.36 357.36 357.36 357.36 357.36 357.36 357.36 357.36 357.36 357.36 357.36 357.36 357.36 357.36 357.36 357.36 357.36 357.36 357.36
 365.77 365.77 365.77 365.77 365.77 365.77 365.77 365.77 365.77 365.77 365.77 365.77 365.77 365.77 365.77 365.77 365.77 365.77 365.77 365.77 365.77 365.77 365.77 365.77
 364.30 367.28 367.90 366.83 365.77 365.77 365.77 365.77 365.77 365.77 365.77 365.06 366.16 366.56 366.16 366.35 365.77 365.77 367.34 365.77 365.77 365.21 364.65 364.84
 366.13 371.16 369.53 368.18 366.79 367.30 362.11 365.00 366.32 370.43 364.35 364.35 364.52 364.69 365.81 366.94 364.82 368.91 368.91 366.16 365.11 363.35 363.35 363.92
 363.82 367.49 368.51 367.30 367.30 367.30 362.11 365.00 366.32 370.43 366.77 364.35 361.62 363.01 362.13 362.13 362.69 365.20 367.70 363.40 363.40 361.49 361.49 363.46
 363.82 365.65 363.17 359.27 367.30 367.30 362.11 364.41 363.83 364.81 363.11 362.37 361.62 361.33 361.33 362.13 362.69 364.77 364.77 364.09 361.42 362.03 362.03 362.03
 360.16 360.92 359.27 359.27 359.27 367.30 362.11 363.63 362.85 361.87 362.49 361.11 360.40 361.33 361.33 362.13 360.08 364.77 364.77 361.42 361.42 361.42 362.03 358.33
 358.33 358.61 359.27 359.27 359.27 358.63 359.58 360.73 360.36 360.03 359.97 359.18 359.18 359.18 359.18 357.46 357.46 357.46 364.77 361.42 361.42 360.39 358.33 358.33
 358.27 358.22 358.75 359.27 358.63 358.00 358.00 358.19 358.19 358.19 358.19 358.28 359.77 359.77 358.62 357.46 357.46 357.46 357.46 357.07 361.42 360.05 358.33 358.33
 358.22 358.22 358.22 356.36 358.00 358.00 358.00 357.66 357.32 357.32 357.09 356.79 358.28 359.03 358.11 357.46 357.46 357.46 357.07 357.07 356.98 356.97 357.98 358.27
 357.92 358.22 356.64 356.36 356.75 358.00 357.77 357.32 357.29 357.24 357.16 356.98 357.53 357.32 357.32 357.32 357.39 357.20 357.07 357.07 356.89 356.95 357.32 357.32
 357.32 357.12 356.92 356.94 357.14 357.23 357.32 357.32 357.32 357.32 357.24 357.32 357.32 357.32 357.32 357.32 357.32 357.32 357.00 356.67 356.71 357.02 357.32 357.32
 357.32 357.32 357.32 357.32 357.32 357.32 357.32 357.32 357.32 357.32 357.32 357.32 357.32 357.32 357.32 357.32 357.32 357.32 357.32 357.32 357.32 357.32 357.32 357.32
 366.40 366.40 366.40 366.40 366.40 366.40 366.40 366.40 366.40 366.40 366.40 366.40 366.40 366.40 366.40 366.40 366.40 366.40 366.40 366.40 366.40 366.40 366.40 366.40
 365.48 367.71 366.39 366.39 366.39 366.39 366.39 366.39 366.39 366.39 366.39 365.78 366.46 366.53 366.46 366.11 366.39 366.39 367.66 366.39 366.39 366.17 365.95 365.69
 366.98 371.26 371.26 368.83 367.66 368.30 362.79 366.28 367.49 370.10 365.16 365.16 365.19 365.22 365.52 365.82 364.49 368.93 368.93 366.40 365.56 364.29 364.27 364.43
 364.64 369.30 369.30 368.80 368.30 368.30 362.79 366.28 367.49 370.10 366.83 365.16 362.14 363.69 362.27 362.27 363.16 364.85 366.54 363.88 363.88 362.42 362.42 364.20
 364.64 369.30 369.30 359.28 368.30 368.30 362.79 365.36 364.43 365.10 363.57 362.86 362.14 362.17 362.17 362.27 363.16 363.83 363.83 363.85 362.16 363.01 363.01 363.01
 360.10 369.30 359.28 359.28 359.28 368.30 362.79 364.36 363.36 362.29 362.93 361.41 360.66 362.17 362.17 362.27 360.34 363.83 363.83 362.16 362.16 362.16 363.01 357.83
 357.83 358.47 359.28 359.28 359.28 358.59 359.76 360.96 360.51 360.15 360.07 359.19 359.19 359.19 359.19 357.51 357.51 357.51 363.83 362.16 362.16 360.72 357.83 357.83
 358.06 358.29 358.78 359.28 358.59 357.90 357.90 358.01 358.01 358.01 358.01 358.39 359.90 359.90 358.70 357.51 357.51 357.51 357.51 359.69 362.16 360.24 357.83 357.83
 358.29 358.29 358.29 357.03 357.90 357.90 357.90 357.63 357.37 357.37 357.29 356.88 358.39 359.14 358.17 357.51 357.51 357.51 357.24 356.93 357.00 357.04 357.73 358.06
 357.96 358.29 357.00 357.03 357.03 357.90 357.70 357.31 357.39 357.50 357.63 357.25 357.65 357.31 357.31 357.31 357.41 357.31 357.03 356.93 357.00 357.08 357.31 357.31
 357.31 357.14 356.97 357.09 357.04 357.18 357.31 357.31 357.31 357.31 357.47 357.31 357.31 357.31 357.31 357.31 357.31 357.31 357.12 356.93 357.00 357.16 357.31 357.31
 357.31 357.31 357.31 357.31 357.31 357.31 357.31 357.31 357.31 357.31 357.31 357.31 357.31 357.31 357.31 357.31 357.31 357.31 357.31 357.31 357.31 357.31 357.31 357.31
 366.00 366.00 366.00 366.00 366.00 366.00 366.00 366.00 366.00 366.00 366.00 366.00 366.00 366.00 366.00 366.00 366.00 366.00 366.00 366.00 366.00 366.00 366.00 366.00
 365.68 366.89 366.00 366.00 366.00 366.00 366.00 366.00 366.00 366.00 366.00 366.00 366.37 366.75 366.37 365.90 366.00 366.00 366.36 366.00 366.00 365.90 365.81 365.67
 367.01 368.99 368.99 367.49 368.13 369.20 364.75 366.33 368.40 370.81 366.01 366.01 366.31 366.62 366.21 365.80 364.87 366.72 366.72 365.74 365.50 364.48 364.49 364.61
 365.27 368.80 368.80 369.00 369.20 369.20 364.75 366.33 368.40 370.81 367.39 366.01 363.92 365.04 364.39 364.39 363.94 365.39 366.85 364.76 364.76 363.05 363.05 364.68
 365.27 368.80 368.80 358.55 369.20 369.20 364.75 365.47 364.61 365.53 363.98 363.95 363.92 363.45 363.45 364.39 363.94 364.03 364.03 364.40 362.50 363.42 363.42 363.42
 360.26 368.80 358.55 358.55 358.55 369.20 364.75 364.57 363.67 362.72 363.35 361.90 361.41 362.51 362.51 364.39 363.94 364.03 364.03 362.50 362.50 362.50 363.42 357.76
 357.76 358.14 358.55 358.55 358.55 358.08 360.14 361.32 360.91 360.60 360.33 358.90 358.90 361.57 361.57 361.57 362.75 364.03 364.03 362.50 362.50 360.92 357.76 357.76
 357.93 358.10 358.33 358.55 358.08 357.60 357.60 358.48 358.48 358.48 358.48 358.53 359.64 360.61 361.09 361.33 360.51 361.84 364.03 360.84 362.50 360.39 357.76 357.76
 358.10 358.10 358.10 357.22 357.60 357.60 357.60 357.50 357.40 357.40 357.52 357.42 358.53 359.57 359.37 357.45 357.45 357.45 357.50 357.51 357.37 357.38 357.71 357.93
 357.88 358.10 357.23 357.22 357.22 357.60 357.55 357.45 357.47 357.57 357.73 357.57 357.85 357.45 357.45 357.45 357.45 357.45 357.49 357.51 357.37 357.39 357.45 357.45
 357.45 357.34 357.24 357.28 357.22 357.33 357.45 357.45 357.45 357.45 357.59 357.45 357.45 357.45 357.45 357.45 357.45 357.45 357.48 357.51 357.37 357.41 357.45 357.45
 357.45 357.45 357.45 357.45 357.45 357.45 357.45 357.45 357.45 357.45 357.45 357.45 357.45 357.45 357.45 357.45 357.45 357.45 357.45 357.45 357.45 357.45 357.45 357.45
 365.26 365.26 365.26 365.26 365.26 365.26 365.26 365.26 365.26 365.26 365.26 365.26 365.26 365.26 365.26 365.26 365.26 365.26 365.26 365.26 365.26 365.26 365.26 365.26
 364.28 365.42 365.90 365.58 365.26 365.26 365.26 365.26 365.26 365.26 365.26 365.59 365.66 366.05 365.66 365.47 365.26 365.26 364.22 365.26 365.26 364.74 364.22 364.70
 366.85 366.25 366.07 365.83 366.82 367.60 364.01 364.97 366.75 371.39 365.92 365.92 365.96 365.99 365.83 365.67 364.53 363.17 363.17 363.62 364.32 363.96 363.77 363.71
 364.21 364.57 364.57 366.09 367.60 367.60 364.01 364.97 366.75 371.39 367.96 365.92 364.47 364.92 364.23 364.23 363.39 363.38 363.38 364.08 364.08 363.37 363.37 363.90
 364.21 364.57 364.57 357.11 367.60 367.60 364.01 364.61 364.25 365.81 364.53 364.50 364.47 363.85 363.85 364.23 363.39 363.41 363.41 363.75 362.95 364.12 364.12 364.12
 360.32 364.57 357.11 357.11 357.11 367.60 364.01 364.13 363.65 363.05 363.79 362.35 361.86 362.69 362.69 364.23 363.39 363.41 363.41 362.95 362.95 362.95 364.12 358.37
 358.37 358.06 357.11 357.11 357.11 357.46 359.75 361.44 361.21 361.01 360.75 359.24 359.24 361.54 361.54 361.54 362.47 363.41 363.41 362.95 362.95 361.42 358.37 358.37
 358.53 358.70 357.90 357.11 357.46 357.80 357.80 358.97 358.97 358.97 358.97 358.23 358.94 360.24 360.89 361.22 360.45 361.49 363.41 361.31 362.95 360.91 358.37 358.37
 358.70 358.70 358.70 356.89 357.80 357.80 357.80 357.74 357.68 357.68 357.61 357.51 358.23 359.23 359.26 357.66 357.66 357.66 357.98 358.03 357.62 357.62 358.19 358.53
 358.35 358.70 357.23 356.89 357.25 357.80 357.75 357.66 357.66 357.65 357.63 357.57 357.82 357.66 357.66 357.66 357.66 357.66 357.94 358.03 357.62 357.63 357.66 357.66
 357.66 357.62 357.57 357.43 357.61 357.63 357.66 357.66 357.66 357.66 357.64 357.66 357.66 357.66 357.66 357.66 357.66 357.66 357.85 358.03 357.62 357.64 357.66 357.66
 357.66 357.66 357.66 357.66 357.66 357.66 357.66 357.66 357.66 357.66 357.66 357.66 357.66 357.66 357.66 357.66 357.66 357.66 357.66 357.66 357.66 357.66 357.66 357.66
 363.33 363.33 363.33 363.33 363.33 363.33 363.33 363.33 363.33 363.33 363.33 363.33 363.33 363.33 363.33 363.33 363.33 363.33 363.33 363.33 363.33 363.33 363.33 363.33
 361.54 360.01 351.50 357.42 363.33 363.33 363.33 363.33 363.33 363.33 363.33 362.82 363.68 364.04 363.68 362.94 363.33 363.33 360.00 363.33 363.33 362.04 360.74 362.14
 364.59 363.66 357.58 357.50 364.18 364.60 359.91 358.35 362.65 369.33 362.31 362.31 362.29 362.28 362.41 362.55 362.44 356.66 356.66 359.12 361.34 361.51 361.07 361.04
 360.44 360.72 360.72 362.66 364.60 364.60 359.91 358.35 362.65 369.33 366.26 362.31 362.76 362.62 362.14 362.14 362.32 361.60 360.88 361.57 361.57 361.42 361.42 360.80
 360.44 360.72 360.72 356.72 364.60 364.60 359.91 360.57 362.79 364.54 363.19 362.98 362.76 362.97 362.97 362.14 362.32 362.40 362.40 361.99 362.26 363.76 363.76 363.76
 359.63 360.72 356.72 356.72 356.72 364.60 359.91 361.69 362.81 362.83 363.01 361.55 360.99 362.14 362.14 362.14 362.32 362.40 362.40 362.26 362.26 362.26 363.76 359.23
 359.23 358.22 356.72 356.72 356.72 357.56 358.62 360.58 360.96 360.97 360.58 359.23 359.23 361.31 361.31 361.31 361.81 362.40 362.40 362.26 362.26 361.25 359.23 359.23
 358.97 358.70 357.71 356.72 357.56 358.40 358.40 359.10 359.10 359.10 359.10 358.65 359.06 360.19 360.75 361.03 360.26 360.91 362.40 360.87 362.26 360.91 359.23 359.23
 358.70 358.70 358.70 357.25 358.40 358.40 358.40 358.24 358.08 358.08 358.04 358.24 358.65 359.42 359.37 357.93 357.93 357.93 358.08 358.10 358.24 358.20 358.71 358.97
 358.44 358.70 357.57 357.25 357.60 358.40 358.24 357.93 357.99 357.94 357.80 358.02 358.20 357.93 357.93 357.93 357.93 357.93 358.06 358.10 358.24 358.16 357.93 357.93
 357.93 357.92 357.90 357.76 357.94 357.94 357.93 357.93 357.93 357.93 357.87 357.93 357.93 357.93 357.93 357.93 357.93 357.93 358.02 358.10 358.24 358.09 357.93 357.93
 357.93 357.93 357.93 357.93 357.93 357.93 357.93 357.93 357.93 357.93 357.93 357.93 357.93 357.93 357.93 357.93 357.93 357.93 357.93 357.93 357.93 357.93 357.93 357.93
 357.52 357.52 357.52 357.52 357.52 357.52 357.52 357.52 357.52 357.52 357.52 357.52 357.52 357.52 357.52 357.52 357.52 357.52 357.52 357.52 357.52 357.52 357.52 357.52
 356.42 356.40 349.80 353.66 357.52 357.52 357.52 357.52 357.52 357.52 357.52 355.93 357.22 356.91 357.22 357.25 357.52 357.52 355.18 357.52 357.52 356.74 355.96 357.68
 364.44 361.86 355.83 354.75 359.17 360.00 356.51 350.41 360.31 372.84 354.33 354.33 354.65 354.97 355.98 356.98 358.10 352.83 352.83 355.79 357.35 356.46 356.29 356.58
 358.75 356.08 356.08 358.04 360.00 360.00 356.51 350.41 360.31 372.84 367.01 354.33 360.00 357.94 358.23 358.10 359.23 360.38 361.54 358.75 358.75 356.34 356.34 357.63
 358.75 356.08 356.08 357.39 360.00 360.00 356.51 355.86 361.30 364.30 361.17 360.59 360.00 360.90 360.90 359.41 359.23 360.83 360.83 359.79 360.11 361.31 361.31 361.31
 359.56 356.08 357.39 357.39 357.39 360.00 356.51 358.73 361.60 361.89 361.53 360.45 360.24 361.25 361.25 361.25 358.34 360.83 360.83 360.11 360.11 360.11 361.31 359.96
 359.96 358.66 357.39 357.39 357.39 358.10 357.80 359.04 360.03 360.12 359.87 359.46 359.46 360.88 360.88 358.59 357.45 357.45 360.83 360.11 360.11 360.06 359.96 359.96
 359.29 358.63 358.01 357.39 358.10 358.80 358.80 358.36 358.36 358.36 358.36 358.88 359.07 359.98 359.43 357.45 357.45 357.45 357.45 359.93 360.11 360.04 359.96 359.96
 358.63 358.63 358.63 357.70 358.80 358.80 358.80 358.62 358.44 358.44 358.37 358.68 358.88 359.43 358.67 357.45 357.45 357.45 359.93 359.93 359.57 359.20 359.21 359.29
 358.55 358.63 357.96 357.70 357.98 358.80 358.66 358.38 358.34 358.21 357.99 358.34 358.53 358.38 358.38 358.38 357.91 359.15 359.93 359.93 359.21 358.82 358.38 358.38
 358.38 358.30 358.22 358.14 358.25 358.31 358.38 358.38 358.38 358.38 358.18 358.38 358.38 358.38 358.38 358.38 358.38 358.38 358.31 358.25 358.49 358.43 358.38 358.38
 358.38 358.38 358.38 358.38 358.38 358.38 358.38 358.38 358.38 358.38 358.38 358.38 358.38 358.38 358.38 358.38 358.38 358.38 358.38 358.38 358.38 358.38 358.38 358.38
 352.28 352.28 352.28 352.28 352.28 352.28 352.28 352.28 352.28 352.28 352.28 352.28 352.28 352.28 352.28 352.28 352.28 352.28 352.28 352.28 352.28 352.28 352.28 352.28
 351.96 353.95 351.10 351.69 352.28 352.28 352.28 352.28 352.28 352.28 352.28 350.95 351.76 351.23 351.76 352.50 352.28 352.28 353.24 352.28 352.28 352.08 351.87 353.19
 359.62 360.45 355.78 353.73 357.89 360.70 354.71 351.31 354.98 369.76 349.61 349.61 350.32 351.03 351.88 352.72 354.20 354.20 354.20 355.06 354.43 352.63 352.62 352.78
 356.32 355.16 355.16 357.93 360.70 360.70 354.71 351.31 354.98 369.76 363.65 349.61 357.47 354.91 354.94 354.20 355.68 355.58 355.47 355.93 355.93 353.20 353.20 354.62
 356.32 355.16 355.16 357.82 360.70 360.70 354.71 355.38 359.45 361.50 357.55 357.51 357.47 358.79 358.79 356.22 355.68 358.37 358.37 357.15 357.45 358.40 358.40 358.40
 358.91 355.16 357.82 357.82 357.82 360.70 354.71 357.37 359.36 359.26 358.40 358.60 359.14 360.61 360.61 360.61 356.75 358.37 358.37 357.45 357.45 357.45 358.40 360.21
 360.21 359.04 357.82 357.82 357.82 358.76 357.72 358.20 358.85 358.82 358.73 359.33 359.33 360.39 360.39 358.68 357.83 357.83 358.37 357.45 357.45 358.37 360.21 360.21
 359.65 359.09 358.45 357.82 358.76 359.70 359.70 358.38 358.38 358.38 358.38 359.03 359.16 359.78 359.33 357.83 357.83 357.83 357.83 359.66 357.45 358.68 360.21 360.21
 359.09 359.09 359.09 358.37 359.70 359.70 359.70 359.23 358.76 358.76 358.64 358.89 359.03 359.40 358.82 357.83 357.83 357.83 359.66 359.66 359.42 359.18 359.52 359.65
 358.96 359.09 358.41 358.37 358.55 359.70 359.37 358.71 358.66 358.51 358.26 358.57 358.77 358.71 358.71 358.71 358.27 359.19 359.66 359.66 359.18 358.94 358.71 358.71
 358.71 358.58 358.45 358.56 358.72 358.72 358.71 358.71 358.71 358.71 358.49 358.71 358.71 358.71 358.71 358.71 358.71 358.71 358.75 358.78 358.70 358.71 358.71 358.71
 358.71 358.71 358.71 358.71 358.71 358.71 358.71 358.71 358.71 358.71 358.71 358.71 358.71 358.71 358.71 358.71 358.71 358.71 358.71 358.71 358.71 358.71 358.71 358.71
 353.34 353.34 353.34 353.34 353.34 353.34 353.34 353.34 353.34 353.34 353.34 353.34 353.34 353.34 353.34 353.34 353.34 353.34 353.34 353.34 353.34 353.34 353.34 353.34
 352.56 356.72 356.60 354.97 353.34 353.34 353.34 353.34 353.34 353.34 353.34 353.44 353.56 353.79 353.56 353.91 353.34 353.34 355.59 353.34 353.34 352.70 352.07 354.56
 363.60 364.39 360.49 357.73 360.18 363.60 356.91 356.72 355.40 363.69 353.54 353.54 354.12 354.71 354.60 354.49 355.31 357.84 357.84 356.87 355.36 353.69 353.74 354.50
 357.35 358.36 358.36 360.98 363.60 363.60 356.91 356.72 355.40 363.69 360.54 353.54 356.53 356.36 356.07 355.31 356.13 355.10 354.08 355.89 355.89 354.64 354.64 355.90
 357.10 357.73 358.05 357.62 363.60 363.60 356.91 357.20 357.68 359.00 357.39 356.96 356.53 358.02 358.02 356.49 356.13 357.53 357.53 356.71 356.44 357.56 357.56 357.21
 357.10 357.42 357.62 357.62 357.62 363.60 356.91 357.33 357.46 357.24 357.31 358.06 358.72 360.40 360.40 360.40 357.23 357.53 357.53 356.44 356.44 356.44 357.56 360.21
 360.21 359.01 357.62 357.62 357.62 358.56 358.32 358.40 358.42 358.35 358.59 359.24 359.24 360.08 360.08 358.92 358.34 358.34 357.53 356.44 356.44 357.70 360.21 360.21
 359.70 359.19 358.40 357.62 358.56 359.50 359.50 359.45 359.45 359.45 359.45 359.20 359.48 359.78 359.40 358.34 358.34 358.34 358.34 358.79 356.44 358.12 360.21 360.21
 359.19 359.19 359.19 359.28 359.50 359.50 359.50 359.25 358.99 358.99 358.89 358.93 359.20 359.49 359.06 358.34 358.34 358.34 358.79 358.79 358.88 358.95 359.63 359.70
 359.12 359.19 359.00 359.28 359.17 359.50 359.33 358.99 358.95 358.88 358.76 358.84 359.01 358.99 358.99 358.99 358.67 358.89 358.79 358.79 358.97 359.02 358.99 358.99
 358.99 358.86 358.72 359.01 359.06 359.03 358.99 358.99 358.99 358.99 358.88 358.99 358.99 358.99 358.99 358.99 358.99 358.99 359.15 359.31 359.15 359.07 358.99 358.99
 358.99 358.99 358.99 358.99 358.99 358.99 358.99 358.99 358.99 358.99 358.99 358.99 358.99 358.99 358.99 358.99 358.99 358.99 358.99 358.99 358.99 358.99 358.99 358.99
 358.17 358.17 358.17 358.17 358.17 358.17 358.17 358.17 358.17 358.17 358.17 358.17 358.17 358.17 358.17 358.17 358.17 358.17 358.17 358.17 358.17 358.17 358.17 358.17
 357.43 364.09 363.70 360.93 358.17 358.17 358.17 358.17 358.17 358.17 358.17 359.14 357.99 357.81 357.99 358.91 358.17 358.17 360.88 358.17 358.17 357.74 357.31 359.70
 373.93 377.06 370.38 365.66 358.17 359.53 360.21 360.73 362.76 368.92 360.11 360.11 359.94 359.76 359.71 359.66 359.21 363.59 363.59 361.40 359.59 357.91 357.72 357.59
 360.01 366.74 366.74 366.74 360.21 360.21 360.21 360.73 362.76 368.92 363.51 360.11 358.36 359.04 360.21 360.21 358.75 359.93 361.11 359.20 359.20 358.27 358.27 358.60
 358.14 362.44 364.59 357.78 359.00 360.21 360.21 360.55 360.36 361.22 358.10 358.23 358.36 358.32 358.32 360.21 358.75 360.07 360.07 359.64 358.05 358.41 358.41 358.21
 358.14 360.29 357.78 357.78 357.78 359.22 360.21 359.74 358.94 357.52 357.81 358.75 359.49 360.62 360.62 360.41 358.63 360.07 360.07 358.05 358.05 358.05 358.41 360.23
 360.23 359.01 357.78 357.78 357.78 358.69 359.50 359.61 359.18 358.71 358.98 359.48 359.48 360.07 360.07 359.04 358.52 358.52 360.07 358.05 358.05 358.78 360.23 360.23
 359.62 359.01 358.39 357.78 358.69 359.60 359.60 359.90 359.90 359.90 359.90 359.19 359.80 359.94 359.51 358.52 358.52 358.52 358.52 358.54 358.05 359.02 360.23 360.23
 359.01 359.01 359.01 359.36 359.60 359.60 359.60 359.32 359.04 359.04 358.87 358.58 359.19 359.56 359.19 358.52 358.52 358.52 358.54 358.54 358.74 358.92 359.68 359.62
 359.07 359.01 359.20 359.36 359.25 359.60 359.46 359.18 359.07 359.01 358.98 358.78 359.05 359.18 359.18 359.18 358.85 358.86 358.54 358.54 358.95 359.10 359.18 359.18
 359.18 359.11 359.04 359.18 359.15 359.16 359.18 359.18 359.18 359.18 359.08 359.18 359.18 359.18 359.18 359.18 359.18 359.18 359.34 359.50 359.35 359.26 359.18 359.18
 359.18 359.18 359.18 359.18 359.18 359.18 359.18 359.18 359.18 359.18 359.18 359.18 359.18 359.18 359.18 359.18 359.18 359.18 359.18 359.18 359.18 359.18 359.18 359.18
 362.78 362.78 362.78 362.78 362.78 362.78 362.78 362.78 362.78 362.78 362.78 362.78 362.78 362.78 362.78 362.78 362.78 362.78 362.78 362.78 362.78 362.78 362.78 362.78
 361.77 366.93 365.80 364.29 362.78 362.78 362.78 362.78 362.78 362.78 362.78 362.58 363.20 363.62 363.20 362.32 362.78 362.78 364.26 362.78 362.78 362.31 361.83 363.06
 370.97 377.38 369.71 366.65 365.53 366.90 360.66 363.16 365.26 370.56 362.37 362.37 362.45 362.53 362.19 361.85 361.63 365.74 365.74 363.76 362.77 361.77 361.53 361.30
 362.27 372.70 365.95 365.95 366.90 366.90 360.66 363.16 365.26 370.56 365.60 362.37 360.77 361.04 361.10 361.63 361.42 365.30 369.19 361.77 361.77 361.47 361.47 361.44
 360.02 366.36 365.95 363.54 366.90 366.90 360.66 363.19 363.21 363.38 360.63 360.70 360.77 359.55 359.55 360.87 361.42 362.65 362.65 362.21 360.01 360.50 360.50 360.14
 360.02 363.19 361.13 358.72 358.72 366.90 360.66 362.17 361.16 359.12 359.88 360.21 360.34 360.04 360.04 360.02 359.97 362.65 362.65 360.01 360.01 360.01 360.50 360.33
 360.33 359.30 358.72 358.72 358.72 359.21 359.86 360.93 360.37 359.69 359.93 359.91 359.91 360.53 360.53 359.20 358.53 358.53 362.65 360.01 360.01 360.12 360.33 360.33
 359.58 358.84 358.78 358.72 359.21 359.70 359.70 360.25 360.25 360.25 360.25 359.60 360.24 360.38 359.81 358.53 358.53 358.53 358.53 358.61 360.01 360.15 360.33 360.33
 358.84 358.84 358.84 359.54 359.70 359.70 359.70 359.40 359.10 359.10 359.02 358.96 359.60 359.99 359.39 358.53 358.53 358.53 358.61 358.61 358.77 358.93 359.72 359.58
 358.97 358.84 359.38 359.54 359.37 359.70 359.54 359.23 359.13 359.05 359.00 358.98 359.27 359.23 359.23 359.23 358.88 358.92 358.61 358.61 358.94 359.09 359.23 359.23
 359.23 359.23 359.23 359.30 359.20 359.22 359.23 359.23 359.23 359.23 359.12 359.23 359.23 359.23 359.23 359.23 359.23 359.23 359.31 359.39 359.26 359.25 359.23 359.23
 359.23 359.23 359.23 359.23 359.23 359.23 359.23 359.23 359.23 359.23 359.23 359.23 359.23 359.23 359.23 359.23 359.23 359.23 359.23 359.23 359.23 359.23 359.23 359.23
 365.50 365.50 365.50 365.50 365.50 365.50 365.50 365.50 365.50 365.50 365.50 365.50 365.50 365.50 365.50 365.50 365.50 365.50 365.50 365.50 365.50 365.50 365.50 365.50
 364.51 368.73 366.40 365.95 365.50 365.50 365.50 365.50 365.50 365.50 365.50 364.72 365.80 366.09 365.80 363.74 365.50 365.50 365.93 365.50 365.50 364.91 364.31 365.33
 370.67 378.52 370.04 367.06 368.97 370.70 362.06 364.86 366.38 371.32 363.94 363.94 364.19 364.43 363.20 361.97 362.64 366.35 366.35 364.62 364.33 363.92 363.75 363.83
 364.34 374.29 365.20 365.20 370.70 370.70 362.06 364.86 366.38 371.32 367.13 363.94 361.96 362.60 362.30 362.64 363.31 369.16 375.02 362.88 362.88 363.11 363.11 363.44
 361.20 367.75 365.20 363.04 370.70 370.70 362.06 364.41 363.96 364.66 362.93 362.44 361.96 360.77 360.77 362.24 363.31 362.67 362.67 362.78 360.95 362.44 362.44 361.51
 361.20 364.47 360.88 358.72 358.72 370.70 362.06 363.30 362.19 360.42 361.68 361.40 361.13 361.06 361.06 361.06 361.13 362.67 362.67 360.95 360.95 360.95 362.44 360.49
 360.49 359.53 358.72 358.72 358.72 359.16 360.27 361.65 361.09 360.50 360.78 360.37 360.37 361.37 361.37 359.76 358.96 358.96 362.67 360.95 360.95 360.80 360.49 360.49
 359.94 359.38 359.05 358.72 359.16 359.60 359.60 360.57 360.57 360.57 360.57 359.64 360.83 361.10 360.48 358.96 358.96 358.96 358.96 358.24 360.95 360.75 360.49 360.49
 359.38 359.38 359.38 359.87 359.60 359.60 359.60 359.50 359.40 359.40 358.93 358.46 359.64 360.37 359.75 358.96 358.96 358.96 358.24 358.24 358.40 358.60 359.87 359.94
 359.31 359.38 359.55 359.87 359.51 359.60 359.46 359.18 359.25 359.17 358.94 358.70 359.17 359.18 359.18 359.18 359.07 358.71 358.24 358.24 358.57 358.80 359.18 359.18
 359.18 359.20 359.23 359.36 359.16 359.17 359.18 359.18 359.18 359.18 359.06 359.18 359.18 359.18 359.18 359.18 359.18 359.18 358.98 358.78 358.90 359.04 359.18 359.18
 359.18 359.18 359.18 359.18 359.18 359.18 359.18 359.18 359.18 359.18 359.18 359.18 359.18 359.18 359.18 359.18 359.18 359.18 359.18 359.18 359.18 359.18 359.18 359.18
