1990 MONTHLY CO2 (PPMV)   24  12  LON/LAT (N-S/0-360E) IN 15 DEGREE RESOLUTION,  GLB ANNUAL MEAN = 354.53,  GROWTH RATE = 1.04,  MISS DATA = -99.99
 359.70 359.70 359.70 359.70 359.70 359.70 359.70 359.70 359.70 359.70 359.70 359.70 359.70 359.70 359.70 359.70 359.70 359.70 359.70 359.70 359.70 359.70 359.70 359.70
 358.32 363.32 360.90 360.30 359.70 359.70 359.70 359.70 359.70 359.70 359.70 359.79 359.82 359.93 359.82 359.49 359.70 359.70 359.70 359.70 359.70 357.68 359.70 359.27
 359.37 374.37 367.63 362.61 361.25 359.90 359.83 359.70 367.31 371.12 359.88 359.88 359.79 359.71 359.50 359.28 357.58 357.72 357.34 356.25 358.64 355.66 355.66 357.59
 355.80 365.09 364.66 361.25 361.25 359.90 359.90 365.51 371.12 371.12 371.12 359.88 356.55 356.88 357.06 357.06 355.88 355.88 356.07 356.25 361.62 358.64 354.40 355.80
 355.80 360.44 359.69 359.04 361.25 359.90 359.90 360.61 362.71 362.71 361.17 356.55 356.55 354.06 354.06 357.06 355.88 355.90 355.90 354.70 357.01 354.40 354.40 354.40
 353.23 355.39 354.62 354.62 356.83 359.90 358.03 354.30 354.30 354.30 354.30 354.33 354.21 353.83 353.83 355.44 355.88 355.90 355.90 354.70 354.71 354.71 354.40 351.94
 351.94 353.28 354.62 354.62 354.62 353.08 352.31 354.30 354.30 354.30 353.62 352.25 352.25 354.71 354.71 354.71 355.30 355.90 355.90 354.71 354.71 353.79 351.94 351.94
 351.94 353.28 354.62 354.62 353.08 351.54 351.54 350.77 350.00 350.00 350.75 351.90 353.09 353.90 354.30 354.51 353.57 354.23 355.90 353.36 354.71 353.48 351.94 351.94
 351.59 351.70 351.81 353.08 351.54 351.54 351.54 350.77 350.00 350.00 350.36 350.72 351.90 352.90 352.70 350.89 350.89 350.89 350.69 350.66 352.03 350.89 351.59 351.94
 350.89 351.58 351.81 351.58 351.33 351.54 351.33 350.89 350.30 350.00 350.49 350.72 351.17 350.89 350.89 350.89 350.89 350.89 350.72 350.66 350.72 350.89 350.89 350.89
 350.89 351.35 351.81 351.35 350.89 350.89 350.89 350.89 350.89 350.89 350.89 350.89 350.89 350.89 350.89 350.89 350.89 350.89 350.78 350.66 350.78 350.89 350.89 350.89
 350.89 350.89 350.89 350.89 350.89 350.89 350.89 350.89 350.89 350.89 350.89 350.89 350.89 350.89 350.89 350.89 350.89 350.89 350.89 350.89 350.89 350.89 350.89 350.89
 360.57 360.57 360.57 360.57 360.57 360.57 360.57 360.57 360.57 360.57 360.57 360.57 360.57 360.57 360.57 360.57 360.57 360.57 360.57 360.57 360.57 360.57 360.57 360.57
 359.33 363.26 361.50 361.04 360.57 360.57 360.57 360.57 360.57 360.57 360.57 361.30 360.61 360.65 360.61 360.22 360.57 360.57 360.57 360.57 360.57 359.14 360.57 359.50
 357.53 371.65 366.57 362.22 360.62 361.60 361.26 360.57 365.79 368.40 362.03 362.03 360.98 359.93 359.90 359.88 358.50 358.73 358.16 357.06 358.83 357.71 357.71 357.02
 356.50 364.07 363.76 360.62 360.62 361.60 361.60 365.00 368.40 368.40 368.40 362.03 356.78 357.63 357.23 357.23 357.13 357.13 356.86 357.06 359.95 358.83 354.00 356.50
 356.50 360.29 359.57 358.87 360.62 361.60 361.60 361.04 361.98 361.99 360.68 356.78 356.78 355.34 355.34 357.23 357.13 356.65 356.65 355.68 357.19 354.00 354.00 354.00
 353.35 355.64 355.35 355.35 357.11 361.60 359.59 355.57 355.57 355.57 355.57 354.97 354.78 354.81 354.81 356.02 357.13 356.65 356.65 355.81 355.95 355.95 354.00 351.77
 351.77 353.56 355.35 355.35 355.35 353.65 352.80 355.57 355.57 355.57 354.63 352.75 352.75 355.29 355.29 355.29 356.21 356.65 356.65 355.88 355.95 354.56 351.77 351.77
 351.77 353.56 355.35 355.35 353.65 351.95 351.95 350.92 349.89 349.89 350.63 351.86 353.32 354.31 354.80 355.04 353.96 354.64 356.65 354.01 355.95 354.09 351.77 351.77
 351.39 351.90 352.08 353.65 351.95 351.95 351.95 350.92 349.89 349.89 350.14 350.39 351.86 353.08 352.83 350.62 350.62 350.62 350.26 350.21 352.16 350.62 351.39 351.77
 350.62 351.72 352.08 351.72 351.51 351.95 351.51 350.62 350.13 349.89 350.26 350.39 350.96 350.62 350.62 350.62 350.62 350.62 350.31 350.21 350.31 350.62 350.62 350.62
 350.62 351.35 352.08 351.35 350.62 350.62 350.62 350.62 350.62 350.62 350.62 350.62 350.62 350.62 350.62 350.62 350.62 350.62 350.42 350.21 350.42 350.62 350.62 350.62
 350.62 350.62 350.62 350.62 350.62 350.62 350.62 350.62 350.62 350.62 350.62 350.62 350.62 350.62 350.62 350.62 350.62 350.62 350.62 350.62 350.62 350.62 350.62 350.62
 361.94 361.94 361.94 361.94 361.94 361.94 361.94 361.94 361.94 361.94 361.94 361.94 361.94 361.94 361.94 361.94 361.94 361.94 361.94 361.94 361.94 361.94 361.94 361.94
 359.89 362.45 360.80 361.37 361.94 361.94 361.94 361.94 361.94 361.94 361.94 361.34 361.76 361.59 361.76 360.66 361.94 361.94 361.94 361.94 361.94 360.40 361.94 360.61
 358.67 367.16 363.98 362.57 362.47 361.10 361.38 361.94 365.93 367.92 360.74 360.74 360.51 360.28 359.83 359.38 358.38 359.24 359.38 358.27 358.38 358.85 358.85 358.59
 358.50 362.83 363.09 362.47 362.47 361.10 361.10 364.51 367.92 367.92 367.92 360.74 357.67 358.12 358.41 358.41 357.38 357.38 357.91 358.27 357.92 358.38 355.40 358.50
 358.50 360.67 359.74 360.04 362.47 361.10 361.10 361.01 362.12 362.12 361.01 357.67 357.67 355.97 355.97 358.41 357.38 357.56 357.56 356.70 356.90 355.40 355.40 355.40
 353.69 355.69 355.18 355.18 357.61 361.10 359.51 356.32 356.32 356.32 356.32 355.57 355.29 355.23 355.23 356.82 357.38 357.56 357.56 356.38 356.07 356.07 355.40 351.29
 351.29 353.24 355.18 355.18 355.18 353.36 352.45 356.32 356.32 356.32 355.21 352.98 352.98 355.71 355.71 355.71 356.55 357.56 357.56 356.23 356.07 354.48 351.29 351.29
 351.29 353.23 355.18 355.18 353.36 351.54 351.54 350.86 350.17 350.17 350.85 351.96 353.24 354.48 355.09 355.40 354.21 355.27 357.56 354.34 356.07 353.95 351.29 351.29
 351.09 351.81 351.97 353.36 351.54 351.54 351.54 350.86 350.17 350.17 350.43 350.69 351.96 353.22 353.00 350.69 350.69 350.69 350.72 350.72 352.50 350.69 351.09 351.29
 350.69 351.65 351.97 351.65 351.26 351.54 351.26 350.69 350.34 350.17 350.49 350.69 351.11 350.69 350.69 350.69 350.69 350.69 350.71 350.72 350.71 350.69 350.69 350.69
 350.69 351.33 351.97 351.33 350.69 350.69 350.69 350.69 350.69 350.69 350.69 350.69 350.69 350.69 350.69 350.69 350.69 350.69 350.71 350.72 350.71 350.69 350.69 350.69
 350.69 350.69 350.69 350.69 350.69 350.69 350.69 350.69 350.69 350.69 350.69 350.69 350.69 350.69 350.69 350.69 350.69 350.69 350.69 350.69 350.69 350.69 350.69 350.69
 362.06 362.06 362.06 362.06 362.06 362.06 362.06 362.06 362.06 362.06 362.06 362.06 362.06 362.06 362.06 362.06 362.06 362.06 362.06 362.06 362.06 362.06 362.06 362.06
 359.84 362.27 360.20 361.13 362.06 362.06 362.06 362.06 362.06 362.06 362.06 361.74 361.70 361.35 361.70 360.73 362.06 362.06 362.06 362.06 362.06 360.19 362.06 360.45
 357.86 366.99 363.60 359.24 356.12 362.40 362.29 362.06 365.30 366.92 361.43 361.43 361.00 360.58 360.00 359.41 358.62 359.51 360.04 359.08 358.56 358.32 358.32 358.58
 359.30 363.14 360.95 356.12 356.12 362.40 362.40 364.66 366.92 366.92 366.92 361.43 358.81 358.63 358.84 358.84 357.84 357.84 358.97 359.08 358.80 358.56 356.80 359.30
 359.30 361.22 357.76 355.28 356.12 362.40 362.40 361.41 361.83 361.83 361.08 358.81 358.81 356.69 356.69 358.84 357.84 358.86 358.86 357.41 357.76 356.80 356.80 356.80
 354.37 355.48 353.58 353.58 354.43 362.40 360.51 356.74 356.74 356.74 356.74 356.00 355.50 354.72 354.72 356.78 357.84 358.86 358.86 357.25 357.08 357.08 356.80 351.90
 351.90 352.74 353.58 353.58 353.58 352.49 351.95 356.74 356.74 356.74 355.48 352.96 352.96 355.87 355.87 355.87 356.86 358.86 358.86 357.16 357.08 355.35 351.90 351.90
 351.90 352.74 353.58 353.58 352.49 351.40 351.40 350.90 350.39 350.39 350.62 351.17 352.10 353.99 354.93 355.40 354.40 356.23 358.86 355.14 357.08 354.78 351.90 351.90
 351.59 351.45 351.52 352.49 351.40 351.40 351.40 350.90 350.39 350.39 350.31 350.24 351.17 352.58 352.82 350.96 350.96 350.96 351.15 351.18 353.13 350.96 351.59 351.90
 350.96 351.38 351.52 351.38 351.26 351.40 351.26 350.96 350.58 350.39 350.47 350.24 350.79 350.96 350.96 350.96 350.96 350.96 351.12 351.18 351.12 350.96 350.96 350.96
 350.96 351.24 351.52 351.24 350.96 350.96 350.96 350.96 350.96 350.96 350.96 350.96 350.96 350.96 350.96 350.96 350.96 350.96 351.07 351.18 351.07 350.96 350.96 350.96
 350.96 350.96 350.96 350.96 350.96 350.96 350.96 350.96 350.96 350.96 350.96 350.96 350.96 350.96 350.96 350.96 350.96 350.96 350.96 350.96 350.96 350.96 350.96 350.96
 360.78 360.78 360.78 360.78 360.78 360.78 360.78 360.78 360.78 360.78 360.78 360.78 360.78 360.78 360.78 360.78 360.78 360.78 360.78 360.78 360.78 360.78 360.78 360.78
 358.95 362.75 360.00 360.39 360.78 360.78 360.78 360.78 360.78 360.78 360.78 360.54 361.04 361.30 361.04 359.73 360.78 360.78 360.78 360.78 360.78 359.61 360.78 358.30
 352.68 371.28 365.64 362.74 362.47 364.00 362.93 360.78 366.22 368.94 360.30 360.30 359.78 359.27 358.97 358.67 358.62 359.32 359.12 357.95 357.06 358.44 358.44 353.84
 355.00 363.14 363.75 362.47 362.47 364.00 364.00 366.47 368.94 368.94 368.94 360.30 358.55 358.28 357.81 357.81 358.56 358.56 358.62 357.95 355.69 357.06 355.70 355.00
 355.00 359.07 358.56 359.09 362.47 364.00 364.00 362.70 363.10 363.10 361.96 358.55 358.55 357.29 357.29 357.81 358.56 359.29 359.29 357.73 357.07 355.70 355.70 355.70
 353.53 354.37 352.32 352.32 355.70 364.00 361.75 357.25 357.25 357.25 357.25 355.79 355.12 354.59 354.59 356.20 358.56 359.29 359.29 357.75 357.78 357.78 355.70 352.80
 352.80 352.56 352.32 352.32 352.32 352.06 351.93 357.25 357.25 357.25 355.58 352.24 352.24 355.82 355.82 355.82 357.19 359.29 359.29 357.77 357.78 356.12 352.80 352.80
 352.80 352.56 352.32 352.32 352.06 351.81 351.81 351.37 350.94 350.94 351.32 351.84 352.25 354.04 354.93 355.37 354.64 356.65 359.29 355.69 357.78 355.57 352.80 352.80
 352.32 351.64 351.68 352.06 351.81 351.81 351.81 351.37 350.94 350.94 351.18 351.42 351.84 352.94 353.08 351.37 351.37 351.37 351.50 351.52 353.59 351.37 352.32 352.80
 351.37 351.60 351.68 351.60 351.66 351.81 351.66 351.37 351.08 350.94 351.23 351.42 351.54 351.37 351.37 351.37 351.37 351.37 351.48 351.52 351.48 351.37 351.37 351.37
 351.37 351.52 351.68 351.52 351.37 351.37 351.37 351.37 351.37 351.37 351.37 351.37 351.37 351.37 351.37 351.37 351.37 351.37 351.44 351.52 351.44 351.37 351.37 351.37
 351.37 351.37 351.37 351.37 351.37 351.37 351.37 351.37 351.37 351.37 351.37 351.37 351.37 351.37 351.37 351.37 351.37 351.37 351.37 351.37 351.37 351.37 351.37 351.37
 357.07 357.07 357.07 357.07 357.07 357.07 357.07 357.07 357.07 357.07 357.07 357.07 357.07 357.07 357.07 357.07 357.07 357.07 357.07 357.07 357.07 357.07 357.07 357.07
 355.35 358.68 354.50 355.78 357.07 357.07 357.07 357.07 357.07 357.07 357.07 355.46 357.08 357.08 357.08 356.35 357.07 357.07 357.07 357.07 357.07 357.07 357.07 355.13
 351.05 367.81 361.15 354.26 350.05 363.00 361.02 357.07 361.42 363.59 353.85 353.85 353.97 354.09 354.86 355.63 355.80 356.28 355.94 354.62 354.76 355.53 354.70 352.63
 354.20 361.00 357.40 350.05 350.05 363.00 363.00 363.30 363.59 363.59 363.59 353.85 356.61 355.17 355.21 355.21 355.97 355.97 356.14 354.62 354.76 354.76 354.40 354.20
 354.20 357.60 354.68 350.96 350.05 363.00 363.00 361.00 360.43 360.43 359.47 356.61 356.61 356.25 356.25 355.21 355.97 357.67 357.67 357.13 356.20 354.40 354.40 354.40
 353.48 354.20 352.77 352.77 351.86 363.00 361.09 357.26 357.26 357.26 357.26 355.34 354.78 355.02 355.02 355.12 355.97 357.67 357.67 356.92 356.71 356.71 354.40 353.12
 353.12 352.94 352.77 352.77 352.77 352.50 352.36 357.26 357.26 357.26 355.74 352.72 352.72 355.60 355.60 355.60 355.78 357.67 357.67 356.81 356.71 355.51 353.12 353.12
 353.12 352.94 352.77 352.77 352.50 352.22 352.22 351.58 350.95 350.95 351.41 352.06 352.63 354.12 354.86 355.23 354.21 355.65 357.67 355.15 356.71 355.11 353.12 353.12
 352.62 351.91 351.95 352.50 352.22 352.22 352.22 351.58 350.95 350.95 351.22 351.50 352.06 353.09 353.19 351.62 351.62 351.62 351.88 351.92 353.49 351.62 352.62 353.12
 351.62 351.87 351.95 351.87 352.02 352.22 352.02 351.62 351.17 350.95 351.32 351.50 351.73 351.62 351.62 351.62 351.62 351.62 351.85 351.92 351.85 351.62 351.62 351.62
 351.62 351.79 351.95 351.79 351.62 351.62 351.62 351.62 351.62 351.62 351.62 351.62 351.62 351.62 351.62 351.62 351.62 351.62 351.77 351.92 351.77 351.62 351.62 351.62
 351.62 351.62 351.62 351.62 351.62 351.62 351.62 351.62 351.62 351.62 351.62 351.62 351.62 351.62 351.62 351.62 351.62 351.62 351.62 351.62 351.62 351.62 351.62 351.62
 351.72 351.72 351.72 351.72 351.72 351.72 351.72 351.72 351.72 351.72 351.72 351.72 351.72 351.72 351.72 351.72 351.72 351.72 351.72 351.72 351.72 351.72 351.72 351.72
 349.05 351.60 344.30 348.01 351.72 351.72 351.72 351.72 351.72 351.72 351.72 349.39 350.92 350.13 350.92 351.72 351.72 351.72 351.72 351.72 351.72 351.72 351.72 350.10
 347.91 361.33 352.81 350.44 350.46 359.20 356.71 351.72 357.38 360.21 347.05 347.05 347.33 347.61 347.61 351.61 352.08 351.96 352.61 352.35 357.52 355.59 351.47 349.81
 351.70 356.51 353.26 350.46 350.46 359.20 359.20 359.71 360.21 360.21 360.21 347.05 353.88 351.00 351.61 351.61 352.08 352.08 353.75 352.35 357.52 357.52 352.90 351.70
 351.70 354.11 353.03 351.41 350.46 359.20 359.20 357.63 357.27 357.27 356.42 353.88 353.88 354.40 354.40 351.61 352.08 355.16 355.16 354.56 355.59 352.90 352.90 352.90
 353.09 353.52 353.32 353.32 352.37 359.20 357.58 354.33 354.33 354.33 354.33 353.67 353.75 354.64 354.64 353.12 352.08 355.16 355.16 354.63 354.70 354.70 352.90 353.78
 353.78 353.55 353.32 353.32 353.32 352.99 352.82 354.33 354.33 354.33 353.80 352.73 352.73 355.20 355.20 355.20 353.64 355.16 355.16 354.66 354.70 354.39 353.78 353.78
 353.78 353.55 353.32 353.32 352.99 352.65 352.65 352.04 351.44 351.44 351.93 352.52 352.83 354.01 354.61 354.90 353.53 354.12 355.16 353.92 354.70 354.29 353.78 353.78
 353.20 352.18 352.20 352.99 352.65 352.65 352.65 352.04 351.44 351.44 351.83 352.22 352.52 353.27 353.31 352.05 352.05 352.05 352.36 352.40 353.14 352.05 353.20 353.78
 352.05 352.16 352.20 352.16 352.45 352.65 352.45 352.05 351.64 351.44 351.89 352.22 352.27 352.05 352.05 352.05 352.05 352.05 352.31 352.40 352.31 352.05 352.05 352.05
 352.05 352.13 352.20 352.13 352.05 352.05 352.05 352.05 352.05 352.05 352.05 352.05 352.05 352.05 352.05 352.05 352.05 352.05 352.23 352.40 352.23 352.05 352.05 352.05
 352.05 352.05 352.05 352.05 352.05 352.05 352.05 352.05 352.05 352.05 352.05 352.05 352.05 352.05 352.05 352.05 352.05 352.05 352.05 352.05 352.05 352.05 352.05 352.05
 346.36 346.36 346.36 346.36 346.36 346.36 346.36 346.36 346.36 346.36 346.36 346.36 346.36 346.36 346.36 346.36 346.36 346.36 346.36 346.36 346.36 346.36 346.36 346.36
 345.47 348.97 344.70 345.53 346.36 346.36 346.36 346.36 346.36 346.36 346.36 344.29 345.61 344.87 345.61 346.67 346.36 346.36 346.36 346.36 346.36 349.26 346.36 346.54
 347.97 359.34 352.02 349.99 351.21 356.30 348.94 347.18 345.96 360.07 342.22 342.22 343.38 344.54 345.76 346.99 348.12 347.91 349.57 350.84 349.49 352.16 352.16 348.24
 348.50 353.92 352.38 351.21 351.21 356.30 348.94 347.45 345.96 360.07 360.07 342.22 350.91 348.51 349.81 349.81 349.26 349.26 351.52 350.84 346.82 349.49 350.70 348.50
 348.50 351.21 352.01 351.71 351.21 356.30 348.94 347.45 345.96 355.25 354.16 350.91 350.91 352.49 352.49 349.81 349.26 352.20 352.20 351.44 350.13 350.70 350.70 350.70
 352.40 352.47 352.73 352.73 352.22 356.30 348.94 350.42 350.42 350.42 350.42 351.71 352.66 354.23 354.23 352.02 349.26 352.20 352.20 351.78 352.13 352.13 350.70 354.35
 354.35 353.54 352.73 352.73 352.73 352.81 351.55 350.42 350.42 350.42 351.23 352.85 352.85 354.72 354.72 354.72 351.99 352.20 352.20 351.96 352.13 352.87 354.35 354.35
 354.35 353.54 352.73 352.73 352.81 352.89 352.89 352.35 351.80 351.80 352.04 352.36 352.59 353.65 354.19 354.45 352.97 352.29 352.20 352.40 352.13 353.12 354.35 354.35
 353.72 352.56 352.57 352.81 352.89 352.89 352.89 352.35 351.80 351.80 351.96 352.13 352.36 353.00 353.22 352.46 352.46 352.46 353.03 353.11 352.73 352.46 353.72 354.35
 352.46 352.54 352.57 352.54 352.75 352.89 352.75 352.46 352.02 351.80 352.09 352.13 352.32 352.46 352.46 352.46 352.46 352.46 352.95 353.11 352.95 352.46 352.46 352.46
 352.46 352.51 352.57 352.51 352.46 352.46 352.46 352.46 352.46 352.46 352.46 352.46 352.46 352.46 352.46 352.46 352.46 352.46 352.79 353.11 352.79 352.46 352.46 352.46
 352.46 352.46 352.46 352.46 352.46 352.46 352.46 352.46 352.46 352.46 352.46 352.46 352.46 352.46 352.46 352.46 352.46 352.46 352.46 352.46 352.46 352.46 352.46 352.46
 347.91 347.91 347.91 347.91 347.91 347.91 347.91 347.91 347.91 347.91 347.91 347.91 347.91 347.91 347.91 347.91 347.91 347.91 347.91 347.91 347.91 347.91 347.91 347.91
 347.37 348.39 349.90 348.91 347.91 347.91 347.91 347.91 347.91 347.91 347.91 347.53 347.33 346.74 347.33 347.98 347.91 347.91 347.91 347.91 347.91 351.60 347.91 347.90
 348.42 348.42 349.90 349.83 350.25 359.60 351.47 349.22 347.83 360.44 347.15 347.15 346.99 346.82 347.44 348.05 349.24 349.20 349.48 349.79 351.59 355.28 355.28 349.11
 349.80 349.80 349.98 350.25 350.25 359.60 351.47 349.65 347.83 360.44 360.44 347.15 350.45 348.85 351.35 351.35 350.43 350.43 350.75 349.79 347.90 351.59 349.40 349.80
 349.80 349.80 350.73 350.91 350.25 359.60 351.47 349.65 347.83 355.36 354.13 350.45 350.45 350.89 350.89 351.35 350.43 351.71 351.71 350.75 349.64 349.40 349.40 349.40
 352.67 351.97 352.23 352.23 351.57 359.60 351.47 350.27 350.27 350.27 350.27 351.50 352.39 353.84 353.84 352.60 350.43 351.71 351.71 351.39 351.39 351.39 349.40 354.11
 354.11 353.17 352.23 352.23 352.23 352.56 352.31 350.27 350.27 350.27 351.14 352.88 352.88 354.21 354.21 354.21 352.32 351.71 351.71 351.39 351.39 352.30 354.11 354.11
 354.11 353.17 352.23 352.23 352.56 352.89 352.89 352.41 351.92 351.92 352.39 352.90 353.01 353.61 353.91 354.06 353.03 352.04 351.71 352.03 351.39 352.60 354.11 354.11
 353.64 352.81 352.83 352.56 352.89 352.89 352.89 352.41 351.92 351.92 352.36 352.79 352.90 353.26 353.29 352.70 352.70 352.70 353.24 353.32 352.62 352.70 353.64 354.11
 352.70 352.80 352.83 352.80 352.83 352.89 352.83 352.70 352.18 351.92 352.44 352.79 352.80 352.70 352.70 352.70 352.70 352.70 353.16 353.32 353.16 352.70 352.70 352.70
 352.70 352.76 352.83 352.76 352.70 352.70 352.70 352.70 352.70 352.70 352.70 352.70 352.70 352.70 352.70 352.70 352.70 352.70 353.01 353.32 353.01 352.70 352.70 352.70
 352.70 352.70 352.70 352.70 352.70 352.70 352.70 352.70 352.70 352.70 352.70 352.70 352.70 352.70 352.70 352.70 352.70 352.70 352.70 352.70 352.70 352.70 352.70 352.70
 351.48 351.48 351.48 351.48 351.48 351.48 351.48 351.48 351.48 351.48 351.48 351.48 351.48 351.48 351.48 351.48 351.48 351.48 351.48 351.48 351.48 351.48 351.48 351.48
 352.06 352.18 353.00 352.24 351.48 351.48 351.48 351.48 351.48 351.48 351.48 353.15 352.16 352.85 352.16 352.12 351.48 351.48 351.48 351.48 351.48 351.86 351.48 352.64
 355.53 355.53 353.00 360.23 367.84 359.70 353.32 353.64 355.40 364.92 354.83 354.83 354.31 353.80 353.28 352.77 352.76 352.33 352.56 352.48 352.52 352.24 352.57 354.01
 352.50 352.50 357.78 367.84 367.84 359.70 353.32 354.36 355.40 364.92 364.92 354.83 352.40 352.58 353.86 353.86 352.76 352.76 353.72 352.48 352.81 352.65 352.90 352.60
 352.50 352.50 356.38 362.72 367.84 359.70 353.32 354.36 355.40 358.35 356.86 352.40 352.40 351.37 351.37 353.86 352.76 354.96 354.96 353.72 352.63 350.70 350.70 350.70
 353.51 352.94 352.50 352.50 357.61 359.70 353.32 351.79 351.79 351.79 351.79 352.45 352.87 353.43 353.43 353.64 352.76 354.96 354.96 352.46 352.46 352.46 350.70 354.01
 354.01 353.25 352.50 352.50 352.50 352.80 353.07 351.79 351.79 351.79 352.12 352.76 352.76 353.96 353.96 353.96 353.36 354.96 354.96 352.46 352.46 352.98 354.01 354.01
 354.01 353.25 352.50 352.50 352.80 353.10 353.10 352.53 351.96 351.96 352.11 352.41 352.86 353.41 353.68 353.82 353.29 354.21 354.96 352.68 352.46 353.15 354.01 354.01
 353.57 353.32 353.41 352.80 353.10 353.10 353.10 352.53 351.96 351.96 351.96 351.96 352.41 352.91 353.10 352.70 352.70 352.70 353.06 353.11 352.86 352.70 353.57 354.01
 352.70 353.23 353.41 353.23 352.96 353.10 352.96 352.70 352.21 351.96 352.14 351.96 352.35 352.70 352.70 352.70 352.70 352.70 353.01 353.11 353.01 352.70 352.70 352.70
 352.70 353.06 353.41 353.06 352.70 352.70 352.70 352.70 352.70 352.70 352.70 352.70 352.70 352.70 352.70 352.70 352.70 352.70 352.90 353.11 352.90 352.70 352.70 352.70
 352.70 352.70 352.70 352.70 352.70 352.70 352.70 352.70 352.70 352.70 352.70 352.70 352.70 352.70 352.70 352.70 352.70 352.70 352.70 352.70 352.70 352.70 352.70 352.70
 355.94 355.94 355.94 355.94 355.94 355.94 355.94 355.94 355.94 355.94 355.94 355.94 355.94 355.94 355.94 355.94 355.94 355.94 355.94 355.94 355.94 355.94 355.94 355.94
 355.15 356.76 359.20 357.57 355.94 355.94 355.94 355.94 355.94 355.94 355.94 357.11 356.24 356.53 356.24 356.82 355.94 355.94 355.94 355.94 355.94 355.94 355.94 356.53
 359.08 359.08 359.20 360.48 362.56 360.20 353.98 356.65 359.78 373.29 358.28 358.28 358.59 358.90 358.30 357.70 355.98 355.40 355.91 355.71 358.05 356.97 356.57 357.54
 356.00 356.00 359.26 362.56 362.56 360.20 353.98 356.88 359.78 373.29 373.29 358.28 354.28 355.98 356.42 356.42 354.26 354.26 356.06 355.71 358.05 357.31 356.57 356.14
 356.00 356.00 356.83 359.30 362.56 360.20 353.98 356.88 359.78 363.12 360.91 354.28 354.28 353.06 353.06 356.42 354.26 356.42 356.42 356.06 355.81 352.60 352.60 352.60
 354.63 354.19 352.76 352.76 356.03 360.20 353.98 352.95 352.95 352.95 352.95 353.46 353.63 353.63 353.63 355.03 354.26 356.42 356.42 353.56 353.56 353.56 352.60 353.95
 353.95 353.36 352.76 352.76 352.76 352.98 353.38 352.95 352.95 352.95 352.95 352.97 352.97 354.12 354.12 354.12 354.19 356.42 356.42 353.56 353.56 353.69 353.95 353.95
 353.95 353.36 352.76 352.76 352.98 353.19 353.19 352.54 351.89 351.89 352.23 352.71 353.13 353.62 353.87 354.00 353.66 355.21 356.42 353.36 353.56 353.73 353.95 353.95
 353.56 353.59 353.70 352.98 353.19 353.19 353.19 352.54 351.89 351.89 352.10 352.30 352.71 353.17 353.27 352.78 352.78 352.78 352.94 352.96 353.14 352.78 353.56 353.95
 352.78 353.47 353.70 353.47 353.05 353.19 353.05 352.78 352.19 351.89 352.27 352.30 352.60 352.78 352.78 352.78 352.78 352.78 352.91 352.96 352.91 352.78 352.78 352.78
 352.78 353.24 353.70 353.24 352.78 352.78 352.78 352.78 352.78 352.78 352.78 352.78 352.78 352.78 352.78 352.78 352.78 352.78 352.87 352.96 352.87 352.78 352.78 352.78
 352.78 352.78 352.78 352.78 352.78 352.78 352.78 352.78 352.78 352.78 352.78 352.78 352.78 352.78 352.78 352.78 352.78 352.78 352.78 352.78 352.78 352.78 352.78 352.78
 358.60 358.60 358.60 358.60 358.60 358.60 358.60 358.60 358.60 358.60 358.60 358.60 358.60 358.60 358.60 358.60 358.60 358.60 358.60 358.60 358.60 358.60 358.60 358.60
 357.42 359.21 361.60 360.10 358.60 358.60 358.60 358.60 358.60 358.60 358.60 359.50 358.86 359.12 358.86 358.86 358.60 358.60 358.60 358.60 358.60 358.60 358.60 359.01
 361.41 361.41 361.60 361.83 362.81 360.90 355.00 357.62 359.59 377.71 360.40 360.40 359.97 359.54 359.33 359.12 357.50 357.33 356.90 356.11 360.39 359.07 358.06 359.56
 357.70 357.70 360.70 362.81 362.81 360.90 355.00 357.29 359.59 377.71 377.71 360.40 355.65 357.05 358.39 358.39 355.88 355.88 356.01 356.11 360.39 359.23 358.06 357.79
 357.70 357.70 357.81 359.62 362.81 360.90 355.00 357.29 359.59 366.09 363.48 355.65 355.65 354.57 354.57 358.39 355.88 355.92 355.92 356.01 357.78 355.00 355.00 355.00
 354.88 354.79 353.23 353.23 356.42 360.90 355.00 354.47 354.47 354.47 354.47 354.52 354.48 354.34 354.34 356.37 355.88 355.92 355.92 355.18 355.18 355.18 355.00 353.47
 353.47 353.35 353.23 353.23 353.23 353.06 353.65 354.47 354.47 354.47 354.13 353.46 353.46 354.74 354.74 354.74 355.31 355.92 355.92 355.18 355.18 354.61 353.47 353.47
 353.47 353.35 353.23 353.23 353.06 352.90 352.90 352.39 351.88 351.88 352.29 352.95 353.68 354.21 354.47 354.61 354.15 354.79 355.92 354.35 355.18 354.42 353.47 353.47
 353.16 352.95 353.01 353.06 352.90 352.90 352.90 352.39 351.88 351.88 352.05 352.22 352.95 353.58 353.53 352.53 352.53 352.53 352.68 352.70 353.51 352.53 353.16 353.47
 352.53 352.89 353.01 353.13 353.40 352.90 352.78 352.53 352.10 351.88 352.17 352.22 352.56 352.53 352.53 352.53 352.53 352.53 352.66 352.70 352.66 352.53 352.53 352.53
 352.53 352.77 353.01 352.98 353.40 352.96 352.53 352.53 352.53 352.53 352.53 352.53 352.53 352.53 352.53 352.53 352.53 352.53 352.61 352.70 352.61 352.53 352.53 352.53
 352.53 352.53 352.53 352.53 352.53 352.53 352.53 352.53 352.53 352.53 352.53 352.53 352.53 352.53 352.53 352.53 352.53 352.53 352.53 352.53 352.53 352.53 352.53 352.53
