1978 MONTHLY CO2 (PPMV)   24  12  LON/LAT (N-S/0-360E) IN 15 DEGREE RESOLUTION,  GLB ANNUAL MEAN = 335.60,  GROWTH RATE = 1.67,  MISS DATA = -99.99
 341.18 341.18 341.18 341.18 341.18 341.18 341.18 341.18 341.18 341.18 341.18 341.18 341.18 341.18 341.18 341.18 341.18 341.18 341.18 341.18 341.18 341.18 341.18 341.18
 345.75 345.75 345.75 345.75 345.75 345.75 343.64 339.40 339.40 339.40 339.40 339.40 339.40 339.40 339.40 339.40 337.34 337.34 337.87 337.40 337.40 337.40 345.75 345.75
 345.75 345.75 345.75 345.75 345.75 345.75 345.75 341.52 339.40 339.40 339.40 339.40 339.40 339.40 339.40 337.34 337.34 337.34 337.87 337.40 337.40 337.40 345.75 345.75
 345.75 345.75 345.75 345.75 345.75 345.75 345.75 333.00 333.60 334.40 335.20 335.20 335.20 335.20 335.91 337.34 337.34 337.34 337.87 337.40 337.40 337.40 337.40 345.75
 345.75 345.75 345.75 345.75 345.75 341.32 332.21 332.40 332.80 333.60 335.20 335.20 335.20 335.20 335.20 336.63 337.34 337.87 337.87 337.87 337.40 337.40 337.40 345.75
 345.75 345.75 345.75 341.32 332.45 332.45 332.03 332.00 332.00 332.00 334.16 334.30 334.57 335.11 335.11 335.11 337.34 337.87 337.87 337.87 337.40 337.40 337.40 345.75
 345.75 341.32 332.45 332.45 332.45 332.45 332.06 332.00 332.00 332.00 334.03 334.03 334.03 334.57 334.84 334.98 337.34 337.87 337.87 337.87 337.40 337.40 335.75 339.10
 332.45 332.45 332.45 332.45 332.45 332.45 332.11 332.00 332.00 332.00 332.69 333.39 334.03 334.30 334.57 334.00 334.89 336.06 337.87 332.10 333.88 332.45 332.45 332.45
 332.45 332.45 332.45 332.45 332.45 332.45 332.23 332.00 332.00 332.00 332.69 333.39 333.39 333.39 332.92 332.45 332.45 332.45 332.14 332.10 332.14 332.45 332.45 332.45
 332.45 332.45 332.45 332.45 332.45 332.45 332.45 332.45 332.15 332.00 332.63 333.39 333.08 332.45 332.45 332.45 332.45 332.45 332.19 332.10 332.19 332.45 332.45 332.45
 332.45 332.45 332.45 332.45 332.45 332.45 332.45 332.45 332.45 332.45 332.45 332.45 332.45 332.45 332.45 332.45 332.45 332.45 332.27 332.10 332.27 332.45 332.45 332.45
 332.45 332.45 332.45 332.45 332.45 332.45 332.45 332.45 332.45 332.45 332.45 332.45 332.45 332.45 332.45 332.45 332.45 332.45 332.45 332.45 332.45 332.45 332.45 332.45
 339.74 339.74 339.74 339.74 339.74 339.74 339.74 339.74 339.74 339.74 339.74 339.74 339.74 339.74 339.74 339.74 339.74 339.74 339.74 339.74 339.74 339.74 339.74 339.74
 344.81 339.74 339.74 339.74 339.74 339.74 339.74 339.74 339.74 339.74 339.74 339.74 340.16 340.59 340.16 339.74 339.74 339.74 339.74 339.74 339.74 339.74 339.74 339.74
 349.87 349.87 344.81 339.74 339.74 339.74 339.74 339.74 339.74 339.74 339.74 339.74 340.38 340.59 340.38 338.61 338.04 338.61 339.21 339.93 340.03 339.93 344.81 349.87
 349.87 349.87 347.34 339.74 339.74 339.74 339.74 339.74 339.74 339.74 339.74 337.06 335.73 335.73 336.50 338.04 338.04 338.04 338.68 340.03 340.03 340.03 340.03 349.87
 349.87 349.87 348.61 339.74 339.74 339.74 339.74 339.74 339.74 335.86 335.73 335.73 335.73 335.73 335.73 337.27 338.04 338.68 338.68 338.68 340.03 340.03 340.03 349.87
 349.87 349.87 349.24 339.74 339.74 339.74 339.74 334.65 332.10 332.10 334.35 334.56 334.98 335.81 335.81 335.81 338.04 338.68 338.68 338.68 340.03 340.03 340.03 349.87
 349.87 344.03 332.34 332.34 332.34 332.34 332.13 332.10 332.10 332.10 334.14 334.14 334.14 334.98 335.39 335.60 338.04 338.68 338.68 338.68 340.03 340.03 337.47 341.11
 332.34 332.34 332.34 332.34 332.34 332.34 332.16 332.10 332.10 332.10 332.56 333.01 334.14 334.56 334.98 334.31 335.19 336.57 338.68 332.43 334.96 332.34 332.34 332.34
 332.34 332.34 332.34 332.34 332.34 332.34 332.22 332.10 332.10 332.10 332.56 333.01 333.01 333.01 332.67 332.34 332.34 332.34 332.42 332.43 332.42 332.34 332.34 332.34
 332.34 332.34 332.34 332.34 332.34 332.34 332.34 332.34 332.18 332.10 332.50 333.01 332.79 332.34 332.34 332.34 332.34 332.34 332.41 332.43 332.41 332.34 332.34 332.34
 332.34 332.34 332.34 332.34 332.34 332.34 332.34 332.34 332.34 332.34 332.34 332.34 332.34 332.34 332.34 332.34 332.34 332.34 332.38 332.43 332.38 332.34 332.34 332.34
 332.34 332.34 332.34 332.34 332.34 332.34 332.34 332.34 332.34 332.34 332.34 332.34 332.34 332.34 332.34 332.34 332.34 332.34 332.34 332.34 332.34 332.34 332.34 332.34
 341.57 341.57 341.57 341.57 341.57 341.57 341.57 341.57 341.57 341.57 341.57 341.57 341.57 341.57 341.57 341.57 341.57 341.57 341.57 341.57 341.57 341.57 341.57 341.57
 342.34 341.57 341.57 341.57 341.57 341.57 341.57 341.57 341.57 341.57 341.57 341.57 341.66 341.75 341.66 341.57 341.57 341.57 341.57 341.57 341.57 341.57 341.57 341.57
 343.11 343.11 342.34 341.57 341.57 341.57 341.57 341.57 341.57 341.57 341.57 341.57 341.70 341.75 341.70 339.48 338.44 339.48 340.43 342.00 342.22 342.00 342.34 343.11
 343.11 343.11 342.72 341.57 341.57 341.57 341.57 341.57 341.57 341.57 341.57 338.44 336.88 336.88 337.40 338.44 338.44 338.44 339.29 342.22 342.22 342.22 342.22 343.11
 343.11 343.11 342.92 341.57 341.57 341.57 341.57 341.57 341.57 336.95 336.88 336.88 336.88 336.88 336.88 337.92 338.44 339.29 339.29 339.29 342.22 342.22 342.22 343.11
 343.11 343.11 343.01 341.57 341.57 341.57 341.57 335.46 332.40 332.40 334.90 335.05 335.35 335.95 335.95 335.95 338.44 339.29 339.29 339.29 342.22 342.22 342.22 343.11
 343.11 339.52 332.35 332.35 332.35 332.35 332.39 332.40 332.40 332.40 334.75 334.75 334.75 335.35 335.65 335.80 338.44 339.29 339.29 339.29 342.22 342.22 338.93 337.73
 332.35 332.35 332.35 332.35 332.35 332.35 332.39 332.40 332.40 332.40 332.72 333.04 334.75 335.05 335.35 334.50 335.39 336.98 339.29 333.03 336.06 332.35 332.35 332.35
 332.35 332.35 332.35 332.35 332.35 332.35 332.38 332.40 332.40 332.40 332.72 333.04 333.04 333.04 332.70 332.35 332.35 332.35 332.94 333.03 332.94 332.35 332.35 332.35
 332.35 332.35 332.35 332.35 332.35 332.35 332.35 332.35 332.38 332.40 332.63 333.04 332.81 332.35 332.35 332.35 332.35 332.35 332.86 333.03 332.86 332.35 332.35 332.35
 332.35 332.35 332.35 332.35 332.35 332.35 332.35 332.35 332.35 332.35 332.35 332.35 332.35 332.35 332.35 332.35 332.35 332.35 332.69 333.03 332.69 332.35 332.35 332.35
 332.35 332.35 332.35 332.35 332.35 332.35 332.35 332.35 332.35 332.35 332.35 332.35 332.35 332.35 332.35 332.35 332.35 332.35 332.35 332.35 332.35 332.35 332.35 332.35
 341.17 341.17 341.17 341.17 341.17 341.17 341.17 341.17 341.17 341.17 341.17 341.17 341.17 341.17 341.17 341.17 341.17 341.17 341.17 341.17 341.17 341.17 341.17 341.17
 341.89 341.17 341.17 341.17 341.17 341.17 341.17 341.17 341.17 341.17 341.17 341.17 341.09 341.01 341.09 341.17 341.17 341.17 341.17 341.17 341.17 341.17 341.17 341.17
 342.61 342.61 341.89 341.17 341.17 341.17 341.17 341.17 341.17 341.17 341.17 341.17 341.05 341.01 341.05 339.79 339.10 339.79 340.52 343.42 344.54 343.42 341.89 342.61
 342.61 342.61 342.25 341.17 341.17 341.17 341.17 341.17 341.17 341.17 341.17 339.00 337.92 337.92 338.31 339.10 339.10 339.10 339.87 344.54 344.54 344.54 344.54 342.61
 342.61 342.61 342.43 341.17 341.17 341.17 341.17 341.17 341.17 337.30 337.92 337.92 337.92 337.92 337.92 338.70 339.10 339.87 339.87 339.87 344.54 344.54 344.54 342.61
 342.61 342.61 342.52 341.17 341.17 341.17 341.17 335.59 332.80 332.80 335.14 335.36 335.78 336.64 336.64 336.64 339.10 339.87 339.87 339.87 344.54 344.54 344.54 342.61
 342.61 339.28 332.63 332.63 332.63 332.63 332.78 332.80 332.80 332.80 334.93 334.93 334.93 335.78 336.21 336.43 339.10 339.87 339.87 339.87 344.54 344.54 340.57 337.62
 332.63 332.63 332.63 332.63 332.63 332.63 332.76 332.80 332.80 332.80 332.87 332.94 334.93 335.36 335.78 334.95 335.86 337.46 339.87 333.10 336.89 332.63 332.63 332.63
 332.63 332.63 332.63 332.63 332.63 332.63 332.72 332.80 332.80 332.80 332.87 332.94 332.94 332.94 332.79 332.63 332.63 332.63 333.04 333.10 333.04 332.63 332.63 332.63
 332.63 332.63 332.63 332.63 332.63 332.63 332.63 332.63 332.74 332.80 332.81 332.94 332.84 332.63 332.63 332.63 332.63 332.63 332.98 333.10 332.98 332.63 332.63 332.63
 332.63 332.63 332.63 332.63 332.63 332.63 332.63 332.63 332.63 332.63 332.63 332.63 332.63 332.63 332.63 332.63 332.63 332.63 332.87 333.10 332.87 332.63 332.63 332.63
 332.63 332.63 332.63 332.63 332.63 332.63 332.63 332.63 332.63 332.63 332.63 332.63 332.63 332.63 332.63 332.63 332.63 332.63 332.63 332.63 332.63 332.63 332.63 332.63
 340.68 340.68 340.68 340.68 340.68 340.68 340.68 340.68 340.68 340.68 340.68 340.68 340.68 340.68 340.68 340.68 340.68 340.68 340.68 340.68 340.68 340.68 340.68 340.68
 340.74 340.68 340.68 340.68 340.68 340.68 340.68 340.68 340.68 340.68 340.68 340.68 340.78 340.88 340.78 340.68 340.68 340.68 340.68 340.68 340.68 340.68 340.68 340.68
 340.80 340.80 340.74 340.68 340.68 340.68 340.68 340.68 340.68 340.68 340.68 340.68 340.83 340.88 340.83 339.52 338.94 339.52 340.24 338.91 338.03 338.91 340.74 340.80
 340.80 340.80 340.77 340.68 340.68 340.68 340.68 340.68 340.68 340.68 340.68 339.13 338.36 338.36 338.55 338.94 338.94 338.94 339.80 338.03 338.03 338.03 338.03 340.80
 340.80 340.80 340.78 340.68 340.68 340.68 340.68 340.68 340.68 337.28 338.36 338.36 338.36 338.36 338.36 338.75 338.94 339.80 339.80 339.80 338.03 338.03 338.03 340.80
 340.80 340.80 340.79 340.68 340.68 340.68 340.68 335.43 332.80 332.80 334.93 335.18 335.68 336.68 336.68 336.68 338.94 339.80 339.80 339.80 338.03 338.03 338.03 340.80
 340.80 338.20 333.00 333.00 333.00 333.00 332.83 332.80 332.80 332.80 334.69 334.69 334.69 335.68 336.18 336.43 338.94 339.80 339.80 339.80 338.03 338.03 336.35 336.90
 333.00 333.00 333.00 333.00 333.00 333.00 332.85 332.80 332.80 332.80 333.04 333.27 334.69 335.18 335.68 335.04 335.97 337.53 339.80 333.30 334.86 333.00 333.00 333.00
 333.00 333.00 333.00 333.00 333.00 333.00 332.90 332.80 332.80 332.80 333.04 333.27 333.27 333.27 333.14 333.00 333.00 333.00 333.26 333.30 333.26 333.00 333.00 333.00
 333.00 333.00 333.00 333.00 333.00 333.00 333.00 333.00 332.87 332.80 333.03 333.27 333.18 333.00 333.00 333.00 333.00 333.00 333.23 333.30 333.23 333.00 333.00 333.00
 333.00 333.00 333.00 333.00 333.00 333.00 333.00 333.00 333.00 333.00 333.00 333.00 333.00 333.00 333.00 333.00 333.00 333.00 333.15 333.30 333.15 333.00 333.00 333.00
 333.00 333.00 333.00 333.00 333.00 333.00 333.00 333.00 333.00 333.00 333.00 333.00 333.00 333.00 333.00 333.00 333.00 333.00 333.00 333.00 333.00 333.00 333.00 333.00
 340.21 340.21 340.21 340.21 340.21 340.21 340.21 340.21 340.21 340.21 340.21 340.21 340.21 340.21 340.21 340.21 340.21 340.21 340.21 340.21 340.21 340.21 340.21 340.21
 337.58 340.21 340.21 340.21 340.21 340.21 340.21 340.21 340.21 340.21 340.21 340.21 339.78 339.36 339.78 340.21 340.21 340.21 340.21 340.21 340.21 340.21 340.21 340.21
 334.95 334.95 337.58 340.21 340.21 340.21 340.21 340.21 340.21 340.21 340.21 340.21 339.57 339.36 339.57 338.01 336.91 338.01 339.12 336.07 334.00 336.07 337.58 334.95
 334.95 334.95 336.26 340.21 340.21 340.21 340.21 340.21 340.21 340.21 340.21 338.81 338.11 338.11 337.71 336.91 336.91 336.91 338.02 334.00 334.00 334.00 334.00 334.95
 334.95 334.95 335.60 340.21 340.21 340.21 340.21 340.21 340.21 339.16 338.11 338.11 338.11 338.11 338.11 337.31 336.91 338.02 338.02 338.02 334.00 334.00 334.00 334.95
 334.95 334.95 335.28 340.21 340.21 340.21 340.21 340.21 336.78 335.10 335.17 335.29 335.54 336.05 336.05 336.05 336.91 338.02 338.02 338.02 334.00 334.00 334.00 334.95
 334.95 334.44 333.42 333.42 333.42 333.42 333.42 334.23 335.04 335.04 335.04 335.04 335.04 335.54 335.80 335.92 336.91 338.02 338.02 338.02 334.00 334.00 333.81 334.19
 333.42 333.42 333.42 333.42 333.42 333.42 333.42 333.42 333.56 333.61 333.61 333.61 335.04 335.29 335.54 334.96 335.17 336.49 338.02 334.12 334.05 333.42 333.42 333.42
 333.42 333.42 333.42 333.42 333.42 333.42 333.42 333.42 333.51 333.61 333.61 333.61 333.61 333.61 333.51 333.42 333.42 333.42 334.03 334.12 334.03 333.42 333.42 333.42
 333.42 333.42 333.42 333.42 333.42 333.42 333.42 333.42 333.42 333.42 333.54 333.61 333.54 333.42 333.42 333.42 333.42 333.42 333.95 334.12 333.95 333.42 333.42 333.42
 333.42 333.42 333.42 333.42 333.42 333.42 333.42 333.42 333.42 333.42 333.42 333.42 333.42 333.42 333.42 333.42 333.42 333.42 333.77 334.12 333.77 333.42 333.42 333.42
 333.42 333.42 333.42 333.42 333.42 333.42 333.42 333.42 333.42 333.42 333.42 333.42 333.42 333.42 333.42 333.42 333.42 333.42 333.42 333.42 333.42 333.42 333.42 333.42
 332.82 332.82 332.82 332.82 332.82 332.82 332.82 332.82 332.82 332.82 332.82 332.82 332.82 332.82 332.82 332.82 332.82 332.82 332.82 332.82 332.82 332.82 332.82 332.82
 332.02 332.82 332.82 332.82 332.82 332.82 332.82 332.82 332.82 332.82 332.82 332.82 332.87 332.92 332.87 332.82 332.82 332.82 332.82 332.82 332.82 332.82 332.82 332.82
 331.22 331.22 332.02 332.82 332.82 332.82 332.82 332.82 332.82 332.82 332.82 332.82 332.90 332.92 332.90 333.57 333.95 333.57 334.06 330.25 328.96 330.25 332.02 331.22
 331.22 331.22 331.62 332.82 332.82 332.82 332.82 332.82 332.82 332.82 332.82 335.09 336.23 336.23 335.47 333.95 333.95 333.95 335.29 328.96 328.96 328.96 328.96 331.22
 331.22 331.22 331.42 332.82 332.82 332.82 332.82 332.82 332.82 333.98 336.23 336.23 336.23 336.23 336.23 334.71 333.95 335.29 335.29 335.29 328.96 328.96 328.96 331.22
 331.22 331.22 331.32 332.82 332.82 332.82 332.82 332.87 332.90 332.90 334.90 335.06 335.38 336.02 336.02 336.02 333.95 335.29 335.29 335.29 328.96 328.96 328.96 331.22
 331.22 332.09 333.83 333.83 333.83 333.83 333.02 332.90 332.90 332.90 334.75 334.75 334.75 335.38 335.70 335.86 333.95 335.29 335.29 335.29 328.96 328.96 330.58 332.53
 333.83 333.83 333.83 333.83 333.83 333.83 333.13 332.90 332.90 332.90 333.64 334.39 334.75 335.06 335.38 335.03 333.89 334.80 335.29 334.76 332.79 333.83 333.83 333.83
 333.83 333.83 333.83 333.83 333.83 333.83 333.37 332.90 332.90 332.90 333.64 334.39 334.39 334.39 334.11 333.83 333.83 333.83 334.64 334.76 334.64 333.83 333.83 333.83
 333.83 333.83 333.83 333.83 333.83 333.83 333.83 333.83 333.21 332.90 333.69 334.39 334.20 333.83 333.83 333.83 333.83 333.83 334.53 334.76 334.53 333.83 333.83 333.83
 333.83 333.83 333.83 333.83 333.83 333.83 333.83 333.83 333.83 333.83 333.83 333.83 333.83 333.83 333.83 333.83 333.83 333.83 334.30 334.76 334.30 333.83 333.83 333.83
 333.83 333.83 333.83 333.83 333.83 333.83 333.83 333.83 333.83 333.83 333.83 333.83 333.83 333.83 333.83 333.83 333.83 333.83 333.83 333.83 333.83 333.83 333.83 333.83
 327.19 327.19 327.19 327.19 327.19 327.19 327.19 327.19 327.19 327.19 327.19 327.19 327.19 327.19 327.19 327.19 327.19 327.19 327.19 327.19 327.19 327.19 327.19 327.19
 328.37 327.19 327.19 327.19 327.19 327.19 327.19 327.19 327.19 327.19 327.19 327.19 327.41 327.63 327.41 327.19 327.19 327.19 327.19 327.19 327.19 327.19 327.19 327.19
 329.55 329.55 328.37 327.19 327.19 327.19 327.19 327.19 327.19 327.19 327.19 327.19 327.52 327.63 327.52 329.90 331.25 329.90 329.96 328.39 328.99 328.39 328.37 329.55
 329.55 329.55 328.96 327.19 327.19 327.19 327.19 327.19 327.19 327.19 327.19 331.68 333.93 333.93 333.04 331.25 331.25 331.25 332.72 328.99 328.99 328.99 328.99 329.55
 329.55 329.55 329.26 327.19 327.19 327.19 327.19 327.19 327.19 331.77 333.93 333.93 333.93 333.93 333.93 332.14 331.25 332.72 332.72 332.72 328.99 328.99 328.99 329.55
 329.55 329.55 329.40 327.19 327.19 327.19 327.19 331.86 334.20 334.20 335.02 335.13 335.35 335.80 335.80 335.80 331.25 332.72 332.72 332.72 328.99 328.99 328.99 329.55
 329.55 331.15 334.36 334.36 334.36 334.36 334.22 334.20 334.20 334.20 334.90 334.90 334.90 335.35 335.58 335.69 331.25 332.72 332.72 332.72 328.99 328.99 330.78 331.95
 334.36 334.36 334.36 334.36 334.36 334.36 334.24 334.20 334.20 334.20 334.20 334.21 334.90 335.13 335.35 335.13 332.80 333.27 332.72 335.06 333.01 334.36 334.36 334.36
 334.36 334.36 334.36 334.36 334.36 334.36 334.28 334.20 334.20 334.20 334.20 334.21 334.21 334.21 334.28 334.36 334.36 334.36 334.97 335.06 334.97 334.36 334.36 334.36
 334.36 334.36 334.36 334.36 334.36 334.36 334.36 334.36 334.25 334.20 334.24 334.21 334.26 334.36 334.36 334.36 334.36 334.36 334.88 335.06 334.88 334.36 334.36 334.36
 334.36 334.36 334.36 334.36 334.36 334.36 334.36 334.36 334.36 334.36 334.36 334.36 334.36 334.36 334.36 334.36 334.36 334.36 334.71 335.06 334.71 334.36 334.36 334.36
 334.36 334.36 334.36 334.36 334.36 334.36 334.36 334.36 334.36 334.36 334.36 334.36 334.36 334.36 334.36 334.36 334.36 334.36 334.36 334.36 334.36 334.36 334.36 334.36
 327.57 327.57 327.57 327.57 327.57 327.57 327.57 327.57 327.57 327.57 327.57 327.57 327.57 327.57 327.57 327.57 327.57 327.57 327.57 327.57 327.57 327.57 327.57 327.57
 329.88 327.57 327.57 327.57 327.57 327.57 327.57 327.57 327.57 327.57 327.57 327.57 327.86 328.15 327.86 327.57 327.57 327.57 327.57 327.57 327.57 327.57 327.57 327.57
 332.19 332.19 329.88 327.57 327.57 327.57 327.57 327.57 327.57 327.57 327.57 327.57 328.01 328.15 328.01 329.50 330.46 329.50 329.85 326.30 325.67 326.30 329.88 332.19
 332.19 332.19 331.03 327.57 327.57 327.57 327.57 327.57 327.57 327.57 327.57 330.63 332.16 332.16 331.59 330.46 330.46 330.46 332.12 325.67 325.67 325.67 325.67 332.19
 332.19 332.19 331.61 327.57 327.57 327.57 327.57 327.57 327.57 331.64 332.16 332.16 332.16 332.16 332.16 331.03 330.46 332.12 332.12 332.12 325.67 325.67 325.67 332.19
 332.19 332.19 331.90 327.57 327.57 327.57 327.57 332.66 335.20 335.20 334.96 334.98 335.02 335.11 335.11 335.11 330.46 332.12 332.12 332.12 325.67 325.67 325.67 332.19
 332.19 333.05 334.76 334.76 334.76 334.76 335.15 335.20 335.20 335.20 334.94 334.94 334.94 335.02 335.07 335.09 330.46 332.12 332.12 332.12 325.67 325.67 328.70 333.48
 334.76 334.76 334.76 334.76 334.76 334.76 335.09 335.20 335.20 335.20 334.69 334.17 334.94 334.98 335.02 334.96 332.61 333.00 332.12 335.11 331.95 334.76 334.76 334.76
 334.76 334.76 334.76 334.76 334.76 334.76 334.98 335.20 335.20 335.20 334.69 334.17 334.17 334.17 334.47 334.76 334.76 334.76 335.07 335.11 335.07 334.76 334.76 334.76
 334.76 334.76 334.76 334.76 334.76 334.76 334.76 334.76 335.05 335.20 334.70 334.17 334.37 334.76 334.76 334.76 334.76 334.76 335.02 335.11 335.02 334.76 334.76 334.76
 334.76 334.76 334.76 334.76 334.76 334.76 334.76 334.76 334.76 334.76 334.76 334.76 334.76 334.76 334.76 334.76 334.76 334.76 334.94 335.11 334.94 334.76 334.76 334.76
 334.76 334.76 334.76 334.76 334.76 334.76 334.76 334.76 334.76 334.76 334.76 334.76 334.76 334.76 334.76 334.76 334.76 334.76 334.76 334.76 334.76 334.76 334.76 334.76
 333.55 333.55 333.55 333.55 333.55 333.55 333.55 333.55 333.55 333.55 333.55 333.55 333.55 333.55 333.55 333.55 333.55 333.55 333.55 333.55 333.55 333.55 333.55 333.55
 337.32 333.55 333.55 333.55 333.55 333.55 333.55 333.55 333.55 333.55 333.55 333.55 333.00 332.44 333.00 333.55 333.55 333.55 333.55 333.55 333.55 333.55 333.55 333.55
 341.08 341.08 337.32 333.55 333.55 333.55 333.55 333.55 333.55 333.55 333.55 333.68 333.81 333.81 333.81 333.54 333.40 333.45 333.66 335.07 335.83 335.07 337.32 341.08
 341.08 341.08 339.20 333.55 333.55 333.55 333.55 333.55 333.55 333.55 333.55 333.05 333.10 333.10 333.17 333.40 333.40 333.40 333.78 335.83 335.83 335.83 335.83 341.08
 341.08 341.08 340.14 333.55 333.55 333.55 333.55 333.55 333.55 333.85 332.38 332.38 332.38 332.38 332.38 333.06 333.40 333.78 333.78 333.78 335.83 335.83 335.83 341.08
 341.08 341.08 340.61 333.55 333.55 333.55 333.55 334.92 335.60 335.60 334.58 334.66 334.82 335.14 335.14 335.14 333.40 333.78 333.78 333.78 335.83 335.83 335.83 341.08
 341.08 339.04 334.95 334.95 334.95 334.95 335.52 335.60 335.60 335.60 334.50 334.50 334.50 334.82 334.98 335.06 333.40 333.78 333.78 333.78 335.83 335.83 335.54 338.01
 334.95 334.95 334.95 334.95 334.95 334.95 335.44 335.60 335.60 335.60 335.31 335.01 334.50 334.66 334.82 334.94 334.17 334.17 333.78 334.93 335.23 334.95 334.95 334.95
 334.95 334.95 334.95 334.95 334.95 334.95 335.27 335.60 335.60 335.60 335.31 335.01 335.01 335.01 334.98 334.95 334.95 334.95 334.93 334.93 334.93 334.95 334.95 334.95
 334.95 334.95 334.95 334.95 334.95 334.95 334.95 334.95 335.38 335.60 335.22 335.01 334.99 334.95 334.95 334.95 334.95 334.95 334.93 334.93 334.93 334.95 334.95 334.95
 334.95 334.95 334.95 334.95 334.95 334.95 334.95 334.95 334.95 334.95 334.95 334.95 334.95 334.95 334.95 334.95 334.95 334.95 334.94 334.93 334.94 334.95 334.95 334.95
 334.95 334.95 334.95 334.95 334.95 334.95 334.95 334.95 334.95 334.95 334.95 334.95 334.95 334.95 334.95 334.95 334.95 334.95 334.95 334.95 334.95 334.95 334.95 334.95
 340.57 340.57 340.57 340.57 340.57 340.57 340.57 340.57 340.57 340.57 340.57 340.57 340.57 340.57 340.57 340.57 340.57 340.57 340.57 340.57 340.57 340.57 340.57 340.57
 344.78 344.78 344.78 344.78 344.78 344.78 342.67 338.45 338.45 338.45 338.45 338.45 338.45 338.45 338.45 338.45 335.81 335.81 335.86 339.94 339.94 339.94 344.78 344.78
 344.78 344.78 344.78 344.78 344.78 344.78 344.78 336.55 336.55 336.55 336.55 336.55 336.55 336.55 336.55 336.05 335.81 335.81 335.86 339.94 339.94 339.94 344.78 344.78
 344.78 344.78 344.78 344.78 344.78 344.78 344.78 335.72 335.60 335.40 335.17 335.17 335.17 335.17 335.33 335.81 335.81 335.81 335.86 339.94 339.94 339.94 339.94 344.78
 344.78 344.78 344.78 344.78 344.78 341.46 335.10 335.02 334.85 334.49 333.78 333.78 333.78 333.78 333.78 335.13 335.81 335.86 335.86 335.86 339.94 339.94 339.94 344.78
 344.78 344.78 344.78 341.46 334.80 334.80 335.18 335.20 335.20 335.20 334.44 334.48 334.57 334.75 334.75 334.75 335.81 335.86 335.86 335.86 339.94 339.94 339.94 344.78
 344.78 341.46 334.80 334.80 334.80 334.80 335.15 335.20 335.20 335.20 334.39 334.39 334.39 334.57 334.66 334.70 335.81 335.86 335.86 335.86 339.94 339.94 338.23 339.79
 334.80 334.80 334.80 334.80 334.80 334.80 335.10 335.20 335.20 335.20 334.79 334.39 334.39 334.48 334.57 334.69 335.30 335.51 335.86 334.79 336.51 334.80 334.80 334.80
 334.80 334.80 334.80 334.80 334.80 334.80 335.00 335.20 335.20 335.20 334.79 334.39 334.39 334.39 334.60 334.80 334.80 334.80 334.79 334.79 334.79 334.80 334.80 334.80
 334.80 334.80 334.80 334.80 334.80 334.80 334.80 334.80 335.07 335.20 334.80 334.39 334.53 334.80 334.80 334.80 334.80 334.80 334.79 334.79 334.79 334.80 334.80 334.80
 334.80 334.80 334.80 334.80 334.80 334.80 334.80 334.80 334.80 334.80 334.80 334.80 334.80 334.80 334.80 334.80 334.80 334.80 334.80 334.79 334.80 334.80 334.80 334.80
 334.80 334.80 334.80 334.80 334.80 334.80 334.80 334.80 334.80 334.80 334.80 334.80 334.80 334.80 334.80 334.80 334.80 334.80 334.80 334.80 334.80 334.80 334.80 334.80
 341.93 341.93 341.93 341.93 341.93 341.93 341.93 341.93 341.93 341.93 341.93 341.93 341.93 341.93 341.93 341.93 341.93 341.93 341.93 341.93 341.93 341.93 341.93 341.93
 347.43 347.43 347.43 347.43 347.43 347.43 344.70 339.23 339.23 339.23 339.23 339.23 339.23 339.23 339.23 339.23 336.60 336.60 337.52 339.78 339.78 339.78 347.43 347.43
 347.43 347.43 347.43 347.43 347.43 347.43 347.43 338.25 338.25 338.25 338.25 338.25 338.25 338.25 338.25 337.15 336.60 336.60 337.52 339.78 339.78 339.78 347.43 347.43
 347.43 347.43 347.43 347.43 347.43 347.43 347.43 336.43 336.47 336.54 336.62 336.62 336.62 336.62 336.61 336.60 336.60 336.60 337.52 339.78 339.78 339.78 339.78 347.43
 347.43 347.43 347.43 347.43 347.43 343.13 334.53 334.56 334.62 334.74 334.98 334.98 334.98 334.98 334.98 336.06 336.60 337.52 337.52 337.52 339.78 339.78 339.78 347.43
 347.43 347.43 347.43 343.13 334.55 334.55 334.50 334.50 334.50 334.50 334.31 334.48 334.82 335.50 335.50 335.50 336.60 337.52 337.52 337.52 339.78 339.78 339.78 347.43
 347.43 343.13 334.55 334.55 334.55 334.55 334.51 334.50 334.50 334.50 334.14 334.14 334.14 334.82 335.16 335.33 336.60 337.52 337.52 337.52 339.78 339.78 338.04 340.99
 334.55 334.55 334.55 334.55 334.55 334.55 334.51 334.50 334.50 334.50 334.09 333.67 334.14 334.48 334.82 334.90 335.57 336.53 337.52 334.73 336.41 334.55 334.55 334.55
 334.55 334.55 334.55 334.55 334.55 334.55 334.52 334.50 334.50 334.50 334.09 333.67 333.67 333.67 334.11 334.55 334.55 334.55 334.71 334.73 334.71 334.55 334.55 334.55
 334.55 334.55 334.55 334.55 334.55 334.55 334.55 334.55 334.52 334.50 334.20 333.67 333.96 334.55 334.55 334.55 334.55 334.55 334.68 334.73 334.68 334.55 334.55 334.55
 334.55 334.55 334.55 334.55 334.55 334.55 334.55 334.55 334.55 334.55 334.55 334.55 334.55 334.55 334.55 334.55 334.55 334.55 334.64 334.73 334.64 334.55 334.55 334.55
 334.55 334.55 334.55 334.55 334.55 334.55 334.55 334.55 334.55 334.55 334.55 334.55 334.55 334.55 334.55 334.55 334.55 334.55 334.55 334.55 334.55 334.55 334.55 334.55
