2002 MONTHLY CO2 (PPMV)   24  12  LON/LAT (N-S/0-360E) IN 15 DEGREE RESOLUTION,  GLB ANNUAL MEAN = 372.83,  GROWTH RATE = 2.19,  MISS DATA = -99.99
 377.01 377.01 377.01 377.01 377.01 377.01 377.01 377.01 377.01 377.01 377.01 377.01 377.01 377.01 377.01 377.01 377.01 377.01 377.01 377.01 377.01 377.01 377.01 377.01
 376.26 377.54 380.10 378.56 377.01 377.01 377.01 377.01 377.01 377.01 377.01 377.02 377.56 378.11 377.56 377.01 377.01 377.01 378.15 377.01 376.11 375.21 376.85 377.83
 384.23 389.67 382.24 379.25 378.21 378.81 374.07 377.09 380.79 380.07 377.03 377.03 377.04 377.06 377.06 379.89 375.79 379.30 379.30 377.46 376.10 375.21 376.26 377.53
 378.67 378.93 376.96 376.96 378.81 378.81 374.07 377.09 380.79 380.07 377.23 377.03 373.19 374.82 379.89 379.89 375.79 375.79 376.70 375.62 375.62 374.41 374.41 376.77
 373.81 376.37 376.96 375.30 378.81 378.81 374.07 376.73 376.36 375.85 374.40 373.79 373.19 372.58 372.58 379.89 375.79 375.18 375.18 375.40 372.99 373.33 373.33 373.69
 373.81 375.09 373.63 371.97 371.97 378.81 374.07 375.60 374.47 372.57 373.49 372.64 372.20 372.33 372.33 376.11 372.82 375.18 375.18 372.99 372.99 372.99 373.33 370.22
 370.22 370.48 371.97 371.97 371.97 371.97 373.02 374.56 373.52 372.57 372.38 371.07 371.07 371.70 372.01 369.85 369.85 369.85 375.18 372.99 372.99 372.07 370.22 370.22
 369.74 369.25 370.61 371.97 371.97 371.97 370.94 369.39 369.39 369.39 369.39 371.07 371.07 371.39 369.85 369.85 369.85 369.85 369.85 371.29 372.99 371.76 370.22 370.22
 369.25 369.25 369.25 370.61 370.64 369.33 369.36 369.39 369.39 369.39 369.39 369.39 371.07 370.60 369.68 369.85 369.85 369.85 369.59 369.32 369.04 369.08 369.76 369.74
 369.28 369.25 369.55 369.50 369.33 369.33 369.33 369.33 369.37 369.39 369.37 369.33 369.33 369.33 369.33 369.33 369.59 369.33 369.32 369.32 369.04 369.11 369.33 369.33
 369.33 369.44 369.55 369.44 369.33 369.33 369.33 369.33 369.33 369.33 369.33 369.33 369.33 369.33 369.33 369.33 369.33 369.33 369.33 369.32 369.04 369.19 369.33 369.33
 369.33 369.33 369.33 369.33 369.33 369.33 369.33 369.33 369.33 369.33 369.33 369.33 369.33 369.33 369.33 369.33 369.33 369.33 369.33 369.33 369.33 369.33 369.33 369.33
 377.91 377.91 377.91 377.91 377.91 377.91 377.91 377.91 377.91 377.91 377.91 377.91 377.91 377.91 377.91 377.91 377.91 377.91 377.91 377.91 377.91 377.91 377.91 377.91
 377.44 380.35 386.00 381.96 377.91 377.91 377.91 377.91 377.91 377.91 377.91 377.88 377.90 377.89 377.90 377.91 377.91 377.91 379.03 377.91 377.32 376.73 377.31 377.47
 380.10 384.56 382.08 379.91 378.48 378.77 374.82 377.59 380.89 381.65 377.85 377.85 377.88 377.90 377.90 377.80 376.31 380.15 380.15 377.57 376.65 376.73 376.29 375.82
 377.59 375.45 375.68 375.68 378.77 378.77 374.82 377.59 380.89 381.65 378.42 377.85 373.77 375.78 377.80 377.80 376.31 376.31 376.74 374.99 374.99 375.75 375.75 376.20
 374.65 375.05 375.68 374.94 378.77 378.77 374.82 377.37 377.15 376.85 375.18 374.48 373.77 373.67 373.67 377.80 376.31 375.09 375.09 375.04 373.94 374.84 374.84 374.70
 374.65 374.85 374.21 373.47 373.47 378.77 374.82 376.32 375.28 373.40 374.29 373.24 372.68 372.73 372.73 375.26 372.64 375.09 375.09 373.94 373.94 373.94 374.84 370.34
 370.34 370.99 373.47 373.47 373.47 373.47 374.14 375.33 374.34 373.40 373.07 371.53 371.53 372.13 372.43 368.98 368.98 368.98 375.09 373.94 373.94 372.74 370.34 370.34
 369.75 369.15 371.31 373.47 373.47 373.47 371.61 369.46 369.46 369.46 369.46 371.53 371.53 371.83 368.98 368.98 368.98 368.98 368.98 371.51 373.94 372.34 370.34 370.34
 369.15 369.15 369.15 371.31 371.36 369.29 369.37 369.46 369.46 369.46 369.46 369.46 371.53 370.88 369.08 368.98 368.98 368.98 369.10 369.20 368.97 369.01 369.79 369.75
 369.20 369.15 369.50 369.45 369.29 369.29 369.29 369.29 369.40 369.46 369.40 369.29 369.29 369.29 369.29 369.29 369.13 369.29 369.22 369.20 368.97 369.05 369.29 369.29
 369.29 369.39 369.50 369.39 369.29 369.29 369.29 369.29 369.29 369.29 369.29 369.29 369.29 369.29 369.29 369.29 369.29 369.29 369.24 369.20 368.97 369.13 369.29 369.29
 369.29 369.29 369.29 369.29 369.29 369.29 369.29 369.29 369.29 369.29 369.29 369.29 369.29 369.29 369.29 369.29 369.29 369.29 369.29 369.29 369.29 369.29 369.29 369.29
 378.35 378.35 378.35 378.35 378.35 378.35 378.35 378.35 378.35 378.35 378.35 378.35 378.35 378.35 378.35 378.35 378.35 378.35 378.35 378.35 378.35 378.35 378.35 378.35
 377.82 379.18 379.50 378.93 378.36 378.36 378.36 378.36 378.36 378.36 378.36 378.99 378.58 378.81 378.58 378.36 378.36 378.36 380.14 378.36 378.04 377.73 377.90 378.45
 382.20 382.77 379.72 378.51 377.90 377.67 375.24 377.91 380.41 381.25 379.63 379.63 379.03 378.44 378.44 378.90 376.81 381.92 381.92 378.35 377.22 377.73 377.32 377.57
 378.06 372.42 376.89 376.89 377.67 377.67 375.24 377.91 380.41 381.25 378.34 379.63 374.46 376.44 378.90 378.90 376.81 376.81 377.60 374.77 374.77 376.50 376.50 377.15
 375.15 373.78 376.89 375.54 377.67 377.67 375.24 377.30 376.68 376.95 375.43 374.94 374.46 374.44 374.44 378.90 376.81 376.10 376.10 375.44 375.05 375.80 375.80 375.31
 375.15 374.47 374.20 372.85 372.85 377.67 375.24 376.43 375.56 374.43 374.93 373.87 373.47 373.81 373.81 376.36 372.90 376.10 376.10 375.05 375.05 375.05 375.80 369.77
 369.77 370.68 372.85 372.85 372.85 372.85 374.05 375.71 374.99 374.43 373.83 372.14 372.14 372.98 373.39 369.00 369.00 369.00 376.10 375.05 375.05 373.29 369.77 369.77
 369.60 369.43 371.14 372.85 372.85 372.85 371.47 369.51 369.51 369.51 369.51 372.14 372.14 372.56 369.00 369.00 369.00 369.00 369.00 372.12 375.05 372.70 369.77 369.77
 369.43 369.43 369.43 371.14 371.15 369.45 369.48 369.51 369.51 369.51 369.51 369.51 372.14 371.38 369.15 369.00 369.00 369.00 369.19 369.38 369.35 369.36 369.61 369.60
 369.44 369.43 369.45 369.45 369.45 369.45 369.45 369.45 369.49 369.51 369.49 369.45 369.45 369.45 369.45 369.45 369.23 369.45 369.40 369.38 369.35 369.38 369.45 369.45
 369.45 369.45 369.45 369.45 369.45 369.45 369.45 369.45 369.45 369.45 369.45 369.45 369.45 369.45 369.45 369.45 369.45 369.45 369.42 369.38 369.35 369.40 369.45 369.45
 369.45 369.45 369.45 369.45 369.45 369.45 369.45 369.45 369.45 369.45 369.45 369.45 369.45 369.45 369.45 369.45 369.45 369.45 369.45 369.45 369.45 369.45 369.45 369.45
 378.59 378.59 378.59 378.59 378.59 378.59 378.59 378.59 378.59 378.59 378.59 378.59 378.59 378.59 378.59 378.59 378.59 378.59 378.59 378.59 378.59 378.59 378.59 378.59
 377.34 379.03 379.10 378.84 378.59 378.59 378.59 378.59 378.59 378.59 378.59 379.53 378.84 379.09 378.84 378.59 378.59 378.59 381.63 378.59 378.29 378.00 378.24 378.70
 383.57 384.92 380.71 379.22 378.40 378.30 376.68 378.89 382.28 381.97 380.48 380.48 379.58 378.68 378.68 379.31 376.22 384.68 384.68 380.20 378.05 378.00 377.55 377.95
 379.20 371.75 378.11 378.11 378.30 378.30 376.68 378.89 382.28 381.97 379.30 380.48 375.96 377.08 379.31 379.31 376.22 376.22 379.04 375.72 375.72 376.46 376.46 377.82
 376.17 373.96 378.11 375.86 378.30 378.30 376.68 378.30 377.71 377.92 376.63 376.29 375.96 375.49 375.49 379.31 376.22 376.72 376.72 376.22 375.78 375.94 375.94 376.11
 376.17 375.07 373.60 371.35 371.35 378.30 376.68 377.42 376.53 375.36 376.00 374.48 374.02 374.47 374.47 376.89 372.40 376.72 376.72 375.78 375.78 375.78 375.94 370.20
 370.20 370.44 371.35 371.35 371.35 371.35 374.01 376.68 375.95 375.36 374.32 371.62 371.62 373.05 373.76 368.58 368.58 368.58 376.72 375.78 375.78 373.92 370.20 370.20
 369.99 369.77 370.56 371.35 371.35 371.35 371.19 369.71 369.71 369.71 369.71 371.62 371.62 372.33 368.58 368.58 368.58 368.58 368.58 372.48 375.78 373.30 370.20 370.20
 369.77 369.77 369.77 370.56 370.52 369.63 369.67 369.71 369.71 369.71 369.71 369.71 371.62 371.20 368.93 368.58 368.58 368.58 369.18 369.79 369.80 369.78 369.94 369.99
 369.72 369.77 369.76 369.73 369.63 369.63 369.63 369.63 369.68 369.71 369.68 369.63 369.63 369.63 369.63 369.63 369.11 369.63 369.75 369.79 369.80 369.76 369.63 369.63
 369.63 369.70 369.76 369.70 369.63 369.63 369.63 369.63 369.63 369.63 369.63 369.63 369.63 369.63 369.63 369.63 369.63 369.63 369.71 369.79 369.80 369.72 369.63 369.63
 369.64 369.64 369.64 369.64 369.64 369.64 369.64 369.64 369.64 369.64 369.64 369.64 369.64 369.64 369.64 369.64 369.64 369.64 369.64 369.64 369.64 369.64 369.64 369.64
 378.35 378.35 378.35 378.35 378.35 378.35 378.35 378.35 378.35 378.35 378.35 378.35 378.35 378.35 378.35 378.35 378.35 378.35 378.35 378.35 378.35 378.35 378.35 378.35
 376.10 376.51 377.00 377.67 378.35 378.35 378.35 378.35 378.35 378.35 378.35 378.43 378.65 378.96 378.65 378.35 378.35 378.35 379.19 378.35 378.06 377.78 377.62 377.29
 377.96 373.34 375.54 376.50 376.92 376.21 376.75 377.52 382.99 380.82 378.52 378.52 377.94 377.36 377.36 378.96 375.70 380.03 380.03 378.00 377.46 377.78 376.99 376.92
 377.27 376.69 376.29 376.29 376.21 376.21 376.75 377.52 382.99 380.82 378.51 378.52 376.43 376.63 378.96 378.96 375.70 375.70 377.62 375.98 375.98 376.43 376.43 376.87
 376.39 376.54 376.29 374.48 376.21 376.21 376.75 377.23 376.94 377.42 376.20 376.31 376.43 375.90 375.90 378.96 375.70 376.84 376.84 376.41 376.12 375.31 375.31 376.12
 376.39 376.46 372.67 370.86 370.86 376.21 376.75 376.78 376.33 375.72 375.96 374.31 373.95 374.39 374.39 376.67 372.14 376.84 376.84 376.12 376.12 376.12 375.31 371.33
 371.33 370.69 370.86 370.86 370.86 370.86 373.81 376.40 376.03 375.72 374.23 371.02 371.02 372.70 373.55 368.58 368.58 368.58 376.84 376.12 376.12 374.52 371.33 371.33
 370.60 369.87 370.37 370.86 370.86 370.86 371.15 369.99 369.99 369.99 369.95 369.91 371.02 371.86 368.58 368.58 368.58 368.58 368.58 372.74 376.12 373.99 371.33 371.33
 369.87 369.87 369.87 370.37 370.38 369.91 369.95 369.99 369.99 369.99 369.95 369.91 369.91 369.91 369.25 368.58 368.58 368.58 369.35 370.15 369.45 369.51 370.61 370.60
 369.88 369.87 370.14 370.08 369.91 369.91 369.91 369.91 369.96 369.99 369.94 369.91 369.91 369.91 369.91 369.91 369.25 369.91 370.09 370.15 369.45 369.56 369.91 369.91
 369.91 370.02 370.14 370.02 369.91 369.91 369.91 369.91 369.91 369.91 369.91 369.91 369.91 369.91 369.91 369.91 369.91 369.91 370.03 370.15 369.45 369.68 369.91 369.91
 369.91 369.91 369.91 369.91 369.91 369.91 369.91 369.91 369.91 369.91 369.91 369.91 369.91 369.91 369.91 369.91 369.91 369.91 369.91 369.91 369.91 369.91 369.91 369.91
 375.36 375.36 375.36 375.36 375.36 375.36 375.36 375.36 375.36 375.36 375.36 375.36 375.36 375.36 375.36 375.36 375.36 375.36 375.36 375.36 375.36 375.36 375.36 375.36
 373.68 370.00 374.30 374.83 375.36 375.36 375.36 375.36 375.36 375.36 375.36 374.24 375.90 376.43 375.90 375.36 375.36 375.36 372.53 375.36 375.35 375.33 373.89 374.44
 375.44 367.29 371.64 373.26 372.67 371.32 371.99 371.66 375.02 375.58 373.11 373.11 373.01 372.91 372.91 377.11 373.60 369.69 369.69 372.16 374.37 375.33 373.98 374.07
 374.39 377.75 373.32 373.32 371.32 371.32 371.99 371.66 375.02 375.58 375.39 373.11 375.39 374.00 377.11 377.11 373.60 373.60 373.29 374.64 374.64 373.99 373.99 374.32
 374.99 376.37 373.32 372.77 371.32 371.32 371.99 373.33 375.00 375.20 375.20 375.29 375.39 375.08 375.08 377.11 373.60 375.55 375.55 375.10 375.00 373.95 373.95 374.73
 374.99 375.68 372.23 371.68 371.68 371.32 371.99 374.17 375.02 375.04 375.12 373.80 373.50 373.84 373.84 375.47 371.79 375.55 375.55 375.00 375.00 375.00 373.95 371.99
 371.99 371.34 371.68 371.68 371.68 371.68 371.84 374.60 375.03 375.04 373.82 371.29 371.29 373.70 373.70 371.21 369.97 369.97 375.55 375.00 375.00 374.00 371.99 371.99
 371.17 370.35 371.01 371.68 371.68 371.68 371.06 370.39 370.39 370.39 371.48 372.21 371.15 372.42 372.03 369.97 369.97 369.97 369.97 370.76 375.00 373.66 371.99 371.99
 370.35 370.35 370.35 370.52 370.52 370.47 370.35 370.39 370.39 370.39 371.83 373.28 372.21 372.32 371.16 369.97 369.97 369.97 370.76 370.76 370.46 370.26 371.16 371.17
 370.34 370.35 370.47 370.52 370.52 370.42 370.32 370.32 370.37 370.39 371.46 373.28 371.94 370.32 370.32 370.32 370.14 370.54 370.76 370.76 370.17 370.06 370.32 370.32
 370.32 370.37 370.42 370.42 370.32 370.32 370.32 370.32 370.32 370.32 370.32 370.32 370.32 370.32 370.32 370.32 370.32 370.32 370.45 370.59 369.58 369.95 370.32 370.32
 370.32 370.32 370.32 370.32 370.32 370.32 370.32 370.32 370.32 370.32 370.32 370.32 370.32 370.32 370.32 370.32 370.32 370.32 370.32 370.32 370.32 370.32 370.32 370.32
 369.50 369.50 369.50 369.50 369.50 369.50 369.50 369.50 369.50 369.50 369.50 369.50 369.50 369.50 369.50 369.50 369.50 369.50 369.50 369.50 369.50 369.50 369.50 369.50
 368.27 366.42 367.90 368.70 369.50 369.50 369.50 369.50 369.50 369.50 369.50 367.97 369.81 370.12 369.81 369.50 369.50 369.50 366.75 369.50 369.50 368.85 368.19 369.10
 372.38 361.96 366.84 368.73 368.72 368.33 366.16 364.76 373.85 377.78 366.43 366.43 366.55 366.66 366.66 371.13 372.14 364.00 364.00 368.24 370.08 369.55 369.09 368.34
 373.48 376.35 370.66 370.66 368.33 368.33 366.16 364.76 373.85 377.78 375.19 366.43 372.63 370.06 371.13 371.13 372.14 372.14 369.69 372.49 372.49 370.73 370.73 371.23
 373.03 374.69 370.66 371.20 368.33 368.33 366.16 369.31 373.87 374.34 372.61 372.62 372.63 373.46 373.46 371.13 372.14 372.59 372.59 372.54 372.72 371.89 371.89 372.75
 373.03 373.86 371.73 372.27 372.27 368.33 366.16 371.40 373.48 373.09 372.85 372.51 372.67 373.51 373.51 372.32 371.27 372.59 372.59 372.72 372.72 372.72 371.89 372.57
 372.57 371.89 372.27 372.27 372.27 372.27 369.22 372.34 373.28 373.09 372.61 371.88 371.88 373.42 373.42 371.41 370.40 370.40 372.59 372.72 372.72 372.67 372.57 372.57
 371.69 370.82 371.54 372.27 372.27 372.27 370.87 371.04 371.04 371.04 371.12 371.23 371.31 372.37 372.06 370.40 370.40 370.40 370.40 371.71 372.72 372.65 372.57 372.57
 370.82 370.82 370.82 370.77 370.77 370.78 370.94 371.04 371.04 371.04 371.09 371.14 371.23 371.80 371.27 370.40 370.40 370.40 371.71 371.71 371.71 371.49 371.70 371.69
 370.82 370.82 370.86 370.77 370.77 370.80 370.83 370.83 370.97 371.04 371.03 371.14 371.07 370.83 370.83 370.83 370.62 371.27 371.71 371.71 371.71 371.27 370.83 370.83
 370.83 370.88 370.94 370.85 370.83 370.83 370.83 370.83 370.83 370.83 370.83 370.83 370.83 370.83 370.83 370.83 370.83 370.83 371.00 371.18 371.00 370.83 370.83 370.83
 370.83 370.83 370.83 370.83 370.83 370.83 370.83 370.83 370.83 370.83 370.83 370.83 370.83 370.83 370.83 370.83 370.83 370.83 370.83 370.83 370.83 370.83 370.83 370.83
 364.12 364.12 364.12 364.12 364.12 364.12 364.12 364.12 364.12 364.12 364.12 364.12 364.12 364.12 364.12 364.12 364.12 364.12 364.12 364.12 364.12 364.12 364.12 364.12
 363.37 365.36 363.90 364.01 364.12 364.12 364.12 364.12 364.12 364.12 364.12 363.82 363.47 362.82 363.47 364.12 364.12 364.12 364.29 364.12 364.12 364.21 364.30 365.39
 376.76 367.41 366.70 366.50 367.59 369.32 366.41 365.31 373.86 372.25 363.52 363.52 364.11 364.69 364.69 369.14 368.71 364.46 364.46 367.03 366.92 366.77 365.99 363.54
 374.63 371.52 368.80 368.80 369.32 369.32 366.41 365.31 373.86 372.25 371.94 363.52 368.99 367.84 369.14 369.14 368.71 368.71 368.23 369.61 369.61 370.12 370.12 369.51
 370.58 371.05 368.80 370.00 369.32 369.32 366.41 368.81 372.31 372.09 371.64 370.31 368.99 370.98 370.98 369.14 368.71 370.64 370.64 370.12 370.18 370.00 370.00 370.43
 370.58 370.81 371.19 372.39 372.39 369.32 366.41 370.52 372.24 372.17 371.90 371.43 371.44 373.29 373.29 371.22 369.45 370.64 370.64 370.18 370.18 370.18 370.00 372.81
 372.81 372.14 372.39 372.39 372.39 372.39 369.40 371.36 372.20 372.17 372.04 372.04 372.04 373.09 373.09 371.16 370.20 370.20 370.64 370.18 370.18 371.06 372.81 372.81
 372.01 371.22 371.81 372.39 372.39 372.39 371.18 371.50 371.50 371.50 371.40 371.21 371.21 372.15 371.81 370.20 370.20 370.20 370.20 372.02 370.18 371.35 372.81 372.81
 371.22 371.22 371.22 371.45 371.45 371.43 371.44 371.50 371.50 371.50 371.50 371.31 371.21 371.68 371.27 370.20 370.20 370.20 372.02 372.02 371.95 371.83 372.07 372.01
 371.28 371.22 371.49 371.45 371.45 371.42 371.38 371.38 371.46 371.50 371.46 371.38 371.30 371.38 371.38 371.38 370.79 371.70 372.02 372.02 371.88 371.72 371.38 371.38
 371.38 371.45 371.52 371.45 371.38 371.38 371.38 371.38 371.38 371.38 371.38 371.38 371.38 371.38 371.38 371.38 371.38 371.38 371.51 371.63 371.73 371.56 371.38 371.38
 371.39 371.39 371.39 371.39 371.39 371.39 371.39 371.39 371.39 371.39 371.39 371.39 371.39 371.39 371.39 371.39 371.39 371.39 371.39 371.39 371.39 371.39 371.39 371.39
 365.14 365.14 365.14 365.14 365.14 365.14 365.14 365.14 365.14 365.14 365.14 365.14 365.14 365.14 365.14 365.14 365.14 365.14 365.14 365.14 365.14 365.14 365.14 365.14
 364.61 367.18 366.70 365.92 365.13 365.13 365.13 365.13 365.13 365.13 365.13 366.19 365.51 365.88 365.51 365.13 365.13 365.13 368.21 365.13 365.13 365.43 365.72 366.32
 374.61 368.90 368.98 368.75 369.69 371.97 370.00 370.51 374.33 372.84 367.24 367.24 367.43 367.62 367.62 372.46 369.73 371.29 371.29 369.92 367.87 367.44 367.00 365.38
 374.89 374.76 371.34 371.34 371.97 371.97 370.00 370.51 374.33 372.84 371.35 367.24 368.07 368.61 372.46 372.46 369.73 369.73 369.92 368.55 368.55 369.90 369.90 369.98
 369.44 372.10 371.34 371.73 371.97 371.97 370.00 370.81 371.11 371.18 369.86 368.97 368.07 369.60 369.60 372.46 369.73 369.92 369.92 369.24 368.84 369.38 369.38 369.42
 369.44 370.77 372.11 372.50 372.50 371.97 370.00 370.91 371.02 370.93 370.39 370.58 370.95 372.79 372.79 372.62 370.59 369.92 369.92 368.84 368.84 368.84 369.38 372.78
 372.78 372.24 372.50 372.50 372.50 372.50 371.25 370.94 370.97 370.93 371.11 372.00 372.00 372.88 372.88 371.93 371.45 371.45 369.92 368.84 368.84 370.15 372.78 372.78
 372.11 371.43 371.97 372.50 372.50 372.50 371.81 371.74 371.74 371.74 372.02 372.57 372.57 372.73 372.35 371.45 371.45 371.45 371.45 371.80 368.84 370.59 372.78 372.78
 371.43 371.43 371.43 371.73 371.73 371.73 371.73 371.74 371.74 371.74 371.74 372.29 372.57 372.65 372.04 371.45 371.45 371.45 371.80 371.80 371.82 371.81 372.20 372.11
 371.53 371.43 371.80 371.73 371.73 371.73 371.73 371.73 371.74 371.74 371.74 371.73 372.15 371.73 371.73 371.73 371.59 371.76 371.80 371.80 371.83 371.81 371.73 371.73
 371.73 371.80 371.87 371.78 371.73 371.73 371.73 371.73 371.73 371.73 371.73 371.73 371.73 371.73 371.73 371.73 371.73 371.73 371.85 371.97 371.86 371.79 371.73 371.73
 371.73 371.73 371.73 371.73 371.73 371.73 371.73 371.73 371.73 371.73 371.73 371.73 371.73 371.73 371.73 371.73 371.73 371.73 371.73 371.73 371.73 371.73 371.73 371.73
 370.78 370.78 370.78 370.78 370.78 370.78 370.78 370.78 370.78 370.78 370.78 370.78 370.78 370.78 370.78 370.78 370.78 370.78 370.78 370.78 370.78 370.78 370.78 370.78
 370.32 371.88 371.33 370.78 370.78 370.78 370.78 370.78 370.78 370.78 370.78 371.79 370.53 370.29 370.53 370.78 370.78 370.78 373.94 370.78 370.78 371.70 372.62 371.89
 380.26 375.75 376.36 374.70 373.30 374.56 371.95 374.24 379.07 378.07 372.80 372.80 372.59 372.38 372.38 378.07 372.45 377.10 377.10 373.88 371.77 371.18 371.13 370.04
 374.53 380.40 376.97 376.97 374.56 374.56 371.95 374.24 379.07 378.07 374.53 372.80 371.15 371.47 378.07 378.07 372.45 372.45 373.21 370.65 370.65 370.72 370.72 371.75
 370.61 375.50 376.97 375.60 374.56 374.56 371.95 374.34 374.44 373.45 370.99 371.07 371.15 370.56 370.56 378.07 372.45 371.88 371.88 371.26 369.98 370.24 370.24 370.52
 370.61 373.06 374.24 372.87 372.87 374.56 371.95 373.36 372.37 370.31 370.65 371.56 372.18 373.04 373.04 375.56 372.79 371.88 371.88 369.98 369.98 369.98 370.24 372.90
 372.90 372.44 372.87 372.87 372.87 372.87 372.41 372.35 371.34 370.31 371.10 372.33 372.33 372.92 372.92 373.06 373.13 373.13 371.88 369.98 369.98 370.95 372.90 372.90
 372.23 371.56 372.22 372.87 372.87 372.87 372.24 371.81 371.81 371.81 371.77 371.79 371.98 372.45 372.83 373.13 373.13 373.13 373.13 371.82 369.98 371.28 372.90 372.90
 371.56 371.56 371.56 371.71 371.71 371.76 371.86 371.81 371.81 371.81 371.71 371.60 371.79 372.12 372.50 373.13 373.13 373.13 371.82 371.82 371.86 371.89 372.35 372.23
 371.68 371.56 371.86 371.71 371.71 371.81 371.91 371.91 371.84 371.81 371.76 371.60 371.77 371.91 371.91 371.91 372.52 371.87 371.82 371.82 371.89 371.92 371.91 371.91
 371.91 371.96 372.01 371.88 371.91 371.91 371.91 371.91 371.91 371.91 371.91 371.91 371.91 371.91 371.91 371.91 371.91 371.91 372.01 372.11 371.97 371.94 371.91 371.91
 371.91 371.91 371.91 371.91 371.91 371.91 371.91 371.91 371.91 371.91 371.91 371.91 371.91 371.91 371.91 371.91 371.91 371.91 371.91 371.91 371.91 371.91 371.91 371.91
 376.10 376.10 376.10 376.10 376.10 376.10 376.10 376.10 376.10 376.10 376.10 376.10 376.10 376.10 376.10 376.10 376.10 376.10 376.10 376.10 376.10 376.10 376.10 376.10
 375.45 377.16 378.70 377.40 376.09 376.09 376.09 376.09 376.09 376.09 376.09 375.80 375.85 375.60 375.85 376.09 376.09 376.09 378.55 376.09 376.09 376.20 376.31 377.05
 386.01 384.87 380.60 378.75 376.56 376.80 373.14 377.62 380.33 378.96 375.50 375.50 375.38 375.27 375.27 380.04 374.72 381.01 381.01 377.07 375.44 374.87 375.05 375.50
 375.75 381.74 378.24 378.24 376.80 376.80 373.14 377.62 380.33 378.96 376.05 375.50 373.87 373.84 380.04 380.04 374.72 374.72 376.37 373.14 373.14 373.35 373.35 374.74
 372.59 377.16 378.24 376.58 376.80 376.80 373.14 376.62 375.63 375.01 373.13 373.50 373.87 372.42 372.42 380.04 374.72 374.97 374.97 374.06 372.23 372.30 372.30 372.52
 372.59 374.88 374.92 373.26 373.26 376.80 373.14 375.30 373.97 372.30 372.72 373.14 373.41 373.40 373.40 376.72 373.89 374.97 374.97 372.23 372.23 372.23 372.30 373.00
 373.00 372.60 373.26 373.26 373.26 373.26 373.20 374.21 373.13 372.30 372.66 372.95 372.95 373.33 373.33 373.15 373.06 373.06 374.97 372.23 372.23 372.49 373.00 373.00
 372.26 371.53 372.39 373.26 373.26 373.26 372.49 371.71 371.71 371.71 371.82 372.06 372.45 372.89 373.09 373.06 373.06 373.06 373.06 371.19 372.23 372.57 373.00 373.00
 371.53 371.53 371.53 371.86 371.86 371.87 371.81 371.71 371.71 371.71 371.69 371.68 372.06 372.48 372.63 373.06 373.06 373.06 371.19 371.19 371.40 371.60 372.39 372.26
 371.65 371.53 371.92 371.86 371.86 371.88 371.90 371.90 371.77 371.71 371.75 371.68 371.88 371.90 371.90 371.90 372.48 371.55 371.19 371.19 371.62 371.79 371.90 371.90
 371.90 371.94 371.97 371.91 371.90 371.90 371.90 371.90 371.90 371.90 371.90 371.90 371.90 371.90 371.90 371.90 371.90 371.90 371.94 371.97 372.04 371.97 371.90 371.90
 371.90 371.90 371.90 371.90 371.90 371.90 371.90 371.90 371.90 371.90 371.90 371.90 371.90 371.90 371.90 371.90 371.90 371.90 371.90 371.90 371.90 371.90 371.90 371.90
 378.65 378.65 378.65 378.65 378.65 378.65 378.65 378.65 378.65 378.65 378.65 378.65 378.65 378.65 378.65 378.65 378.65 378.65 378.65 378.65 378.65 378.65 378.65 378.65
 378.31 379.24 377.50 378.07 378.64 378.64 378.64 378.64 378.64 378.64 378.64 378.17 378.24 377.83 378.24 378.64 378.64 378.64 381.36 378.64 378.64 377.92 377.19 379.91
 386.90 390.41 382.12 379.54 379.57 380.03 374.61 379.10 382.86 381.66 377.69 377.69 377.50 377.32 377.32 380.30 376.49 384.07 384.07 379.63 377.83 376.93 377.67 380.62
 383.34 384.62 378.44 378.44 380.03 380.03 374.61 379.10 382.86 381.66 378.28 377.69 375.17 375.81 380.30 380.30 376.49 376.49 378.59 375.20 375.20 375.20 375.20 379.54
 374.09 379.36 378.44 376.86 380.03 380.03 374.61 377.91 376.72 376.74 374.89 375.03 375.17 374.29 374.29 380.30 376.49 376.49 376.49 375.85 373.95 373.50 373.50 373.94
 374.09 376.72 375.29 373.71 373.71 380.03 374.61 376.56 375.21 373.70 374.29 374.17 374.13 374.02 374.02 377.16 374.22 376.49 376.49 373.95 373.95 373.95 373.50 373.07
 373.07 372.84 373.71 373.71 373.71 373.71 374.16 375.51 374.46 373.70 373.73 373.21 373.21 374.02 374.02 372.65 371.96 371.96 376.49 373.95 373.95 373.66 373.07 373.07
 372.40 371.73 372.72 373.71 373.71 373.71 372.77 371.56 371.56 371.56 371.56 373.21 373.21 374.02 373.33 371.96 371.96 371.96 371.96 370.50 373.95 373.56 373.07 373.07
 371.73 371.73 371.73 371.81 371.81 371.80 371.66 371.56 371.56 371.56 371.56 371.56 373.21 374.02 372.77 371.96 371.96 371.96 370.50 370.50 370.72 370.99 372.41 372.40
 371.74 371.73 371.86 371.81 371.81 371.79 371.76 371.76 371.63 371.56 371.63 371.76 371.76 371.76 371.76 371.76 371.86 371.13 370.50 370.50 370.94 371.26 371.76 371.76
 371.76 371.84 371.91 371.83 371.76 371.76 371.76 371.76 371.76 371.76 371.76 371.76 371.76 371.76 371.76 371.76 371.76 371.76 371.73 371.69 371.38 371.57 371.76 371.76
 371.77 371.77 371.77 371.77 371.77 371.77 371.77 371.77 371.77 371.77 371.77 371.77 371.77 371.77 371.77 371.77 371.77 371.77 371.77 371.77 371.77 371.77 371.77 371.77
