1965 MONTHLY CO2 (PPMV)   24  12  LON/LAT (N-S/0-360E) IN 15 DEGREE RESOLUTION,  GLB ANNUAL MEAN = 319.49,  GROWTH RATE = 0.09,  MISS DATA = -99.99
 319.44 319.44 319.44 319.44 319.44 319.44 319.44 319.44 319.44 319.44 319.44 319.44 319.44 319.44 319.44 319.44 319.44 319.44 319.44 319.44 319.44 319.44 319.44 319.44
 319.44 319.44 319.44 319.44 319.44 319.44 319.44 319.44 319.44 319.44 319.44 319.44 319.44 319.44 319.44 319.44 319.44 319.44 319.44 319.44 319.44 319.44 319.44 319.44
 319.44 319.44 319.44 319.44 319.44 319.44 319.44 319.44 319.44 319.44 319.44 319.44 319.44 319.44 319.44 319.44 319.44 319.44 319.44 319.44 319.44 319.44 319.44 319.44
 319.44 319.44 319.44 319.44 319.44 319.44 319.44 319.44 319.44 319.44 319.44 319.44 319.44 319.44 319.44 319.44 319.44 319.44 319.44 319.44 319.44 319.44 319.44 319.44
 319.44 319.44 319.44 319.44 319.44 319.44 319.44 319.44 319.44 319.44 319.44 319.44 319.44 319.44 319.44 319.44 319.44 319.44 319.44 319.44 319.44 319.44 319.44 319.44
 319.44 319.44 319.44 319.44 319.44 319.44 319.44 319.44 319.44 319.44 319.44 319.44 319.44 319.44 319.44 319.44 319.44 319.44 319.44 319.44 319.44 319.44 319.44 319.44
 319.44 319.44 319.44 319.44 319.44 319.44 319.44 319.44 319.44 319.44 319.44 319.44 319.44 319.44 319.44 319.44 319.44 319.44 319.44 319.44 319.44 319.44 319.44 319.44
 319.44 319.44 319.44 319.44 319.44 319.44 319.44 319.44 319.44 319.44 319.44 319.44 319.44 319.44 319.44 319.44 319.44 319.44 319.44 319.44 319.44 319.44 319.44 319.44
 319.44 319.44 319.44 319.44 319.44 319.44 319.44 319.44 319.44 319.44 319.44 319.44 319.44 319.44 319.44 319.44 319.44 319.44 319.44 319.44 319.44 319.44 319.44 319.44
 319.44 319.44 319.44 319.44 319.44 319.44 319.44 319.44 319.44 319.44 319.44 319.44 319.44 319.44 319.44 319.44 319.44 319.44 319.44 319.44 319.44 319.44 319.44 319.44
 319.44 319.44 319.44 319.44 319.44 319.44 319.44 319.44 319.44 319.44 319.44 319.44 319.44 319.44 319.44 319.44 319.44 319.44 319.44 319.44 319.44 319.44 319.44 319.44
 319.44 319.44 319.44 319.44 319.44 319.44 319.44 319.44 319.44 319.44 319.44 319.44 319.44 319.44 319.44 319.44 319.44 319.44 319.44 319.44 319.44 319.44 319.44 319.44
 319.78 319.78 319.78 319.78 319.78 319.78 319.78 319.78 319.78 319.78 319.78 319.78 319.78 319.78 319.78 319.78 319.78 319.78 319.78 319.78 319.78 319.78 319.78 319.78
 318.68 318.68 318.68 318.68 318.68 318.68 320.33 320.44 320.44 320.44 320.44 320.44 320.44 320.44 320.44 320.44 320.44 320.44 320.44 320.44 320.33 318.68 318.68 318.68
 318.68 318.68 318.68 318.68 318.68 318.68 320.22 320.44 320.44 320.44 320.44 320.44 320.44 320.44 320.44 320.44 320.44 320.44 320.44 320.44 320.22 318.68 318.68 318.68
 318.68 318.68 318.68 318.68 318.68 318.68 320.00 320.44 320.44 320.44 320.44 320.44 320.44 320.44 320.44 320.44 320.44 320.44 320.44 320.44 320.00 318.68 318.68 318.68
 318.68 318.68 318.68 318.68 318.68 318.68 319.56 320.44 320.44 320.44 320.44 320.44 320.44 320.44 320.44 320.44 320.44 320.44 320.44 320.44 319.56 318.68 318.68 318.68
 318.68 318.68 318.68 318.68 318.68 318.68 318.68 318.68 319.85 320.44 320.44 320.44 320.44 320.44 320.44 320.44 320.44 320.44 319.85 318.68 318.68 318.68 318.68 318.68
 318.68 318.68 318.68 318.68 318.68 318.68 318.68 318.68 318.68 318.68 319.85 320.44 320.44 320.44 320.44 320.44 319.85 318.68 318.68 318.68 318.68 318.68 318.68 318.68
 318.68 318.68 318.68 318.68 318.68 318.68 318.68 318.68 318.68 318.68 318.68 318.68 319.85 320.44 319.85 318.68 318.68 318.68 318.68 318.68 318.68 318.68 318.68 318.68
 318.68 318.68 318.68 318.68 318.68 318.68 318.68 318.68 318.68 318.68 318.68 318.68 318.68 318.68 318.68 318.68 318.68 318.68 318.68 318.68 318.68 318.68 318.68 318.68
 318.68 318.68 318.68 318.68 318.68 318.68 318.68 318.68 318.68 318.68 318.68 318.68 318.68 318.68 318.68 318.68 318.68 318.68 318.68 318.68 318.68 318.68 318.68 318.68
 318.68 318.68 318.68 318.68 318.68 318.68 318.68 318.68 318.68 318.68 318.68 318.68 318.68 318.68 318.68 318.68 318.68 318.68 318.68 318.68 318.68 318.68 318.68 318.68
 318.68 318.68 318.68 318.68 318.68 318.68 318.68 318.68 318.68 318.68 318.68 318.68 318.68 318.68 318.68 318.68 318.68 318.68 318.68 318.68 318.68 318.68 318.68 318.68
 320.01 320.01 320.01 320.01 320.01 320.01 320.01 320.01 320.01 320.01 320.01 320.01 320.01 320.01 320.01 320.01 320.01 320.01 320.01 320.01 320.01 320.01 320.01 320.01
 318.56 318.56 318.56 318.56 318.56 318.56 320.74 320.89 320.89 320.89 320.89 320.89 320.89 320.89 320.89 320.89 320.89 320.89 320.89 320.89 320.74 318.56 318.56 318.56
 318.56 318.56 318.56 318.56 318.56 318.56 320.60 320.89 320.89 320.89 320.89 320.89 320.89 320.89 320.89 320.89 320.89 320.89 320.89 320.89 320.60 318.56 318.56 318.56
 318.56 318.56 318.56 318.56 318.56 318.56 320.31 320.89 320.89 320.89 320.89 320.89 320.89 320.89 320.89 320.89 320.89 320.89 320.89 320.89 320.31 318.56 318.56 318.56
 318.56 318.56 318.56 318.56 318.56 318.56 319.73 320.89 320.89 320.89 320.89 320.89 320.89 320.89 320.89 320.89 320.89 320.89 320.89 320.89 319.73 318.56 318.56 318.56
 318.56 318.56 318.56 318.56 318.56 318.56 318.56 318.56 320.11 320.89 320.89 320.89 320.89 320.89 320.89 320.89 320.89 320.89 320.11 318.56 318.56 318.56 318.56 318.56
 318.56 318.56 318.56 318.56 318.56 318.56 318.56 318.56 318.56 318.56 320.11 320.89 320.89 320.89 320.89 320.89 320.11 318.56 318.56 318.56 318.56 318.56 318.56 318.56
 318.56 318.56 318.56 318.56 318.56 318.56 318.56 318.56 318.56 318.56 318.56 318.56 320.11 320.89 320.11 318.56 318.56 318.56 318.56 318.56 318.56 318.56 318.56 318.56
 318.56 318.56 318.56 318.56 318.56 318.56 318.56 318.56 318.56 318.56 318.56 318.56 318.56 318.56 318.56 318.56 318.56 318.56 318.56 318.56 318.56 318.56 318.56 318.56
 318.56 318.56 318.56 318.56 318.56 318.56 318.56 318.56 318.56 318.56 318.56 318.56 318.56 318.56 318.56 318.56 318.56 318.56 318.56 318.56 318.56 318.56 318.56 318.56
 318.56 318.56 318.56 318.56 318.56 318.56 318.56 318.56 318.56 318.56 318.56 318.56 318.56 318.56 318.56 318.56 318.56 318.56 318.56 318.56 318.56 318.56 318.56 318.56
 318.56 318.56 318.56 318.56 318.56 318.56 318.56 318.56 318.56 318.56 318.56 318.56 318.56 318.56 318.56 318.56 318.56 318.56 318.56 318.56 318.56 318.56 318.56 318.56
 320.83 320.83 320.83 320.83 320.83 320.83 320.83 320.83 320.83 320.83 320.83 320.83 320.83 320.83 320.83 320.83 320.83 320.83 320.83 320.83 320.83 320.83 320.83 320.83
 318.68 318.68 318.68 318.68 318.68 318.68 321.91 322.13 322.13 322.13 322.13 322.13 322.13 322.13 322.13 322.13 322.13 322.13 322.13 322.13 321.91 318.68 318.68 318.68
 318.68 318.68 318.68 318.68 318.68 318.68 321.70 322.13 322.13 322.13 322.13 322.13 322.13 322.13 322.13 322.13 322.13 322.13 322.13 322.13 321.70 318.68 318.68 318.68
 318.68 318.68 318.68 318.68 318.68 318.68 321.27 322.13 322.13 322.13 322.13 322.13 322.13 322.13 322.13 322.13 322.13 322.13 322.13 322.13 321.27 318.68 318.68 318.68
 318.68 318.68 318.68 318.68 318.68 318.68 320.40 322.13 322.13 322.13 322.13 322.13 322.13 322.13 322.13 322.13 322.13 322.13 322.13 322.13 320.40 318.68 318.68 318.68
 318.68 318.68 318.68 318.68 318.68 318.68 318.68 318.68 320.98 322.13 322.13 322.13 322.13 322.13 322.13 322.13 322.13 322.13 320.98 318.68 318.68 318.68 318.68 318.68
 318.68 318.68 318.68 318.68 318.68 318.68 318.68 318.68 318.68 318.68 320.98 322.13 322.13 322.13 322.13 322.13 320.98 318.68 318.68 318.68 318.68 318.68 318.68 318.68
 318.68 318.68 318.68 318.68 318.68 318.68 318.68 318.68 318.68 318.68 318.68 318.68 320.98 322.13 320.98 318.68 318.68 318.68 318.68 318.68 318.68 318.68 318.68 318.68
 318.68 318.68 318.68 318.68 318.68 318.68 318.68 318.68 318.68 318.68 318.68 318.68 318.68 318.68 318.68 318.68 318.68 318.68 318.68 318.68 318.68 318.68 318.68 318.68
 318.68 318.68 318.68 318.68 318.68 318.68 318.68 318.68 318.68 318.68 318.68 318.68 318.68 318.68 318.68 318.68 318.68 318.68 318.68 318.68 318.68 318.68 318.68 318.68
 318.68 318.68 318.68 318.68 318.68 318.68 318.68 318.68 318.68 318.68 318.68 318.68 318.68 318.68 318.68 318.68 318.68 318.68 318.68 318.68 318.68 318.68 318.68 318.68
 318.68 318.68 318.68 318.68 318.68 318.68 318.68 318.68 318.68 318.68 318.68 318.68 318.68 318.68 318.68 318.68 318.68 318.68 318.68 318.68 318.68 318.68 318.68 318.68
 320.93 320.93 320.93 320.93 320.93 320.93 320.93 320.93 320.93 320.93 320.93 320.93 320.93 320.93 320.93 320.93 320.93 320.93 320.93 320.93 320.93 320.93 320.93 320.93
 318.89 318.89 318.89 318.89 318.89 318.89 321.96 322.16 322.16 322.16 322.16 322.16 322.16 322.16 322.16 322.16 322.16 322.16 322.16 322.16 321.96 318.89 318.89 318.89
 318.89 318.89 318.89 318.89 318.89 318.89 321.75 322.16 322.16 322.16 322.16 322.16 322.16 322.16 322.16 322.16 322.16 322.16 322.16 322.16 321.75 318.89 318.89 318.89
 318.89 318.89 318.89 318.89 318.89 318.89 321.34 322.16 322.16 322.16 322.16 322.16 322.16 322.16 322.16 322.16 322.16 322.16 322.16 322.16 321.34 318.89 318.89 318.89
 318.89 318.89 318.89 318.89 318.89 318.89 320.52 322.16 322.16 322.16 322.16 322.16 322.16 322.16 322.16 322.16 322.16 322.16 322.16 322.16 320.52 318.89 318.89 318.89
 318.89 318.89 318.89 318.89 318.89 318.89 318.89 318.89 321.07 322.16 322.16 322.16 322.16 322.16 322.16 322.16 322.16 322.16 321.07 318.89 318.89 318.89 318.89 318.89
 318.89 318.89 318.89 318.89 318.89 318.89 318.89 318.89 318.89 318.89 321.07 322.16 322.16 322.16 322.16 322.16 321.07 318.89 318.89 318.89 318.89 318.89 318.89 318.89
 318.89 318.89 318.89 318.89 318.89 318.89 318.89 318.89 318.89 318.89 318.89 318.89 321.07 322.16 321.07 318.89 318.89 318.89 318.89 318.89 318.89 318.89 318.89 318.89
 318.89 318.89 318.89 318.89 318.89 318.89 318.89 318.89 318.89 318.89 318.89 318.89 318.89 318.89 318.89 318.89 318.89 318.89 318.89 318.89 318.89 318.89 318.89 318.89
 318.89 318.89 318.89 318.89 318.89 318.89 318.89 318.89 318.89 318.89 318.89 318.89 318.89 318.89 318.89 318.89 318.89 318.89 318.89 318.89 318.89 318.89 318.89 318.89
 318.89 318.89 318.89 318.89 318.89 318.89 318.89 318.89 318.89 318.89 318.89 318.89 318.89 318.89 318.89 318.89 318.89 318.89 318.89 318.89 318.89 318.89 318.89 318.89
 318.89 318.89 318.89 318.89 318.89 318.89 318.89 318.89 318.89 318.89 318.89 318.89 318.89 318.89 318.89 318.89 318.89 318.89 318.89 318.89 318.89 318.89 318.89 318.89
 321.87 321.87 321.87 321.87 321.87 321.87 321.87 321.87 321.87 321.87 321.87 321.87 321.87 321.87 321.87 321.87 321.87 321.87 321.87 321.87 321.87 321.87 321.87 321.87
 321.87 321.87 321.87 321.87 321.87 321.87 321.87 321.87 321.87 321.87 321.87 321.87 321.87 321.87 321.87 321.87 321.87 321.87 321.87 321.87 321.87 321.87 321.87 321.87
 321.87 321.87 321.87 321.87 321.87 321.87 321.87 321.87 321.87 321.87 321.87 321.87 321.87 321.87 321.87 321.87 321.87 321.87 321.87 321.87 321.87 321.87 321.87 321.87
 321.87 321.87 321.87 321.87 321.87 321.87 321.87 321.87 321.87 321.87 321.87 321.87 321.87 321.87 321.87 321.87 321.87 321.87 321.87 321.87 321.87 321.87 321.87 321.87
 321.87 321.87 321.87 321.87 321.87 321.87 321.87 321.87 321.87 321.87 321.87 321.87 321.87 321.87 321.87 321.87 321.87 321.87 321.87 321.87 321.87 321.87 321.87 321.87
 321.87 321.87 321.87 321.87 321.87 321.87 321.87 321.87 321.87 321.87 321.87 321.87 321.87 321.87 321.87 321.87 321.87 321.87 321.87 321.87 321.87 321.87 321.87 321.87
 321.87 321.87 321.87 321.87 321.87 321.87 321.87 321.87 321.87 321.87 321.87 321.87 321.87 321.87 321.87 321.87 321.87 321.87 321.87 321.87 321.87 321.87 321.87 321.87
 321.87 321.87 321.87 321.87 321.87 321.87 321.87 321.87 321.87 321.87 321.87 321.87 321.87 321.87 321.87 321.87 321.87 321.87 321.87 321.87 321.87 321.87 321.87 321.87
 321.87 321.87 321.87 321.87 321.87 321.87 321.87 321.87 321.87 321.87 321.87 321.87 321.87 321.87 321.87 321.87 321.87 321.87 321.87 321.87 321.87 321.87 321.87 321.87
 321.87 321.87 321.87 321.87 321.87 321.87 321.87 321.87 321.87 321.87 321.87 321.87 321.87 321.87 321.87 321.87 321.87 321.87 321.87 321.87 321.87 321.87 321.87 321.87
 321.87 321.87 321.87 321.87 321.87 321.87 321.87 321.87 321.87 321.87 321.87 321.87 321.87 321.87 321.87 321.87 321.87 321.87 321.87 321.87 321.87 321.87 321.87 321.87
 321.87 321.87 321.87 321.87 321.87 321.87 321.87 321.87 321.87 321.87 321.87 321.87 321.87 321.87 321.87 321.87 321.87 321.87 321.87 321.87 321.87 321.87 321.87 321.87
 320.52 320.52 320.52 320.52 320.52 320.52 320.52 320.52 320.52 320.52 320.52 320.52 320.52 320.52 320.52 320.52 320.52 320.52 320.52 320.52 320.52 320.52 320.52 320.52
 319.38 319.38 319.38 319.38 319.38 319.38 321.10 321.21 321.21 321.21 321.21 321.21 321.21 321.21 321.21 321.21 321.21 321.21 321.21 321.21 321.10 319.38 319.38 319.38
 319.38 319.38 319.38 319.38 319.38 319.38 320.98 321.21 321.21 321.21 321.21 321.21 321.21 321.21 321.21 321.21 321.21 321.21 321.21 321.21 320.98 319.38 319.38 319.38
 319.38 319.38 319.38 319.38 319.38 319.38 320.75 321.21 321.21 321.21 321.21 321.21 321.21 321.21 321.21 321.21 321.21 321.21 321.21 321.21 320.75 319.38 319.38 319.38
 319.38 319.38 319.38 319.38 319.38 319.38 320.29 321.21 321.21 321.21 321.21 321.21 321.21 321.21 321.21 321.21 321.21 321.21 321.21 321.21 320.29 319.38 319.38 319.38
 319.38 319.38 319.38 319.38 319.38 319.38 319.38 319.38 320.60 321.21 321.21 321.21 321.21 321.21 321.21 321.21 321.21 321.21 320.60 319.38 319.38 319.38 319.38 319.38
 319.38 319.38 319.38 319.38 319.38 319.38 319.38 319.38 319.38 319.38 320.60 321.21 321.21 321.21 321.21 321.21 320.60 319.38 319.38 319.38 319.38 319.38 319.38 319.38
 319.38 319.38 319.38 319.38 319.38 319.38 319.38 319.38 319.38 319.38 319.38 319.38 320.60 321.21 320.60 319.38 319.38 319.38 319.38 319.38 319.38 319.38 319.38 319.38
 319.38 319.38 319.38 319.38 319.38 319.38 319.38 319.38 319.38 319.38 319.38 319.38 319.38 319.38 319.38 319.38 319.38 319.38 319.38 319.38 319.38 319.38 319.38 319.38
 319.38 319.38 319.38 319.38 319.38 319.38 319.38 319.38 319.38 319.38 319.38 319.38 319.38 319.38 319.38 319.38 319.38 319.38 319.38 319.38 319.38 319.38 319.38 319.38
 319.38 319.38 319.38 319.38 319.38 319.38 319.38 319.38 319.38 319.38 319.38 319.38 319.38 319.38 319.38 319.38 319.38 319.38 319.38 319.38 319.38 319.38 319.38 319.38
 319.38 319.38 319.38 319.38 319.38 319.38 319.38 319.38 319.38 319.38 319.38 319.38 319.38 319.38 319.38 319.38 319.38 319.38 319.38 319.38 319.38 319.38 319.38 319.38
 319.17 319.17 319.17 319.17 319.17 319.17 319.17 319.17 319.17 319.17 319.17 319.17 319.17 319.17 319.17 319.17 319.17 319.17 319.17 319.17 319.17 319.17 319.17 319.17
 319.67 319.67 319.67 319.67 319.67 319.67 318.92 318.87 318.87 318.87 318.87 318.87 318.87 318.87 318.87 318.87 318.87 318.87 318.87 318.87 318.92 319.67 319.67 319.67
 319.67 319.67 319.67 319.67 319.67 319.67 318.97 318.87 318.87 318.87 318.87 318.87 318.87 318.87 318.87 318.87 318.87 318.87 318.87 318.87 318.97 319.67 319.67 319.67
 319.67 319.67 319.67 319.67 319.67 319.67 319.07 318.87 318.87 318.87 318.87 318.87 318.87 318.87 318.87 318.87 318.87 318.87 318.87 318.87 319.07 319.67 319.67 319.67
 319.67 319.67 319.67 319.67 319.67 319.67 319.27 318.87 318.87 318.87 318.87 318.87 318.87 318.87 318.87 318.87 318.87 318.87 318.87 318.87 319.27 319.67 319.67 319.67
 319.67 319.67 319.67 319.67 319.67 319.67 319.67 319.67 319.14 318.87 318.87 318.87 318.87 318.87 318.87 318.87 318.87 318.87 319.14 319.67 319.67 319.67 319.67 319.67
 319.67 319.67 319.67 319.67 319.67 319.67 319.67 319.67 319.67 319.67 319.14 318.87 318.87 318.87 318.87 318.87 319.14 319.67 319.67 319.67 319.67 319.67 319.67 319.67
 319.67 319.67 319.67 319.67 319.67 319.67 319.67 319.67 319.67 319.67 319.67 319.67 319.14 318.87 319.14 319.67 319.67 319.67 319.67 319.67 319.67 319.67 319.67 319.67
 319.67 319.67 319.67 319.67 319.67 319.67 319.67 319.67 319.67 319.67 319.67 319.67 319.67 319.67 319.67 319.67 319.67 319.67 319.67 319.67 319.67 319.67 319.67 319.67
 319.67 319.67 319.67 319.67 319.67 319.67 319.67 319.67 319.67 319.67 319.67 319.67 319.67 319.67 319.67 319.67 319.67 319.67 319.67 319.67 319.67 319.67 319.67 319.67
 319.67 319.67 319.67 319.67 319.67 319.67 319.67 319.67 319.67 319.67 319.67 319.67 319.67 319.67 319.67 319.67 319.67 319.67 319.67 319.67 319.67 319.67 319.67 319.67
 319.67 319.67 319.67 319.67 319.67 319.67 319.67 319.67 319.67 319.67 319.67 319.67 319.67 319.67 319.67 319.67 319.67 319.67 319.67 319.67 319.67 319.67 319.67 319.67
 317.81 317.81 317.81 317.81 317.81 317.81 317.81 317.81 317.81 317.81 317.81 317.81 317.81 317.81 317.81 317.81 317.81 317.81 317.81 317.81 317.81 317.81 317.81 317.81
 317.81 317.81 317.81 317.81 317.81 317.81 317.81 317.81 317.81 317.81 317.81 317.81 317.81 317.81 317.81 317.81 317.81 317.81 317.81 317.81 317.81 317.81 317.81 317.81
 317.81 317.81 317.81 317.81 317.81 317.81 317.81 317.81 317.81 317.81 317.81 317.81 317.81 317.81 317.81 317.81 317.81 317.81 317.81 317.81 317.81 317.81 317.81 317.81
 317.81 317.81 317.81 317.81 317.81 317.81 317.81 317.81 317.81 317.81 317.81 317.81 317.81 317.81 317.81 317.81 317.81 317.81 317.81 317.81 317.81 317.81 317.81 317.81
 317.81 317.81 317.81 317.81 317.81 317.81 317.81 317.81 317.81 317.81 317.81 317.81 317.81 317.81 317.81 317.81 317.81 317.81 317.81 317.81 317.81 317.81 317.81 317.81
 317.81 317.81 317.81 317.81 317.81 317.81 317.81 317.81 317.81 317.81 317.81 317.81 317.81 317.81 317.81 317.81 317.81 317.81 317.81 317.81 317.81 317.81 317.81 317.81
 317.81 317.81 317.81 317.81 317.81 317.81 317.81 317.81 317.81 317.81 317.81 317.81 317.81 317.81 317.81 317.81 317.81 317.81 317.81 317.81 317.81 317.81 317.81 317.81
 317.81 317.81 317.81 317.81 317.81 317.81 317.81 317.81 317.81 317.81 317.81 317.81 317.81 317.81 317.81 317.81 317.81 317.81 317.81 317.81 317.81 317.81 317.81 317.81
 317.81 317.81 317.81 317.81 317.81 317.81 317.81 317.81 317.81 317.81 317.81 317.81 317.81 317.81 317.81 317.81 317.81 317.81 317.81 317.81 317.81 317.81 317.81 317.81
 317.81 317.81 317.81 317.81 317.81 317.81 317.81 317.81 317.81 317.81 317.81 317.81 317.81 317.81 317.81 317.81 317.81 317.81 317.81 317.81 317.81 317.81 317.81 317.81
 317.81 317.81 317.81 317.81 317.81 317.81 317.81 317.81 317.81 317.81 317.81 317.81 317.81 317.81 317.81 317.81 317.81 317.81 317.81 317.81 317.81 317.81 317.81 317.81
 317.81 317.81 317.81 317.81 317.81 317.81 317.81 317.81 317.81 317.81 317.81 317.81 317.81 317.81 317.81 317.81 317.81 317.81 317.81 317.81 317.81 317.81 317.81 317.81
 317.30 317.30 317.30 317.30 317.30 317.30 317.30 317.30 317.30 317.30 317.30 317.30 317.30 317.30 317.30 317.30 317.30 317.30 317.30 317.30 317.30 317.30 317.30 317.30
 317.30 317.30 317.30 317.30 317.30 317.30 317.30 317.30 317.30 317.30 317.30 317.30 317.30 317.30 317.30 317.30 317.30 317.30 317.30 317.30 317.30 317.30 317.30 317.30
 317.30 317.30 317.30 317.30 317.30 317.30 317.30 317.30 317.30 317.30 317.30 317.30 317.30 317.30 317.30 317.30 317.30 317.30 317.30 317.30 317.30 317.30 317.30 317.30
 317.30 317.30 317.30 317.30 317.30 317.30 317.30 317.30 317.30 317.30 317.30 317.30 317.30 317.30 317.30 317.30 317.30 317.30 317.30 317.30 317.30 317.30 317.30 317.30
 317.30 317.30 317.30 317.30 317.30 317.30 317.30 317.30 317.30 317.30 317.30 317.30 317.30 317.30 317.30 317.30 317.30 317.30 317.30 317.30 317.30 317.30 317.30 317.30
 317.30 317.30 317.30 317.30 317.30 317.30 317.30 317.30 317.30 317.30 317.30 317.30 317.30 317.30 317.30 317.30 317.30 317.30 317.30 317.30 317.30 317.30 317.30 317.30
 317.30 317.30 317.30 317.30 317.30 317.30 317.30 317.30 317.30 317.30 317.30 317.30 317.30 317.30 317.30 317.30 317.30 317.30 317.30 317.30 317.30 317.30 317.30 317.30
 317.30 317.30 317.30 317.30 317.30 317.30 317.30 317.30 317.30 317.30 317.30 317.30 317.30 317.30 317.30 317.30 317.30 317.30 317.30 317.30 317.30 317.30 317.30 317.30
 317.30 317.30 317.30 317.30 317.30 317.30 317.30 317.30 317.30 317.30 317.30 317.30 317.30 317.30 317.30 317.30 317.30 317.30 317.30 317.30 317.30 317.30 317.30 317.30
 317.30 317.30 317.30 317.30 317.30 317.30 317.30 317.30 317.30 317.30 317.30 317.30 317.30 317.30 317.30 317.30 317.30 317.30 317.30 317.30 317.30 317.30 317.30 317.30
 317.30 317.30 317.30 317.30 317.30 317.30 317.30 317.30 317.30 317.30 317.30 317.30 317.30 317.30 317.30 317.30 317.30 317.30 317.30 317.30 317.30 317.30 317.30 317.30
 317.30 317.30 317.30 317.30 317.30 317.30 317.30 317.30 317.30 317.30 317.30 317.30 317.30 317.30 317.30 317.30 317.30 317.30 317.30 317.30 317.30 317.30 317.30 317.30
 319.36 319.36 319.36 319.36 319.36 319.36 319.36 319.36 319.36 319.36 319.36 319.36 319.36 319.36 319.36 319.36 319.36 319.36 319.36 319.36 319.36 319.36 319.36 319.36
 320.17 320.17 320.17 320.17 320.17 320.17 318.95 318.87 318.87 318.87 318.87 318.87 318.87 318.87 318.87 318.87 318.87 318.87 318.87 318.87 318.95 320.17 320.17 320.17
 320.17 320.17 320.17 320.17 320.17 320.17 319.03 318.87 318.87 318.87 318.87 318.87 318.87 318.87 318.87 318.87 318.87 318.87 318.87 318.87 319.03 320.17 320.17 320.17
 320.17 320.17 320.17 320.17 320.17 320.17 319.19 318.87 318.87 318.87 318.87 318.87 318.87 318.87 318.87 318.87 318.87 318.87 318.87 318.87 319.19 320.17 320.17 320.17
 320.17 320.17 320.17 320.17 320.17 320.17 319.52 318.87 318.87 318.87 318.87 318.87 318.87 318.87 318.87 318.87 318.87 318.87 318.87 318.87 319.52 320.17 320.17 320.17
 320.17 320.17 320.17 320.17 320.17 320.17 320.17 320.17 319.30 318.87 318.87 318.87 318.87 318.87 318.87 318.87 318.87 318.87 319.30 320.17 320.17 320.17 320.17 320.17
 320.17 320.17 320.17 320.17 320.17 320.17 320.17 320.17 320.17 320.17 319.30 318.87 318.87 318.87 318.87 318.87 319.30 320.17 320.17 320.17 320.17 320.17 320.17 320.17
 320.17 320.17 320.17 320.17 320.17 320.17 320.17 320.17 320.17 320.17 320.17 320.17 319.30 318.87 319.30 320.17 320.17 320.17 320.17 320.17 320.17 320.17 320.17 320.17
 320.17 320.17 320.17 320.17 320.17 320.17 320.17 320.17 320.17 320.17 320.17 320.17 320.17 320.17 320.17 320.17 320.17 320.17 320.17 320.17 320.17 320.17 320.17 320.17
 320.17 320.17 320.17 320.17 320.17 320.17 320.17 320.17 320.17 320.17 320.17 320.17 320.17 320.17 320.17 320.17 320.17 320.17 320.17 320.17 320.17 320.17 320.17 320.17
 320.17 320.17 320.17 320.17 320.17 320.17 320.17 320.17 320.17 320.17 320.17 320.17 320.17 320.17 320.17 320.17 320.17 320.17 320.17 320.17 320.17 320.17 320.17 320.17
 320.17 320.17 320.17 320.17 320.17 320.17 320.17 320.17 320.17 320.17 320.17 320.17 320.17 320.17 320.17 320.17 320.17 320.17 320.17 320.17 320.17 320.17 320.17 320.17
 319.74 319.74 319.74 319.74 319.74 319.74 319.74 319.74 319.74 319.74 319.74 319.74 319.74 319.74 319.74 319.74 319.74 319.74 319.74 319.74 319.74 319.74 319.74 319.74
 320.27 320.27 320.27 320.27 320.27 320.27 319.47 319.42 319.42 319.42 319.42 319.42 319.42 319.42 319.42 319.42 319.42 319.42 319.42 319.42 319.47 320.27 320.27 320.27
 320.27 320.27 320.27 320.27 320.27 320.27 319.53 319.42 319.42 319.42 319.42 319.42 319.42 319.42 319.42 319.42 319.42 319.42 319.42 319.42 319.53 320.27 320.27 320.27
 320.27 320.27 320.27 320.27 320.27 320.27 319.63 319.42 319.42 319.42 319.42 319.42 319.42 319.42 319.42 319.42 319.42 319.42 319.42 319.42 319.63 320.27 320.27 320.27
 320.27 320.27 320.27 320.27 320.27 320.27 319.85 319.42 319.42 319.42 319.42 319.42 319.42 319.42 319.42 319.42 319.42 319.42 319.42 319.42 319.85 320.27 320.27 320.27
 320.27 320.27 320.27 320.27 320.27 320.27 320.27 320.27 319.70 319.42 319.42 319.42 319.42 319.42 319.42 319.42 319.42 319.42 319.70 320.27 320.27 320.27 320.27 320.27
 320.27 320.27 320.27 320.27 320.27 320.27 320.27 320.27 320.27 320.27 319.70 319.42 319.42 319.42 319.42 319.42 319.70 320.27 320.27 320.27 320.27 320.27 320.27 320.27
 320.27 320.27 320.27 320.27 320.27 320.27 320.27 320.27 320.27 320.27 320.27 320.27 319.70 319.42 319.70 320.27 320.27 320.27 320.27 320.27 320.27 320.27 320.27 320.27
 320.27 320.27 320.27 320.27 320.27 320.27 320.27 320.27 320.27 320.27 320.27 320.27 320.27 320.27 320.27 320.27 320.27 320.27 320.27 320.27 320.27 320.27 320.27 320.27
 320.27 320.27 320.27 320.27 320.27 320.27 320.27 320.27 320.27 320.27 320.27 320.27 320.27 320.27 320.27 320.27 320.27 320.27 320.27 320.27 320.27 320.27 320.27 320.27
 320.27 320.27 320.27 320.27 320.27 320.27 320.27 320.27 320.27 320.27 320.27 320.27 320.27 320.27 320.27 320.27 320.27 320.27 320.27 320.27 320.27 320.27 320.27 320.27
 320.27 320.27 320.27 320.27 320.27 320.27 320.27 320.27 320.27 320.27 320.27 320.27 320.27 320.27 320.27 320.27 320.27 320.27 320.27 320.27 320.27 320.27 320.27 320.27
