1980 MONTHLY CO2 (PPMV)   24  12  LON/LAT (N-S/0-360E) IN 15 DEGREE RESOLUTION,  GLB ANNUAL MEAN = 338.81,  GROWTH RATE = 1.92,  MISS DATA = -99.99
 341.28 341.28 341.28 341.28 341.28 341.28 341.28 341.28 341.28 341.28 341.28 341.28 341.28 341.28 341.28 341.28 341.28 341.28 341.28 341.28 341.28 341.28 341.28 341.28
 347.76 341.28 341.28 341.28 341.28 341.28 341.28 341.28 341.28 341.28 341.28 341.28 341.39 341.50 341.39 341.28 341.28 341.28 341.28 341.28 341.28 341.28 341.28 341.28
 354.25 354.25 347.76 341.28 341.28 341.28 341.28 341.28 341.28 341.28 341.28 341.14 341.01 341.01 341.01 339.71 338.27 339.27 341.21 342.67 343.36 341.68 340.28 347.27
 340.30 340.30 340.30 340.68 341.28 341.28 341.28 341.28 339.95 339.28 339.95 339.65 339.61 339.61 339.27 338.27 338.27 338.27 341.15 343.36 343.36 341.82 340.28 340.29
 340.30 340.30 340.38 340.46 340.46 340.73 339.95 339.28 339.28 339.28 339.28 338.20 338.20 338.20 338.20 338.25 338.27 341.15 341.15 341.15 343.36 341.82 340.28 339.78
 338.93 339.76 340.46 340.46 340.46 340.46 339.28 339.28 339.28 339.28 339.28 338.03 337.41 338.20 338.20 338.24 338.27 341.15 341.15 341.15 343.36 340.58 338.92 338.24
 338.24 339.35 340.46 340.46 340.46 340.46 340.46 339.28 339.28 339.28 338.66 337.41 337.41 337.41 337.41 337.41 338.27 341.15 341.15 341.15 340.80 338.24 338.24 338.24
 338.24 339.35 340.46 340.46 340.46 340.46 338.17 335.80 335.80 335.80 335.80 337.41 337.41 337.41 337.41 336.97 337.19 339.47 341.15 339.47 338.38 338.24 338.24 338.24
 337.53 336.10 339.01 340.46 339.01 336.10 335.95 335.80 335.80 335.80 335.80 335.80 337.41 336.97 336.10 336.10 336.10 336.10 336.10 336.10 336.10 336.10 337.53 338.24
 336.10 336.10 336.10 336.10 336.10 336.10 336.10 336.10 335.90 335.80 335.90 336.10 336.10 336.10 336.10 336.10 336.10 336.10 336.10 336.10 336.10 336.10 336.10 336.10
 336.10 336.10 336.10 336.10 336.10 336.10 336.10 336.10 336.10 336.10 336.10 336.10 336.10 336.10 336.10 336.10 336.10 336.10 336.10 336.10 336.10 336.10 336.10 336.10
 336.10 336.10 336.10 336.10 336.10 336.10 336.10 336.10 336.10 336.10 336.10 336.10 336.10 336.10 336.10 336.10 336.10 336.10 336.10 336.10 336.10 336.10 336.10 336.10
 343.26 343.26 343.26 343.26 343.26 343.26 343.26 343.26 343.26 343.26 343.26 343.26 343.26 343.26 343.26 343.26 343.26 343.26 343.26 343.26 343.26 343.26 343.26 343.26
 346.69 343.26 343.26 343.26 343.26 343.26 343.26 343.26 343.26 343.26 343.26 343.26 343.04 342.83 343.04 341.63 343.26 343.26 343.26 343.26 343.26 343.26 343.26 343.26
 350.11 350.11 346.69 343.26 343.26 343.26 343.26 343.26 343.26 343.26 343.26 342.95 342.65 342.65 341.32 340.00 339.94 341.03 342.79 342.66 342.36 342.35 341.72 344.11
 338.10 338.10 338.10 340.90 343.26 343.26 343.26 343.26 341.21 340.19 341.21 341.10 341.00 341.00 340.40 339.94 339.89 339.89 342.32 342.36 342.36 342.04 341.72 339.00
 338.10 338.10 339.72 341.33 341.33 341.97 341.21 340.19 340.19 340.19 340.19 339.34 339.34 339.34 339.34 339.72 339.89 342.32 342.32 342.32 342.36 342.04 341.72 338.74
 337.99 339.26 341.33 341.33 341.33 341.33 340.19 340.19 340.19 340.19 340.19 338.71 338.20 338.64 338.64 338.64 339.89 342.32 342.32 342.32 342.36 340.38 339.20 337.94
 337.94 339.63 341.33 341.33 341.33 341.33 341.33 340.19 340.19 340.19 339.38 337.75 337.75 338.20 338.42 338.53 339.89 342.32 342.32 342.32 340.15 337.94 337.94 337.94
 337.94 339.63 341.33 341.33 341.33 341.33 338.57 335.80 335.80 335.80 335.66 335.53 337.75 337.98 338.20 337.53 337.87 340.16 342.32 340.16 337.98 337.94 337.94 337.94
 337.24 335.85 339.50 341.33 339.50 335.85 335.83 335.80 335.80 335.80 335.66 335.53 335.53 335.53 335.69 335.85 335.85 335.85 335.85 335.85 335.85 335.85 337.24 337.94
 335.85 335.85 335.85 335.85 335.85 335.85 335.85 335.85 335.82 335.80 335.71 335.53 335.64 335.85 335.85 335.85 335.85 335.85 335.85 335.85 335.85 335.85 335.85 335.85
 335.85 335.85 335.85 335.85 335.85 335.85 335.85 335.85 335.85 335.85 335.85 335.85 335.85 335.85 335.85 335.85 335.85 335.85 335.85 335.85 335.85 335.85 335.85 335.85
 335.85 335.85 335.85 335.85 335.85 335.85 335.85 335.85 335.85 335.85 335.85 335.85 335.85 335.85 335.85 335.85 335.85 335.85 335.85 335.85 335.85 335.85 335.85 335.85
 345.27 345.27 345.27 345.27 345.27 345.27 345.27 345.27 345.27 345.27 345.27 345.27 345.27 345.27 345.27 345.27 345.27 345.27 345.27 345.27 345.27 345.27 345.27 345.27
 351.01 351.01 351.01 351.01 351.01 351.01 345.45 341.15 341.50 342.21 343.64 343.64 343.64 343.64 343.64 342.55 342.15 341.74 342.71 342.55 342.55 342.43 342.30 348.65
 351.01 351.01 351.01 351.01 351.01 351.01 344.20 340.79 340.79 340.79 343.70 343.70 343.70 343.70 343.12 342.55 341.74 341.34 342.71 342.55 342.55 342.43 342.30 346.30
 341.60 341.60 341.60 341.38 341.28 341.22 340.79 340.79 340.79 340.79 340.79 342.12 342.12 342.12 341.88 341.74 340.94 340.94 342.71 342.55 342.55 342.43 342.30 341.78
 341.60 341.60 341.38 341.17 341.17 341.17 340.79 340.79 340.79 340.79 340.79 340.53 340.53 340.53 340.53 341.07 340.94 342.71 342.71 342.71 342.55 342.43 342.30 340.81
 339.15 340.37 341.17 341.17 341.17 341.17 340.79 340.79 340.79 340.79 340.79 339.15 338.88 339.95 339.95 339.95 340.94 342.71 342.71 342.71 342.55 340.57 339.38 337.92
 337.92 339.55 341.17 341.17 341.17 341.17 341.17 340.79 340.79 340.79 339.79 337.80 337.80 338.88 339.41 339.68 340.94 342.71 342.71 342.71 340.24 337.92 337.92 337.92
 337.92 339.55 341.17 341.17 341.17 341.17 338.59 336.00 336.00 336.00 336.00 336.00 337.80 338.34 338.88 338.19 338.48 340.48 342.71 340.48 338.06 337.92 337.92 337.92
 337.29 336.02 339.45 341.17 339.45 336.02 336.01 336.00 336.00 336.00 336.00 336.00 336.00 336.00 336.01 336.02 336.02 336.02 336.02 336.02 336.02 336.02 337.29 337.92
 336.02 336.02 336.02 336.02 336.02 336.02 336.02 336.02 336.01 336.00 336.00 336.00 336.00 336.02 336.02 336.02 336.02 336.02 336.02 336.02 336.02 336.02 336.02 336.02
 336.02 336.02 336.02 336.02 336.02 336.02 336.02 336.02 336.02 336.02 336.02 336.02 336.02 336.02 336.02 336.02 336.02 336.02 336.02 336.02 336.02 336.02 336.02 336.02
 336.02 336.02 336.02 336.02 336.02 336.02 336.02 336.02 336.02 336.02 336.02 336.02 336.02 336.02 336.02 336.02 336.02 336.02 336.02 336.02 336.02 336.02 336.02 336.02
 343.78 343.78 343.78 343.78 343.78 343.78 343.78 343.78 343.78 343.78 343.78 343.78 343.78 343.78 343.78 343.78 343.78 343.78 343.78 343.78 343.78 343.78 343.78 343.78
 345.36 343.78 343.78 343.78 343.78 343.78 343.78 343.78 343.78 343.78 343.78 343.78 343.77 343.76 343.77 343.78 343.78 343.78 343.78 343.78 343.78 343.78 343.78 343.78
 346.94 346.94 345.36 343.78 343.78 343.78 343.78 343.78 343.78 343.78 343.78 344.05 344.33 344.33 344.33 342.54 341.02 341.94 343.51 343.99 344.09 343.28 342.13 344.67
 342.40 342.40 342.40 341.92 343.78 343.78 343.78 343.78 342.31 341.57 342.31 342.97 343.06 343.06 342.55 341.02 341.02 341.02 343.24 344.09 344.09 343.11 342.13 342.33
 342.40 342.40 340.99 339.57 339.57 340.97 342.31 341.57 341.57 341.57 341.57 341.80 341.80 341.80 341.80 341.28 341.02 343.24 343.24 343.24 344.09 343.11 342.13 341.34
 339.71 340.16 339.57 339.57 339.57 339.57 341.57 341.57 341.57 341.57 341.57 339.36 338.98 340.43 340.43 340.43 341.02 343.24 343.24 343.24 344.09 341.29 339.62 338.36
 338.36 338.97 339.57 339.57 339.57 339.57 339.57 341.57 341.57 341.57 340.22 337.53 337.53 338.98 339.71 340.07 341.02 343.24 343.24 343.24 341.23 338.36 338.36 338.36
 338.36 338.97 339.57 339.57 339.57 339.57 337.77 335.90 335.90 335.90 335.90 335.90 337.53 338.25 338.98 338.40 338.59 340.88 343.24 340.88 338.58 338.36 338.36 338.36
 337.63 336.16 338.43 339.57 338.43 336.16 336.03 335.90 335.90 335.90 335.90 335.90 335.90 335.90 336.03 336.16 336.16 336.16 336.16 336.16 336.16 336.16 337.63 338.36
 336.16 336.16 336.16 336.16 336.16 336.16 336.16 336.16 335.99 335.90 335.96 335.90 335.99 336.16 336.16 336.16 336.16 336.16 336.16 336.16 336.16 336.16 336.16 336.16
 336.16 336.16 336.16 336.16 336.16 336.16 336.16 336.16 336.16 336.16 336.16 336.16 336.16 336.16 336.16 336.16 336.16 336.16 336.16 336.16 336.16 336.16 336.16 336.16
 336.16 336.16 336.16 336.16 336.16 336.16 336.16 336.16 336.16 336.16 336.16 336.16 336.16 336.16 336.16 336.16 336.16 336.16 336.16 336.16 336.16 336.16 336.16 336.16
 344.20 344.20 344.20 344.20 344.20 344.20 344.20 344.20 344.20 344.20 344.20 344.20 344.20 344.20 344.20 344.20 344.20 344.20 344.20 344.20 344.20 344.20 344.20 344.20
 343.39 344.21 344.21 344.21 344.21 344.21 344.21 344.21 344.21 344.21 344.21 344.21 344.17 344.13 344.17 343.67 344.21 344.21 344.21 344.21 344.21 344.21 344.21 344.21
 342.57 342.57 343.39 344.21 342.20 341.20 342.20 344.21 344.21 344.21 344.21 344.40 344.60 344.60 343.87 343.14 341.67 342.02 343.43 342.76 342.03 342.48 341.79 340.59
 338.60 338.60 338.60 341.20 341.20 341.20 341.20 341.20 342.64 342.58 343.12 343.38 343.44 343.44 342.82 341.67 340.19 340.19 342.65 342.03 342.03 341.91 341.79 339.40
 338.60 338.60 338.44 338.27 341.20 341.20 341.20 341.89 342.58 342.58 342.58 342.28 342.28 342.28 342.28 341.38 340.19 342.65 342.65 342.65 342.03 341.91 341.79 339.24
 338.71 338.53 338.27 338.27 338.27 341.20 341.66 342.58 342.58 342.58 342.58 339.88 338.98 339.87 339.87 339.87 340.19 342.65 342.65 342.65 342.03 340.62 339.78 338.77
 338.77 338.52 338.27 338.27 338.27 338.27 338.27 342.58 342.58 342.58 341.08 338.08 338.08 338.98 339.42 339.65 340.19 342.65 342.65 342.65 340.40 338.77 338.77 338.77
 338.77 338.52 338.27 338.27 338.27 338.27 337.33 336.40 336.40 336.40 336.51 336.63 338.08 338.53 338.98 338.34 338.29 340.56 342.65 340.56 338.52 338.77 338.77 338.77
 337.98 336.39 337.64 338.27 337.64 336.39 336.40 336.40 336.40 336.40 336.51 336.63 336.63 336.63 336.51 336.39 336.39 336.39 336.39 336.39 336.39 336.39 337.98 338.77
 336.39 336.39 336.39 336.39 336.39 336.39 336.39 336.39 336.40 336.40 336.49 336.63 336.55 336.39 336.39 336.39 336.39 336.39 336.39 336.39 336.39 336.39 336.39 336.39
 336.39 336.39 336.39 336.39 336.39 336.39 336.39 336.39 336.39 336.39 336.39 336.39 336.39 336.39 336.39 336.39 336.39 336.39 336.39 336.39 336.39 336.39 336.39 336.39
 336.40 336.40 336.40 336.40 336.40 336.40 336.40 336.40 336.40 336.40 336.40 336.40 336.40 336.40 336.40 336.40 336.40 336.40 336.40 336.40 336.40 336.40 336.40 336.40
 343.31 343.31 343.31 343.31 343.31 343.31 343.31 343.31 343.31 343.31 343.31 343.31 343.31 343.31 343.31 343.31 343.31 343.31 343.31 343.31 343.31 343.31 343.31 343.31
 342.14 343.31 343.31 343.31 343.31 343.31 343.31 343.31 343.31 343.31 343.31 343.31 343.04 342.78 343.04 342.48 343.31 343.31 343.31 343.31 343.31 343.31 343.31 343.31
 340.98 340.98 342.14 343.31 342.77 342.50 342.77 343.31 343.31 343.31 343.31 342.47 341.63 341.63 341.64 341.66 338.39 338.94 342.21 341.36 340.38 341.13 340.43 338.69
 336.40 336.40 336.40 342.50 342.50 342.50 342.50 342.50 342.68 342.45 342.73 341.79 341.51 341.51 340.74 338.39 335.13 335.13 341.12 340.38 340.38 340.40 340.43 337.41
 336.40 336.40 337.36 338.32 342.50 342.50 342.50 342.48 342.45 342.45 342.45 341.40 341.40 341.40 341.40 338.31 335.13 341.12 341.12 341.12 340.38 340.40 340.43 337.91
 338.40 338.00 338.32 338.32 338.32 342.50 342.48 342.45 342.45 342.45 342.45 339.87 338.92 339.58 339.58 339.58 335.13 341.12 341.12 341.12 340.38 339.98 339.74 339.40
 339.40 338.86 338.32 338.32 338.32 338.32 338.32 342.45 342.45 342.45 341.05 338.25 338.25 338.92 339.25 339.41 335.13 341.12 341.12 341.12 339.89 339.40 339.40 339.40
 339.40 338.86 338.32 338.32 338.32 338.32 337.39 336.30 336.30 336.30 336.55 336.80 338.25 338.59 338.92 338.41 336.02 339.72 341.12 339.72 338.73 339.40 339.40 339.40
 338.57 336.91 337.85 338.32 337.85 336.91 336.61 336.30 336.30 336.30 336.55 336.80 336.80 336.80 336.86 336.91 336.91 336.91 336.91 336.91 336.91 336.91 338.57 339.40
 336.91 336.91 336.91 336.91 336.91 336.91 336.91 336.91 336.50 336.30 336.64 336.80 336.84 336.91 336.91 336.91 336.91 336.91 336.91 336.91 336.91 336.91 336.91 336.91
 336.91 336.91 336.91 336.91 336.91 336.91 336.91 336.91 336.91 336.91 336.91 336.91 336.91 336.91 336.91 336.91 336.91 336.91 336.91 336.91 336.91 336.91 336.91 336.91
 336.91 336.91 336.91 336.91 336.91 336.91 336.91 336.91 336.91 336.91 336.91 336.91 336.91 336.91 336.91 336.91 336.91 336.91 336.91 336.91 336.91 336.91 336.91 336.91
 338.61 338.61 338.61 338.61 338.61 338.61 338.61 338.61 338.61 338.61 338.61 338.61 338.61 338.61 338.61 338.61 338.61 338.61 338.61 338.61 338.61 338.61 338.61 338.61
 337.92 338.61 338.61 338.61 338.61 338.61 338.61 338.61 338.61 338.61 338.61 338.61 337.96 337.31 337.96 336.33 338.61 338.61 338.61 338.61 338.61 338.61 338.61 338.61
 337.23 337.23 337.92 338.61 340.67 341.70 340.67 338.61 338.61 338.61 338.61 336.49 334.37 334.37 334.21 334.05 333.71 335.23 339.22 337.98 337.66 337.77 337.33 334.62
 332.00 332.00 332.00 341.70 341.70 341.70 341.70 341.70 340.70 341.25 340.37 337.48 336.77 336.77 335.96 333.71 333.37 333.37 339.82 337.66 337.66 337.50 337.33 333.33
 332.00 332.00 335.24 338.47 341.70 341.70 341.70 341.48 341.25 341.25 341.25 339.17 339.17 339.17 339.17 335.42 333.37 339.82 339.82 339.82 337.66 337.50 337.33 334.92
 337.12 336.67 338.47 338.47 338.47 341.70 341.55 341.25 341.25 341.25 341.25 339.62 339.22 340.07 340.07 340.07 333.37 339.82 339.82 339.82 337.66 338.43 338.90 339.68
 339.68 339.08 338.47 338.47 338.47 338.47 338.47 341.25 341.25 341.25 340.29 338.38 338.38 339.22 339.65 339.86 333.37 339.82 339.82 339.82 338.67 339.68 339.68 339.68
 339.68 339.08 338.47 338.47 338.47 338.47 337.82 337.10 337.10 337.10 337.10 338.38 338.38 338.80 339.22 338.83 335.39 339.02 339.82 339.02 338.59 339.68 339.68 339.68
 338.92 337.41 338.12 338.47 338.12 337.41 337.25 337.10 337.10 337.10 337.10 337.10 338.38 338.19 337.41 337.41 337.41 337.41 337.41 337.41 337.41 337.41 338.92 339.68
 337.41 337.41 337.41 337.41 337.41 337.41 337.41 337.41 337.20 337.10 337.20 337.41 337.41 337.41 337.41 337.41 337.41 337.41 337.41 337.41 337.41 337.41 337.41 337.41
 337.41 337.41 337.41 337.41 337.41 337.41 337.41 337.41 337.41 337.41 337.41 337.41 337.41 337.41 337.41 337.41 337.41 337.41 337.41 337.41 337.41 337.41 337.41 337.41
 337.41 337.41 337.41 337.41 337.41 337.41 337.41 337.41 337.41 337.41 337.41 337.41 337.41 337.41 337.41 337.41 337.41 337.41 337.41 337.41 337.41 337.41 337.41 337.41
 332.38 332.38 332.38 332.38 332.38 332.38 332.38 332.38 332.38 332.38 332.38 332.38 332.38 332.38 332.38 332.38 332.38 332.38 332.38 332.38 332.38 332.38 332.38 332.38
 334.97 332.38 332.38 332.38 332.38 332.38 332.38 332.38 332.38 332.38 332.38 332.38 332.25 332.11 332.25 330.44 332.38 332.38 332.38 332.38 332.38 332.38 332.38 332.38
 337.57 337.57 334.97 332.38 337.19 339.60 337.19 332.38 332.38 332.38 332.38 331.44 330.49 330.49 329.50 328.51 331.06 332.35 335.11 330.19 329.10 331.89 334.35 334.08
 330.60 330.60 330.60 339.60 339.60 339.60 339.60 339.60 337.92 339.85 337.36 334.16 333.84 333.84 332.90 331.06 333.60 333.60 337.84 329.10 329.10 331.73 334.35 331.54
 330.60 330.60 334.52 338.45 339.60 339.60 339.60 339.73 339.85 339.85 339.85 337.19 337.19 337.19 337.19 333.95 333.60 337.84 337.84 337.84 329.10 331.73 334.35 333.57
 336.65 336.19 338.45 338.45 338.45 339.60 339.68 339.85 339.85 339.85 339.85 339.01 338.80 339.22 339.22 339.22 333.60 337.84 337.84 337.84 329.10 334.60 337.90 339.67
 339.67 339.06 338.45 338.45 338.45 338.45 338.45 339.85 339.85 339.85 339.36 338.38 338.38 338.80 339.01 339.12 333.60 337.84 337.84 337.84 334.38 339.67 339.67 339.67
 339.67 339.06 338.45 338.45 338.45 338.45 337.84 337.10 337.10 337.10 337.26 337.42 338.38 338.59 338.80 338.50 335.60 337.76 337.84 337.76 337.22 339.67 339.67 339.67
 338.98 337.60 338.17 338.45 338.17 337.60 337.35 337.10 337.10 337.10 337.26 337.42 337.42 337.42 337.51 337.60 337.60 337.60 337.60 337.60 337.60 337.60 338.98 339.67
 337.60 337.60 337.60 337.60 337.60 337.60 337.60 337.60 337.27 337.10 337.35 337.42 337.48 337.60 337.60 337.60 337.60 337.60 337.60 337.60 337.60 337.60 337.60 337.60
 337.60 337.60 337.60 337.60 337.60 337.60 337.60 337.60 337.60 337.60 337.60 337.60 337.60 337.60 337.60 337.60 337.60 337.60 337.60 337.60 337.60 337.60 337.60 337.60
 337.60 337.60 337.60 337.60 337.60 337.60 337.60 337.60 337.60 337.60 337.60 337.60 337.60 337.60 337.60 337.60 337.60 337.60 337.60 337.60 337.60 337.60 337.60 337.60
 333.21 333.21 333.21 333.21 333.21 333.21 333.21 333.21 333.21 333.21 333.21 333.21 333.21 333.21 333.21 333.21 333.21 333.21 333.21 333.21 333.21 333.21 333.21 333.21
 335.07 333.21 333.21 333.21 333.21 333.21 333.21 333.21 333.21 333.21 333.21 333.21 332.62 332.04 332.62 332.53 333.21 333.21 333.21 333.21 333.21 333.21 333.21 333.21
 336.94 336.94 335.07 333.21 335.74 337.00 335.74 333.21 333.21 333.21 333.21 332.85 332.49 332.49 332.17 331.85 333.00 333.46 334.73 332.69 331.45 332.72 333.66 334.92
 332.90 332.90 332.90 337.00 337.00 337.00 337.00 337.00 336.56 338.02 336.42 334.28 334.16 334.16 333.79 333.00 334.16 334.16 336.25 333.41 331.45 332.56 333.66 333.09
 332.90 332.90 335.75 338.59 337.00 337.00 337.00 337.51 338.02 338.02 338.02 335.83 335.83 335.83 335.83 334.33 334.16 336.25 336.25 335.38 333.41 333.21 333.66 334.66
 337.23 336.93 338.59 338.59 338.59 337.00 337.34 338.02 338.02 338.02 338.02 338.23 338.37 338.45 338.45 338.45 334.16 336.25 336.25 335.38 334.40 336.12 337.48 339.39
 339.39 338.99 338.59 338.59 338.59 338.59 338.59 338.02 338.02 338.02 338.11 338.29 338.29 338.37 338.41 338.43 334.16 336.25 336.25 335.38 336.39 339.39 339.39 339.39
 339.39 338.99 338.59 338.59 338.59 338.59 338.02 337.30 337.30 337.30 337.30 338.29 338.29 338.33 338.37 338.23 336.02 336.79 336.25 335.38 337.26 339.39 339.39 339.39
 338.89 337.88 338.35 338.59 338.35 337.88 337.59 337.30 337.30 337.30 337.30 337.30 338.29 338.17 337.88 337.88 337.88 337.88 337.88 337.88 337.88 337.88 338.89 339.39
 337.88 337.88 337.88 337.88 337.88 337.88 337.88 337.88 337.49 337.30 337.49 337.88 337.88 337.88 337.88 337.88 337.88 337.88 337.88 337.88 337.88 337.88 337.88 337.88
 337.88 337.88 337.88 337.88 337.88 337.88 337.88 337.88 337.88 337.88 337.88 337.88 337.88 337.88 337.88 337.88 337.88 337.88 337.88 337.88 337.88 337.88 337.88 337.88
 337.88 337.88 337.88 337.88 337.88 337.88 337.88 337.88 337.88 337.88 337.88 337.88 337.88 337.88 337.88 337.88 337.88 337.88 337.88 337.88 337.88 337.88 337.88 337.88
 336.80 336.80 336.80 336.80 336.80 336.80 336.80 336.80 336.80 336.80 336.80 336.80 336.80 336.80 336.80 336.80 336.80 336.80 336.80 336.80 336.80 336.80 336.80 336.80
 338.79 336.79 336.79 336.79 336.79 336.79 336.79 336.79 336.79 336.79 336.79 336.79 336.97 337.15 336.97 337.29 336.79 336.79 336.79 336.79 336.79 336.79 336.79 336.79
 340.79 340.79 338.79 336.79 337.86 338.40 337.86 336.79 336.79 336.79 336.79 337.02 337.24 337.24 337.51 337.79 337.23 336.90 337.02 338.50 340.53 337.86 335.89 337.99
 335.20 335.20 335.20 338.40 338.40 338.40 338.40 338.40 337.36 337.12 337.01 336.69 336.76 336.76 336.95 337.23 336.67 336.67 337.24 338.17 340.53 338.21 335.89 335.37
 335.20 335.20 337.03 338.86 338.40 338.40 338.40 337.76 337.12 337.12 337.12 336.28 336.28 336.28 336.28 336.73 336.67 337.24 337.24 335.82 338.17 337.42 335.89 336.27
 337.72 337.68 338.86 338.86 338.86 338.40 337.97 337.12 337.12 337.12 337.12 337.81 338.13 338.09 338.09 338.09 336.67 337.24 337.24 335.82 337.00 337.84 337.95 338.98
 338.98 338.92 338.86 338.86 338.86 338.86 338.86 337.12 337.12 337.12 337.47 338.18 338.18 338.13 338.11 338.10 336.67 337.24 337.24 335.82 337.27 338.98 338.98 338.98
 338.98 338.92 338.86 338.86 338.86 338.86 338.13 337.20 337.20 337.20 337.34 337.48 338.18 338.16 338.13 338.08 337.33 337.49 337.24 335.82 337.51 338.98 338.98 338.98
 338.65 337.99 338.57 338.86 338.57 337.99 337.60 337.20 337.20 337.20 337.34 337.48 337.48 337.48 337.73 337.99 337.99 337.99 337.99 337.99 337.99 337.99 338.65 338.98
 337.99 337.99 337.99 337.99 337.99 337.99 337.99 337.99 337.46 337.20 337.50 337.48 337.65 337.99 337.99 337.99 337.99 337.99 337.99 337.99 337.99 337.99 337.99 337.99
 337.99 337.99 337.99 337.99 337.99 337.99 337.99 337.99 337.99 337.99 337.99 337.99 337.99 337.99 337.99 337.99 337.99 337.99 337.99 337.99 337.99 337.99 337.99 337.99
 337.99 337.99 337.99 337.99 337.99 337.99 337.99 337.99 337.99 337.99 337.99 337.99 337.99 337.99 337.99 337.99 337.99 337.99 337.99 337.99 337.99 337.99 337.99 337.99
 340.31 340.31 340.31 340.31 340.31 340.31 340.31 340.31 340.31 340.31 340.31 340.31 340.31 340.31 340.31 340.31 340.31 340.31 340.31 340.31 340.31 340.31 340.31 340.31
 343.89 340.31 340.31 340.31 340.31 340.31 340.31 340.31 340.31 340.31 340.31 340.31 340.56 340.80 340.56 340.75 340.31 340.31 340.31 340.31 340.31 340.31 340.31 340.31
 347.46 347.46 343.89 340.31 338.84 338.10 338.84 340.31 340.31 340.31 340.31 340.47 340.62 340.62 340.90 341.18 339.51 339.22 339.90 341.50 343.42 340.86 338.66 343.08
 338.70 338.70 338.70 338.10 338.10 338.10 338.10 338.10 338.77 338.34 339.00 339.06 339.11 339.11 339.28 339.51 337.84 337.84 339.49 340.75 343.42 341.04 338.66 338.69
 338.70 338.70 338.93 339.16 338.10 338.10 338.10 338.22 338.34 338.34 338.34 337.59 337.59 337.59 337.59 338.31 337.84 339.49 339.49 338.09 340.75 340.15 338.66 338.70
 338.73 338.88 339.16 339.16 339.16 338.10 338.18 338.34 338.34 338.34 338.34 338.50 338.62 338.70 338.70 338.70 337.84 339.49 339.49 338.09 339.42 339.26 338.71 338.74
 338.74 338.95 339.16 339.16 339.16 339.16 339.16 338.34 338.34 338.34 338.41 338.54 338.54 338.62 338.66 338.68 337.84 339.49 339.49 338.09 338.75 338.74 338.74 338.74
 338.74 338.95 339.16 339.16 339.16 339.16 338.28 337.20 337.20 337.20 337.52 337.85 338.54 338.58 338.62 338.43 337.92 338.99 339.49 338.09 338.39 338.74 338.74 338.74
 338.49 338.00 338.77 339.16 338.77 338.00 337.60 337.20 337.20 337.20 337.52 337.85 337.85 337.85 337.92 338.00 338.00 338.00 338.00 338.00 338.00 338.00 338.49 338.74
 338.00 338.00 338.00 338.00 338.00 338.00 338.00 338.00 337.46 337.20 337.64 337.85 337.90 338.00 338.00 338.00 338.00 338.00 338.00 338.00 338.00 338.00 338.00 338.00
 338.00 338.00 338.00 338.00 338.00 338.00 338.00 338.00 338.00 338.00 338.00 338.00 338.00 338.00 338.00 338.00 338.00 338.00 338.00 338.00 338.00 338.00 338.00 338.00
 337.99 337.99 337.99 337.99 337.99 337.99 337.99 337.99 337.99 337.99 337.99 337.99 337.99 337.99 337.99 337.99 337.99 337.99 337.99 337.99 337.99 337.99 337.99 337.99
 342.67 342.67 342.67 342.67 342.67 342.67 342.67 342.67 342.67 342.67 342.67 342.67 342.67 342.67 342.67 342.67 342.67 342.67 342.67 342.67 342.67 342.67 342.67 342.67
 345.03 342.67 342.67 342.67 342.67 342.67 342.67 342.67 342.67 342.67 342.67 342.67 343.20 343.72 343.20 342.67 342.67 342.67 342.67 342.67 342.67 342.67 342.67 342.67
 347.39 347.39 345.03 342.67 342.76 342.80 342.76 342.67 342.67 342.67 342.67 342.33 341.99 341.99 341.99 341.32 340.31 341.10 341.81 341.90 342.02 341.45 340.08 343.44
 339.50 339.50 339.50 342.80 342.80 342.80 342.80 342.80 340.99 339.24 340.38 340.50 340.38 340.38 340.37 340.31 340.31 340.31 340.95 341.00 342.02 341.05 340.08 339.64
 339.50 339.50 339.63 339.77 342.80 342.80 342.80 341.02 339.24 339.24 339.24 338.78 338.78 338.78 338.78 339.80 340.31 340.95 340.95 339.99 341.00 340.71 340.08 339.43
 339.03 339.40 339.77 339.77 339.77 342.80 341.61 339.24 339.24 339.24 339.24 339.01 338.94 339.02 339.02 339.02 340.31 340.95 340.95 339.99 340.50 339.81 339.23 338.80
 338.80 339.28 339.77 339.77 339.77 339.77 339.77 339.24 339.24 339.24 339.11 338.86 338.86 338.94 338.98 339.00 340.31 340.95 340.95 339.99 339.76 338.80 338.80 338.80
 338.80 339.28 339.77 339.77 339.77 339.77 338.48 336.90 336.90 336.90 337.25 337.60 338.86 338.90 338.94 338.67 339.19 339.99 340.95 339.99 339.16 338.80 338.80 338.80
 338.56 338.07 339.20 339.77 339.20 338.07 337.49 336.90 336.90 336.90 337.25 337.60 337.60 337.60 337.83 338.07 338.07 338.07 338.07 338.07 338.07 338.07 338.56 338.80
 338.07 338.07 338.07 338.07 338.07 338.07 338.07 338.07 337.29 336.90 337.45 337.60 337.75 338.07 338.07 338.07 338.07 338.07 338.07 338.07 338.07 338.07 338.07 338.07
 338.07 338.07 338.07 338.07 338.07 338.07 338.07 338.07 338.07 338.07 338.07 338.07 338.07 338.07 338.07 338.07 338.07 338.07 338.07 338.07 338.07 338.07 338.07 338.07
 338.07 338.07 338.07 338.07 338.07 338.07 338.07 338.07 338.07 338.07 338.07 338.07 338.07 338.07 338.07 338.07 338.07 338.07 338.07 338.07 338.07 338.07 338.07 338.07
