1998 MONTHLY CO2 (PPMV)   24  12  LON/LAT (N-S/0-360E) IN 15 DEGREE RESOLUTION,  GLB ANNUAL MEAN = 365.87,  GROWTH RATE = 2.57,  MISS DATA = -99.99
 369.10 369.10 369.10 369.10 369.10 369.10 369.10 369.10 369.10 369.10 369.10 369.10 369.10 369.10 369.10 369.10 369.10 369.10 369.10 369.10 369.10 369.10 369.10 369.10
 369.79 372.82 369.10 369.10 369.10 369.10 369.10 369.10 369.10 369.10 369.10 369.32 369.27 369.45 369.27 368.49 369.10 369.10 369.74 369.10 368.48 367.87 369.01 369.72
 372.61 379.58 374.28 370.78 370.98 371.91 366.09 369.47 370.63 374.88 369.55 369.55 369.55 369.45 367.89 367.89 367.53 370.38 370.38 368.77 368.07 367.87 368.27 369.20
 368.38 375.21 368.97 368.97 371.91 371.91 366.09 369.47 370.63 374.88 370.99 369.55 366.63 365.56 366.64 367.53 367.17 368.71 370.24 367.15 367.15 366.60 366.60 367.92
 365.76 370.49 368.97 367.61 371.91 371.91 366.09 369.28 369.09 369.15 367.10 366.87 366.63 365.56 365.56 366.76 367.17 368.63 368.63 367.89 365.55 366.28 366.28 365.89
 365.76 368.12 366.24 364.88 364.88 371.91 366.09 368.29 367.30 365.52 366.31 365.43 365.06 365.56 365.56 364.88 364.79 368.63 368.63 365.55 365.55 365.55 366.28 363.09
 363.09 363.26 364.88 364.88 364.88 363.69 364.09 366.28 365.75 365.15 364.94 363.50 363.50 363.50 363.50 362.41 362.41 362.41 368.63 365.55 365.55 364.73 363.09 363.09
 362.44 361.80 363.34 364.88 363.69 362.50 362.50 364.79 364.79 364.79 364.79 362.04 363.50 363.50 362.41 362.41 362.41 362.41 362.41 363.86 365.55 364.46 363.09 363.09
 361.80 361.80 361.80 361.46 362.50 362.50 362.50 362.21 361.91 361.91 361.85 362.04 362.04 362.04 362.20 362.41 362.41 362.41 362.17 361.92 362.67 362.58 362.50 362.44
 361.85 361.80 361.46 361.46 361.89 362.50 362.32 361.95 361.87 361.76 361.60 361.82 361.94 361.95 361.95 361.95 362.18 361.95 361.93 361.92 362.67 362.49 361.95 361.95
 361.95 361.95 361.95 361.91 362.33 362.14 361.95 361.95 361.95 361.95 361.78 361.95 361.95 361.95 361.95 361.95 361.95 361.95 361.94 361.92 362.67 362.31 361.95 361.95
 361.95 361.95 361.95 361.95 361.95 361.95 361.95 361.95 361.95 361.95 361.95 361.95 361.95 361.95 361.95 361.95 361.95 361.95 361.95 361.95 361.95 361.95 361.95 361.95
 369.77 369.77 369.77 369.77 369.77 369.77 369.77 369.77 369.77 369.77 369.77 369.77 369.77 369.77 369.77 369.77 369.77 369.77 369.77 369.77 369.77 369.77 369.77 369.77
 369.56 372.01 369.77 369.77 369.77 369.77 369.77 369.77 369.77 369.77 369.77 370.06 370.39 371.00 370.39 369.49 369.77 369.77 371.06 369.77 369.35 368.93 369.87 370.08
 373.67 376.70 373.14 370.83 371.71 372.67 367.56 370.58 372.35 375.46 370.34 370.34 370.34 371.00 369.21 369.21 368.73 372.35 372.35 370.66 369.47 368.93 368.17 369.23
 368.87 374.78 369.58 369.58 372.67 372.67 367.56 370.58 372.35 375.46 371.75 370.34 366.67 366.65 367.81 368.73 368.26 370.06 371.86 368.96 368.96 365.42 365.42 368.14
 367.20 370.99 369.58 368.24 372.67 372.67 367.56 370.22 369.87 369.94 368.04 367.36 366.67 366.65 366.65 367.88 368.26 368.69 368.69 368.83 366.70 367.12 367.12 367.18
 367.20 369.10 366.89 365.55 365.55 372.67 367.56 369.18 368.14 366.41 367.23 365.72 364.99 366.65 366.65 365.81 365.66 368.69 368.69 366.70 366.70 366.70 367.12 363.21
 363.21 363.68 365.55 365.55 365.55 364.12 364.80 366.54 366.00 365.43 365.10 363.30 363.30 363.30 363.30 363.06 363.06 363.06 368.69 366.70 366.70 365.54 363.21 363.21
 362.75 362.29 363.92 365.55 364.12 362.70 362.70 364.44 364.44 364.44 364.44 362.37 363.30 363.30 363.06 363.06 363.06 363.06 363.06 361.81 366.70 365.15 363.21 363.21
 362.29 362.29 362.29 361.60 362.70 362.70 362.70 362.37 362.04 362.04 362.15 362.37 362.37 362.37 362.66 363.06 363.06 363.06 361.81 361.81 361.88 361.96 362.70 362.75
 362.24 362.29 361.60 361.60 361.85 362.70 362.51 362.14 362.08 362.05 362.05 362.21 362.24 362.14 362.14 362.14 362.60 361.97 361.81 361.81 361.96 362.04 362.14 362.14
 362.14 362.14 362.14 361.94 362.09 362.11 362.14 362.14 362.14 362.14 362.09 362.14 362.14 362.14 362.14 362.14 362.14 362.14 361.99 361.84 362.10 362.12 362.14 362.14
 362.14 362.14 362.14 362.14 362.14 362.14 362.14 362.14 362.14 362.14 362.14 362.14 362.14 362.14 362.14 362.14 362.14 362.14 362.14 362.14 362.14 362.14 362.14 362.14
 369.91 369.91 369.91 369.91 369.91 369.91 369.91 369.91 369.91 369.91 369.91 369.91 369.91 369.91 369.91 369.91 369.91 369.91 369.91 369.91 369.91 369.91 369.91 369.91
 369.75 371.42 369.91 369.91 369.91 369.91 369.91 369.91 369.91 369.91 369.91 370.30 370.36 370.81 370.36 369.33 369.91 369.91 371.38 369.91 369.82 369.72 369.93 370.04
 372.51 374.60 372.56 370.99 371.71 372.61 368.36 371.79 374.41 374.69 370.68 370.68 370.68 370.81 368.74 368.74 368.81 372.85 372.85 371.39 370.22 369.72 368.67 369.28
 370.32 372.65 370.51 370.51 372.61 372.61 368.36 371.79 374.41 374.69 371.99 370.68 367.61 367.89 368.33 368.81 368.88 370.49 372.10 369.94 369.94 366.81 366.81 369.05
 368.31 370.48 370.51 368.87 367.54 372.61 368.36 370.98 370.17 370.33 369.29 368.45 367.61 367.89 367.89 368.53 368.88 369.07 369.07 369.50 367.44 368.30 368.30 368.31
 368.31 369.39 367.91 366.92 367.54 367.54 367.95 369.83 368.68 367.19 368.24 366.61 366.44 368.40 368.40 368.40 365.50 369.07 369.07 367.44 367.44 367.44 368.30 363.12
 363.12 363.99 366.29 366.29 366.92 365.69 365.41 366.72 366.17 365.68 365.34 363.30 363.30 365.85 367.12 362.12 362.12 362.12 369.07 367.44 367.44 366.00 363.12 363.12
 362.84 362.56 364.43 366.29 364.60 362.60 362.60 364.16 364.16 364.16 364.16 362.95 363.30 364.58 362.12 362.12 362.12 362.12 362.12 362.98 367.44 365.52 363.12 363.12
 362.56 362.56 362.56 362.14 362.60 362.60 362.60 362.49 362.39 362.39 362.55 362.95 362.95 362.95 362.37 362.12 362.12 362.12 362.98 362.98 362.87 362.73 362.75 362.84
 362.47 362.56 362.14 362.14 362.06 362.60 362.50 362.30 362.35 362.35 362.31 362.63 362.63 362.30 362.30 362.30 362.21 362.64 362.98 362.98 362.76 362.60 362.30 362.30
 362.30 362.30 362.30 362.14 361.97 362.14 362.30 362.30 362.30 362.30 362.31 362.30 362.30 362.30 362.30 362.30 362.30 362.30 362.21 362.11 362.55 362.43 362.30 362.30
 362.30 362.30 362.30 362.30 362.30 362.30 362.30 362.30 362.30 362.30 362.30 362.30 362.30 362.30 362.30 362.30 362.30 362.30 362.30 362.30 362.30 362.30 362.30 362.30
 369.98 369.98 369.98 369.98 369.98 369.98 369.98 369.98 369.98 369.98 369.98 369.98 369.98 369.98 369.98 369.98 369.98 369.98 369.98 369.98 369.98 369.98 369.98 369.98
 369.73 371.24 369.98 369.98 369.98 369.98 369.98 369.98 369.98 369.98 369.98 370.80 370.56 371.14 370.56 369.70 369.98 369.98 370.38 369.98 369.98 369.97 370.20 370.56
 374.85 374.01 372.40 371.06 371.09 371.65 369.72 372.01 377.57 377.75 371.62 371.62 371.62 371.14 369.41 369.41 369.51 370.78 370.78 370.13 369.89 369.97 369.68 369.99
 369.68 373.34 370.80 370.80 371.65 371.65 369.72 372.01 377.57 377.75 373.18 371.62 369.60 368.95 369.21 369.51 369.61 369.84 370.08 369.48 369.48 368.86 368.86 369.54
 369.04 371.19 370.80 369.55 369.18 371.65 369.72 370.66 369.32 371.06 368.60 369.10 369.60 368.95 368.95 369.36 369.61 369.34 369.34 369.41 368.38 368.70 368.70 368.96
 369.04 370.12 367.94 367.40 369.18 369.18 369.45 369.80 368.94 368.55 368.58 367.01 367.20 368.82 368.82 368.82 365.31 369.34 369.34 368.38 368.38 368.38 368.70 363.21
 363.21 363.94 365.63 365.63 367.40 366.43 366.19 367.31 366.98 366.86 365.94 363.18 363.18 367.64 367.64 363.22 361.01 361.01 369.34 368.38 368.38 366.66 363.21 363.21
 363.10 362.99 364.31 365.63 364.61 362.70 362.70 365.16 365.16 365.16 365.16 363.27 363.53 365.59 364.75 361.01 361.01 361.01 361.01 363.37 368.38 366.08 363.21 363.21
 362.99 362.99 362.99 362.65 362.70 362.70 362.70 362.69 362.68 362.68 362.71 363.00 363.27 364.43 363.19 361.01 361.01 361.01 363.37 363.37 363.33 363.21 362.97 363.10
 362.86 362.99 362.65 362.65 362.48 362.70 362.66 362.59 362.61 362.56 362.44 362.72 362.86 362.59 362.59 362.59 361.80 362.98 363.37 363.37 363.29 363.10 362.59 362.59
 362.59 362.59 362.59 362.52 362.31 362.45 362.59 362.59 362.59 362.59 362.52 362.59 362.59 362.59 362.59 362.59 362.59 362.59 362.61 362.62 363.21 362.90 362.59 362.59
 362.59 362.59 362.59 362.59 362.59 362.59 362.59 362.59 362.59 362.59 362.59 362.59 362.59 362.59 362.59 362.59 362.59 362.59 362.59 362.59 362.59 362.59 362.59 362.59
 370.66 370.66 370.66 370.66 370.66 370.66 370.66 370.66 370.66 370.66 370.66 370.66 370.66 370.66 370.66 370.66 370.66 370.66 370.66 370.66 370.66 370.66 370.66 370.66
 370.12 370.72 370.66 370.66 370.66 370.66 370.66 370.66 370.66 370.66 370.66 371.20 371.11 371.55 371.11 370.26 370.66 370.66 369.29 370.66 370.15 369.64 369.98 370.14
 371.63 371.37 369.43 369.19 368.72 367.75 369.62 369.47 373.88 375.61 371.74 371.74 371.74 371.55 369.86 369.86 369.09 367.91 367.91 368.03 368.99 369.64 369.09 368.98
 366.61 373.82 367.48 367.48 367.75 367.75 369.62 369.47 373.88 375.61 372.65 371.74 370.30 369.41 369.44 369.09 368.31 369.34 370.36 368.15 368.15 368.31 368.31 368.18
 369.59 371.70 367.48 367.12 367.44 367.75 369.62 369.70 369.94 371.13 369.70 370.00 370.30 369.41 369.41 368.94 368.31 369.04 369.04 368.60 369.11 368.80 368.80 369.39
 369.59 370.65 366.10 366.09 367.44 367.44 368.53 369.65 369.60 369.27 369.49 367.66 367.15 368.55 368.55 366.56 365.03 369.04 369.04 369.11 369.11 369.11 368.80 364.77
 364.77 364.32 364.73 364.73 366.09 365.54 365.72 367.43 367.38 367.26 366.50 364.01 364.01 367.69 367.69 363.73 361.75 361.75 369.04 369.11 369.11 367.66 364.77 364.77
 364.11 363.45 364.09 364.73 364.25 363.10 363.10 365.26 365.26 365.26 365.26 363.36 363.72 365.70 365.05 361.75 361.75 361.75 361.75 363.07 369.11 367.18 364.77 364.77
 363.45 363.45 363.45 362.93 363.10 363.10 363.10 363.06 363.02 363.02 362.99 363.00 363.36 364.53 363.57 361.75 361.75 361.75 363.07 363.07 363.16 363.20 363.95 364.11
 363.29 363.45 362.93 362.93 362.88 363.10 363.05 362.96 362.99 362.98 362.94 362.97 363.10 362.96 362.96 362.96 362.36 363.02 363.07 363.07 363.25 363.23 362.96 362.96
 362.96 362.96 362.96 362.91 362.84 362.90 362.96 362.96 362.96 362.96 362.95 362.96 362.96 362.96 362.96 362.96 362.96 362.96 363.08 363.20 363.44 363.20 362.96 362.96
 362.96 362.96 362.96 362.96 362.96 362.96 362.96 362.96 362.96 362.96 362.96 362.96 362.96 362.96 362.96 362.96 362.96 362.96 362.96 362.96 362.96 362.96 362.96 362.96
 368.56 368.56 368.56 368.56 368.56 368.56 368.56 368.56 368.56 368.56 368.56 368.56 368.56 368.56 368.56 368.56 368.56 368.56 368.56 368.56 368.56 368.56 368.56 368.56
 368.41 368.59 368.56 368.56 368.56 368.56 368.56 368.56 368.56 368.56 368.56 368.06 369.19 369.81 369.19 367.89 368.56 368.56 367.68 368.56 367.82 367.08 368.82 368.47
 371.30 368.79 366.42 366.34 364.75 362.84 363.15 364.91 371.40 374.20 367.56 367.56 367.56 369.81 367.23 367.23 366.94 366.81 366.81 366.71 367.05 367.08 367.35 366.86
 366.37 367.27 364.05 364.05 362.84 362.84 363.15 364.91 371.40 374.20 371.51 367.56 367.20 368.52 367.80 366.94 366.65 367.88 369.10 366.61 366.61 366.37 366.37 366.91
 368.63 367.95 364.05 364.85 365.96 362.84 363.15 367.22 369.52 370.27 368.81 368.00 367.20 368.52 368.52 367.37 366.65 368.66 368.66 367.63 368.35 367.90 367.90 368.45
 368.63 368.29 364.71 365.35 365.96 365.96 364.55 368.13 369.04 368.56 368.69 366.91 366.33 367.17 367.17 367.17 364.57 368.66 368.66 368.35 368.35 368.35 367.90 366.12
 366.12 364.92 364.74 364.74 365.35 364.97 364.38 366.88 367.13 366.97 366.41 364.62 364.62 367.46 367.46 364.14 362.48 362.48 368.66 368.35 368.35 367.61 366.12 366.12
 365.00 363.89 364.31 364.74 364.32 363.60 363.60 365.38 365.38 365.38 365.38 363.53 363.80 365.63 365.19 362.48 362.48 362.48 362.48 363.87 368.35 367.36 366.12 366.12
 363.89 363.89 363.89 363.35 363.60 363.60 363.60 363.53 363.45 363.45 363.40 363.27 363.53 364.58 363.92 362.48 362.48 362.48 363.87 363.87 363.94 363.91 364.86 365.00
 363.74 363.89 363.35 363.35 363.35 363.60 363.55 363.44 363.45 363.46 363.47 363.37 363.45 363.44 363.44 363.44 362.96 363.65 363.87 363.87 364.00 363.89 363.44 363.44
 363.44 363.44 363.44 363.38 363.35 363.39 363.44 363.44 363.44 363.44 363.45 363.44 363.44 363.44 363.44 363.44 363.44 363.44 363.66 363.89 364.13 363.78 363.44 363.44
 363.44 363.44 363.44 363.44 363.44 363.44 363.44 363.44 363.44 363.44 363.44 363.44 363.44 363.44 363.44 363.44 363.44 363.44 363.44 363.44 363.44 363.44 363.44 363.44
 361.68 361.68 361.68 361.68 361.68 361.68 361.68 361.68 361.68 361.68 361.68 361.68 361.68 361.68 361.68 361.68 361.68 361.68 361.68 361.68 361.68 361.68 361.68 361.68
 362.37 363.27 361.68 361.68 361.68 361.68 361.68 361.68 361.68 361.68 361.68 361.03 361.50 361.33 361.50 362.06 361.68 361.68 361.00 361.68 362.30 362.93 364.85 363.08
 368.98 365.76 364.61 363.25 361.60 361.56 359.58 359.09 367.10 372.37 360.39 360.39 360.39 361.33 362.44 362.44 363.63 360.33 360.33 362.52 363.11 362.93 363.20 361.35
 364.37 361.92 363.46 363.46 361.56 361.56 359.58 359.09 367.10 372.37 369.91 360.39 364.04 367.05 365.04 363.63 364.82 365.56 366.31 364.70 364.70 363.41 363.41 363.47
 365.99 363.96 363.46 364.78 366.37 361.56 359.58 363.72 368.35 368.89 367.46 365.75 364.04 367.05 367.05 365.17 364.82 367.38 367.38 366.04 365.99 366.20 366.20 366.04
 365.99 365.55 364.87 365.84 366.37 366.37 362.98 365.79 367.86 367.38 367.42 365.79 365.23 366.87 366.87 366.87 364.18 367.38 367.38 365.99 365.99 365.99 366.20 365.83
 365.83 366.71 365.30 365.30 365.84 365.47 364.21 365.88 366.52 366.36 365.97 364.77 364.77 367.05 367.05 364.71 363.54 363.54 367.38 365.99 365.99 365.94 365.83 365.83
 366.71 366.71 366.71 365.30 364.88 364.20 364.20 365.33 365.33 365.33 365.33 364.11 364.10 365.58 365.39 363.54 363.54 363.54 363.54 364.58 365.99 365.92 365.83 365.83
 364.08 364.08 364.08 364.12 364.20 364.20 364.20 364.08 363.96 363.96 363.99 364.12 364.11 364.84 364.44 363.54 363.54 363.54 364.58 364.58 364.53 364.42 364.92 364.95
 364.04 364.08 364.12 364.12 364.03 364.20 364.12 363.97 363.95 363.92 363.88 364.00 364.03 363.97 363.97 363.97 363.75 364.27 364.58 364.58 364.48 364.32 363.97 363.97
 363.97 363.97 363.97 364.01 363.94 363.95 363.97 363.97 363.97 363.97 363.92 363.97 363.97 363.97 363.97 363.97 363.97 363.97 364.18 364.39 364.37 364.17 363.97 363.97
 363.97 363.97 363.97 363.97 363.97 363.97 363.97 363.97 363.97 363.97 363.97 363.97 363.97 363.97 363.97 363.97 363.97 363.97 363.97 363.97 363.97 363.97 363.97 363.97
 356.64 356.64 356.64 356.64 356.64 356.64 356.64 356.64 356.64 356.64 356.64 356.64 356.64 356.64 356.64 356.64 356.64 356.64 356.64 356.64 356.64 356.64 356.64 356.64
 357.90 360.14 356.64 356.64 356.64 356.64 356.64 356.64 356.64 356.64 356.64 356.41 356.75 356.86 356.75 357.55 356.64 356.64 356.41 356.64 356.64 357.91 359.17 358.84
 367.32 365.86 364.39 361.32 361.12 363.35 361.16 357.19 360.04 371.36 356.18 356.18 356.18 356.86 358.45 358.45 360.09 356.18 356.18 359.25 359.41 358.84 358.84 357.59
 364.24 360.36 362.92 362.92 363.35 363.35 361.16 357.19 360.04 371.36 368.38 356.18 364.03 365.16 362.21 360.09 361.73 363.39 365.05 362.33 362.33 359.76 359.76 361.20
 363.82 362.09 362.92 364.38 365.80 363.35 361.16 361.68 366.18 367.27 365.41 364.72 364.03 365.16 365.16 362.32 361.73 365.35 365.35 363.84 364.50 364.38 364.38 363.96
 363.82 364.14 364.90 365.86 365.80 365.80 363.48 363.92 366.15 366.13 365.77 365.13 365.09 366.29 366.29 366.29 363.09 365.35 365.35 364.50 364.50 364.50 364.38 365.91
 365.91 366.51 365.92 365.92 365.86 365.42 364.50 364.76 365.50 365.50 365.27 364.95 364.95 366.58 366.58 365.16 364.45 364.45 365.35 364.50 364.50 364.97 365.91 365.91
 366.51 366.51 366.51 365.92 365.25 364.60 364.60 364.86 364.86 364.86 364.86 364.74 365.05 365.81 365.62 364.45 364.45 364.45 364.45 364.64 364.50 365.13 365.91 365.91
 364.52 364.52 364.52 364.75 364.60 364.60 364.60 364.60 364.60 364.60 364.49 364.43 364.74 365.28 364.97 364.45 364.45 364.45 364.64 364.64 364.68 364.69 365.22 365.22
 364.52 364.52 364.75 364.75 364.62 364.60 364.58 364.53 364.55 364.52 364.44 364.44 364.57 364.53 364.53 364.53 364.49 364.58 364.64 364.64 364.73 364.70 364.53 364.53
 364.53 364.53 364.53 364.59 364.50 364.51 364.53 364.53 364.53 364.53 364.49 364.53 364.53 364.53 364.53 364.53 364.53 364.53 364.65 364.78 364.81 364.67 364.53 364.53
 364.53 364.53 364.53 364.53 364.53 364.53 364.53 364.53 364.53 364.53 364.53 364.53 364.53 364.53 364.53 364.53 364.53 364.53 364.53 364.53 364.53 364.53 364.53 364.53
 358.85 358.85 358.85 358.85 358.85 358.85 358.85 358.85 358.85 358.85 358.85 358.85 358.85 358.85 358.85 358.85 358.85 358.85 358.85 358.85 358.85 358.85 358.85 358.85
 360.07 362.86 358.85 358.85 358.85 358.85 358.85 358.85 358.85 358.85 358.85 359.61 359.53 360.22 359.53 359.43 358.85 358.85 361.43 358.85 358.85 359.16 359.46 361.38
 373.39 369.65 367.31 363.71 362.85 364.85 364.14 361.75 361.35 370.79 360.36 360.36 360.36 360.22 360.00 360.00 361.16 364.00 364.00 362.74 361.02 360.01 360.13 360.16
 363.94 365.92 364.98 364.98 364.85 364.85 364.14 361.75 361.35 370.79 367.37 360.36 363.44 363.14 361.86 361.16 362.32 363.53 364.73 361.47 361.47 360.76 360.76 362.03
 363.21 364.56 364.98 365.31 365.60 364.85 364.14 362.61 363.48 365.65 363.95 363.69 363.44 363.14 363.14 362.21 362.32 363.74 363.74 362.61 363.81 363.65 363.65 363.32
 363.21 364.20 365.48 365.69 365.60 365.60 364.87 363.27 363.93 364.38 364.16 364.49 364.92 366.14 366.14 366.14 363.36 363.74 363.74 363.81 363.81 363.81 363.65 366.37
 366.37 364.82 365.78 365.78 365.69 365.36 365.01 364.73 365.00 365.15 365.11 365.18 365.18 366.24 366.24 365.01 364.40 364.40 363.74 363.81 363.81 364.66 366.37 366.37
 364.82 364.82 364.82 365.78 365.27 364.80 364.80 365.93 365.93 365.93 365.93 364.88 364.90 365.57 365.40 364.40 364.40 364.40 364.40 364.72 363.81 364.95 366.37 366.37
 364.62 364.62 364.62 365.05 364.80 364.80 364.80 364.87 364.95 364.95 364.87 364.87 364.88 365.23 364.97 364.40 364.40 364.40 364.72 364.72 364.79 364.84 365.58 365.50
 364.70 364.62 365.05 365.05 364.91 364.80 364.82 364.87 364.90 364.87 364.80 364.84 364.86 364.87 364.87 364.87 364.63 364.79 364.72 364.72 364.86 364.89 364.87 364.87
 364.87 364.87 364.87 364.90 364.78 364.82 364.87 364.87 364.87 364.87 364.83 364.87 364.87 364.87 364.87 364.87 364.87 364.87 364.99 365.12 364.99 364.93 364.87 364.87
 364.87 364.87 364.87 364.87 364.87 364.87 364.87 364.87 364.87 364.87 364.87 364.87 364.87 364.87 364.87 364.87 364.87 364.87 364.87 364.87 364.87 364.87 364.87 364.87
 363.89 363.89 363.89 363.89 363.89 363.89 363.89 363.89 363.89 363.89 363.89 363.89 363.89 363.89 363.89 363.89 363.89 363.89 363.89 363.89 363.89 363.89 363.89 363.89
 364.81 368.12 363.89 363.89 363.89 363.89 363.89 363.89 363.89 363.89 363.89 365.40 364.52 365.15 364.52 364.80 363.89 363.89 366.50 363.89 363.89 364.05 364.21 365.51
 371.92 375.64 372.36 368.45 366.82 368.29 365.43 369.66 371.69 376.70 366.91 366.91 366.91 365.15 365.71 365.71 365.85 369.11 369.11 366.89 365.15 364.47 364.71 365.26
 366.85 373.47 369.08 369.08 368.29 368.29 365.43 369.66 371.69 376.70 370.63 366.91 364.41 364.19 364.99 365.85 365.99 368.21 370.43 364.67 364.67 364.66 364.66 365.53
 364.31 368.89 369.08 367.30 365.57 368.29 365.43 368.06 366.45 367.99 364.56 364.49 364.41 364.19 364.19 365.34 365.99 366.22 366.22 365.45 363.57 364.23 364.23 364.29
 364.31 366.07 366.63 365.46 365.57 365.57 365.50 366.71 365.36 364.26 364.41 364.92 365.42 366.50 366.50 366.50 365.24 366.22 366.22 363.57 363.57 363.57 364.23 366.22
 366.22 365.00 365.35 365.35 365.46 365.18 365.06 366.60 366.03 365.66 365.62 365.35 365.35 366.26 366.26 365.07 364.48 364.48 366.22 363.57 363.57 364.45 366.22 366.22
 365.00 365.00 365.00 365.35 364.95 364.50 364.50 367.07 367.07 367.07 367.07 365.47 365.47 365.87 365.54 364.48 364.48 364.48 364.48 364.88 363.57 364.75 366.22 366.22
 364.73 364.73 364.73 365.04 364.50 364.50 364.50 364.73 364.95 364.95 364.89 365.16 365.47 365.67 365.16 364.48 364.48 364.48 364.88 364.88 365.02 365.10 365.56 365.48
 364.81 364.73 365.04 365.04 364.92 364.50 364.66 364.97 364.94 364.89 364.83 364.83 365.09 364.97 364.97 364.97 364.73 364.93 364.88 364.88 365.16 365.18 364.97 364.97
 364.97 364.97 364.97 364.94 364.80 364.89 364.97 364.97 364.97 364.97 364.90 364.97 364.97 364.97 364.97 364.97 364.97 364.97 365.07 365.16 365.44 365.21 364.97 364.97
 364.97 364.97 364.97 364.97 364.97 364.97 364.97 364.97 364.97 364.97 364.97 364.97 364.97 364.97 364.97 364.97 364.97 364.97 364.97 364.97 364.97 364.97 364.97 364.97
 368.36 368.36 368.36 368.36 368.36 368.36 368.36 368.36 368.36 368.36 368.36 368.36 368.36 368.36 368.36 368.36 368.36 368.36 368.36 368.36 368.36 368.36 368.36 368.36
 367.99 372.85 368.36 368.36 368.36 368.36 368.36 368.36 368.36 368.36 368.36 369.19 368.61 368.86 368.61 368.75 368.36 368.36 369.70 368.36 368.36 368.13 367.90 369.92
 382.53 382.21 376.52 371.90 370.00 370.82 366.49 372.32 373.42 378.06 370.02 370.02 370.02 368.86 369.15 369.15 368.69 371.05 371.05 369.62 368.72 367.85 367.86 368.10
 369.22 380.12 370.83 370.83 370.82 370.82 366.49 372.32 373.42 378.06 372.01 370.02 367.10 365.79 367.35 368.69 368.22 372.43 376.63 368.19 368.19 367.57 367.57 368.04
 366.00 373.06 370.83 367.99 364.96 370.82 366.49 370.31 368.30 369.45 365.96 366.53 367.10 365.79 365.79 367.57 368.22 368.35 368.35 368.27 365.05 366.40 366.40 366.10
 366.00 368.25 367.30 365.35 364.96 364.96 365.73 368.60 366.88 365.47 365.72 366.13 366.41 366.27 366.27 366.27 366.39 368.35 368.35 365.05 365.05 365.05 366.40 366.31
 366.31 365.68 365.73 365.73 365.35 364.94 365.05 367.33 366.61 366.13 366.13 365.86 365.86 366.79 366.79 365.30 364.56 364.56 368.35 365.05 365.05 365.47 366.31 366.31
 365.68 365.68 365.68 365.73 365.02 364.50 364.50 366.80 366.80 366.80 366.80 365.14 365.55 366.17 365.84 364.56 364.56 364.56 364.56 364.65 365.05 365.61 366.31 366.31
 364.69 364.69 364.69 364.91 364.50 364.50 364.50 364.67 364.85 364.85 364.79 364.74 365.14 365.66 365.27 364.56 364.56 364.56 364.65 364.65 364.74 364.83 365.61 365.50
 364.80 364.69 364.91 364.91 364.89 364.50 364.67 365.01 364.89 364.81 364.77 364.75 364.97 365.01 365.01 365.01 364.78 364.83 364.65 364.65 364.83 364.92 365.01 365.01
 365.01 365.01 365.01 364.93 364.87 364.94 365.01 365.01 365.01 365.01 364.89 365.01 365.01 365.01 365.01 365.01 365.01 365.01 365.01 365.02 365.01 365.01 365.01 365.01
 365.01 365.01 365.01 365.01 365.01 365.01 365.01 365.01 365.01 365.01 365.01 365.01 365.01 365.01 365.01 365.01 365.01 365.01 365.01 365.01 365.01 365.01 365.01 365.01
 371.10 371.10 371.10 371.10 371.10 371.10 371.10 371.10 371.10 371.10 371.10 371.10 371.10 371.10 371.10 371.10 371.10 371.10 371.10 371.10 371.10 371.10 371.10 371.10
 370.53 376.20 371.10 371.10 371.10 371.10 371.10 371.10 371.10 371.10 371.10 371.19 371.93 372.77 371.93 370.49 371.10 371.10 372.35 371.10 371.10 370.62 370.15 371.65
 380.07 386.97 379.47 374.18 372.29 372.88 368.05 372.29 373.19 380.06 371.29 371.29 371.29 372.77 369.89 369.89 369.77 373.60 373.60 371.13 370.30 369.87 369.74 369.85
 370.37 386.90 371.98 371.98 372.88 372.88 368.05 372.29 373.19 380.06 374.02 371.29 368.34 367.34 368.59 369.77 369.64 373.36 377.08 368.67 368.67 369.23 369.23 369.51
 367.40 377.15 371.98 368.72 365.23 372.88 368.05 371.10 369.91 371.14 367.98 368.16 368.34 367.34 367.34 368.92 369.64 368.33 368.33 368.50 367.28 368.83 368.83 367.76
 367.40 369.97 367.95 365.70 365.23 365.23 366.64 369.68 368.25 366.59 367.28 367.24 367.21 367.00 367.00 367.00 367.32 368.33 368.33 367.28 367.28 367.28 368.83 366.04
 366.04 365.37 366.17 366.17 365.70 365.28 365.61 367.66 367.00 366.45 366.59 366.29 366.29 367.73 367.73 365.91 365.00 365.00 368.33 367.28 367.28 366.87 366.04 366.04
 365.37 365.37 365.37 366.17 365.42 364.90 364.90 366.31 366.31 366.31 366.31 365.11 365.84 366.78 366.50 365.00 365.00 365.00 365.00 364.10 367.28 366.73 366.04 366.04
 364.60 364.60 364.60 364.82 364.90 364.90 364.90 364.83 364.76 364.76 364.55 364.37 365.11 365.94 365.60 365.00 365.00 365.00 364.10 364.10 364.23 364.40 365.44 365.32
 364.72 364.60 364.82 364.82 364.90 364.90 364.92 364.95 364.78 364.64 364.52 364.44 364.83 364.95 364.95 364.95 364.98 364.53 364.10 364.10 364.36 364.57 364.95 364.95
 364.95 364.95 364.95 364.92 364.98 364.97 364.95 364.95 364.95 364.95 364.74 364.95 364.95 364.95 364.95 364.95 364.95 364.95 364.90 364.85 364.62 364.79 364.95 364.95
 364.95 364.95 364.95 364.95 364.95 364.95 364.95 364.95 364.95 364.95 364.95 364.95 364.95 364.95 364.95 364.95 364.95 364.95 364.95 364.95 364.95 364.95 364.95 364.95
