1982 MONTHLY CO2 (PPMV)   24  12  LON/LAT (N-S/0-360E) IN 15 DEGREE RESOLUTION,  GLB ANNUAL MEAN = 341.24,  GROWTH RATE = 1.12,  MISS DATA = -99.99
 345.77 345.77 345.77 345.77 345.77 345.77 345.77 345.77 345.77 345.77 345.77 345.77 345.77 345.77 345.77 345.77 345.77 345.77 345.77 345.77 345.77 345.77 345.77 345.77
 344.47 351.66 345.77 345.77 345.77 345.77 345.77 345.77 345.77 345.77 345.77 345.77 345.53 345.29 345.53 344.62 345.77 345.77 345.77 345.77 345.77 345.77 345.77 346.26
 349.01 364.74 364.74 355.26 345.62 345.55 345.62 345.77 345.77 345.77 345.77 345.63 345.48 345.48 344.47 343.46 343.29 344.06 344.22 346.70 348.87 345.53 342.03 345.15
 341.30 353.02 358.88 345.55 345.55 345.55 345.55 345.55 343.55 341.44 342.88 343.42 343.37 343.37 343.10 343.29 343.12 343.12 342.66 345.46 348.87 345.45 342.03 341.48
 341.30 347.16 347.10 341.17 345.55 345.55 345.55 343.50 341.44 341.44 341.44 341.26 341.26 341.26 341.26 342.56 343.12 342.66 342.66 342.04 345.46 344.31 342.03 341.03
 340.23 342.25 341.17 341.17 341.17 345.55 344.18 341.44 341.44 341.44 341.44 340.73 340.38 341.26 341.26 342.31 343.12 342.66 342.66 342.04 343.75 342.05 340.47 339.69
 339.69 340.43 341.17 341.17 341.17 340.59 340.29 341.44 341.44 341.44 341.09 340.38 340.38 340.38 340.38 340.38 343.12 342.66 342.66 342.04 341.83 339.69 339.69 339.69
 339.69 340.43 341.17 341.17 340.59 340.00 340.00 338.75 337.50 337.50 338.13 338.77 340.38 340.38 340.38 339.89 341.03 341.42 342.66 340.17 340.02 339.69 339.69 339.69
 339.44 338.93 340.23 340.59 340.00 340.00 340.00 338.75 337.50 337.50 338.13 338.77 338.77 338.77 338.85 338.93 338.93 338.93 338.38 338.30 338.38 338.93 339.44 339.69
 338.93 338.93 338.93 338.93 339.64 340.00 339.64 338.93 337.98 337.50 338.33 338.77 338.82 338.93 338.93 338.93 338.93 338.93 338.46 338.30 338.46 338.93 338.93 338.93
 338.93 338.93 338.93 338.93 338.93 338.93 338.93 338.93 338.93 338.93 338.93 338.93 338.93 338.93 338.93 338.93 338.93 338.93 338.62 338.30 338.62 338.93 338.93 338.93
 338.93 338.93 338.93 338.93 338.93 338.93 338.93 338.93 338.93 338.93 338.93 338.93 338.93 338.93 338.93 338.93 338.93 338.93 338.93 338.93 338.93 338.93 338.93 338.93
 347.47 347.47 347.47 347.47 347.47 347.47 347.47 347.47 347.47 347.47 347.47 347.47 347.47 347.47 347.47 347.47 347.47 347.47 347.47 347.47 347.47 347.47 347.47 347.47
 345.33 346.40 347.47 347.47 347.47 347.47 347.47 347.47 347.47 347.47 347.47 347.47 347.51 347.55 347.51 346.24 347.47 347.47 347.47 347.47 347.47 347.47 347.47 347.50
 349.73 349.73 348.60 347.47 348.20 348.57 348.20 347.47 347.47 347.47 347.47 346.88 346.30 346.30 345.65 345.00 344.35 345.17 345.56 346.51 347.06 345.72 343.21 346.87
 344.00 344.00 344.00 348.57 348.57 348.57 348.57 348.57 345.49 342.96 344.46 344.33 344.13 344.13 344.02 344.35 343.69 343.69 343.64 345.01 347.06 345.13 343.21 343.80
 344.00 344.00 343.13 342.27 348.57 348.57 348.57 345.76 342.96 342.96 342.96 341.96 341.96 341.96 341.96 343.33 343.69 343.64 343.64 342.96 345.01 344.45 343.21 342.78
 341.14 342.10 342.27 342.27 342.27 348.57 346.70 342.96 342.96 342.96 342.96 341.55 341.15 341.78 341.78 341.78 343.69 343.64 343.64 342.96 343.99 342.26 340.88 339.71
 339.71 340.99 342.27 342.27 342.27 340.88 340.19 342.96 342.96 342.96 342.15 340.53 340.53 341.15 341.47 341.62 343.69 343.64 343.64 342.96 342.22 339.71 339.71 339.71
 339.71 340.99 342.27 342.27 340.88 339.50 339.50 338.40 337.30 337.30 337.99 338.67 340.53 340.84 341.15 340.52 341.24 342.02 343.64 340.58 340.20 339.71 339.71 339.71
 339.40 338.78 340.65 340.88 339.50 339.50 339.50 338.40 337.30 337.30 337.99 338.67 338.67 338.67 338.73 338.78 338.78 338.78 338.28 338.21 338.28 338.78 339.40 339.71
 338.78 338.78 338.78 338.78 339.26 339.50 339.26 338.78 337.79 337.30 338.18 338.67 338.71 338.78 338.78 338.78 338.78 338.78 338.35 338.21 338.35 338.78 338.78 338.78
 338.78 338.78 338.78 338.78 338.78 338.78 338.78 338.78 338.78 338.78 338.78 338.78 338.78 338.78 338.78 338.78 338.78 338.78 338.50 338.21 338.50 338.78 338.78 338.78
 338.78 338.78 338.78 338.78 338.78 338.78 338.78 338.78 338.78 338.78 338.78 338.78 338.78 338.78 338.78 338.78 338.78 338.78 338.78 338.78 338.78 338.78 338.78 338.78
 347.58 347.58 347.58 347.58 347.58 347.58 347.58 347.58 347.58 347.58 347.58 347.58 347.58 347.58 347.58 347.58 347.58 347.58 347.58 347.58 347.58 347.58 347.58 347.58
 345.91 346.75 347.58 347.58 347.58 347.58 347.58 347.58 347.58 347.58 347.58 347.58 347.65 347.72 347.65 347.58 347.58 347.58 347.58 347.58 347.58 347.58 347.58 347.07
 347.20 347.20 347.39 347.58 348.87 349.51 348.87 347.58 347.58 347.58 347.58 347.31 347.04 347.04 347.04 344.55 344.30 345.40 345.90 346.52 346.94 346.39 345.04 346.45
 345.70 345.70 345.70 349.51 349.51 349.51 349.51 349.51 345.88 343.22 344.68 345.12 345.03 345.03 344.55 344.55 344.30 344.30 344.22 345.04 346.94 345.99 345.04 345.53
 345.70 345.70 344.05 342.40 349.51 349.51 349.51 346.37 343.22 343.22 343.22 343.02 343.02 343.02 343.02 344.55 344.30 344.22 344.22 343.15 345.04 345.36 345.04 344.09
 341.75 342.73 342.40 342.40 342.40 349.51 347.41 343.22 343.22 343.22 343.22 341.62 341.25 342.11 342.11 343.33 344.30 344.22 344.22 343.15 344.10 342.69 341.53 339.77
 339.77 341.08 342.40 342.40 342.40 340.81 340.02 343.22 343.22 343.22 342.27 340.38 340.38 341.25 341.68 342.50 344.30 344.22 344.22 343.15 342.34 339.77 339.77 339.77
 339.77 341.08 342.40 342.40 340.81 339.23 339.23 338.31 337.40 337.40 338.06 338.72 340.38 340.81 341.25 340.80 341.48 342.37 344.22 340.73 340.29 339.77 339.77 339.77
 339.40 338.66 340.62 340.81 339.23 339.23 339.23 338.31 337.40 337.40 338.06 338.72 338.72 338.72 338.69 338.66 338.66 338.66 338.35 338.30 338.35 338.66 339.40 339.77
 338.66 338.66 338.66 338.66 339.04 339.23 339.04 338.66 337.82 337.40 338.21 338.72 338.70 338.66 338.66 338.66 338.66 338.66 338.39 338.30 338.39 338.66 338.66 338.66
 338.66 338.66 338.66 338.66 338.66 338.66 338.66 338.66 338.66 338.66 338.66 338.66 338.66 338.66 338.66 338.66 338.66 338.66 338.48 338.30 338.48 338.66 338.66 338.66
 338.66 338.66 338.66 338.66 338.66 338.66 338.66 338.66 338.66 338.66 338.66 338.66 338.66 338.66 338.66 338.66 338.66 338.66 338.66 338.66 338.66 338.66 338.66 338.66
 347.81 347.81 347.81 347.81 347.81 347.81 347.81 347.81 347.81 347.81 347.81 347.81 347.81 347.81 347.81 347.81 347.81 347.81 347.81 347.81 347.81 347.81 347.81 347.81
 345.73 349.62 347.81 347.81 347.81 347.81 347.81 347.81 347.81 347.81 347.81 347.81 347.72 347.62 347.72 346.75 347.81 347.81 347.81 347.81 347.81 347.81 347.81 346.91
 346.30 355.33 355.33 351.57 347.99 348.08 347.99 347.81 347.81 347.81 347.81 347.82 347.83 347.83 346.76 345.70 345.42 346.13 346.38 346.83 347.25 346.93 346.02 346.25
 346.20 350.76 353.05 348.08 348.08 348.08 348.08 348.08 345.68 343.41 344.88 345.85 345.85 345.85 344.83 344.83 345.15 345.15 344.94 345.43 347.25 346.63 346.02 346.15
 346.20 348.48 345.78 340.80 348.08 348.08 348.08 345.75 343.41 343.41 343.41 343.87 343.87 343.87 343.87 344.83 345.15 344.94 344.94 343.60 345.43 346.03 346.02 344.73
 342.38 343.07 340.80 340.80 340.80 348.08 346.52 343.41 343.41 343.41 343.41 341.62 341.48 342.96 342.96 343.89 345.15 344.94 344.94 343.60 344.51 343.33 342.32 340.47
 340.47 340.63 340.80 340.80 340.80 339.94 339.51 343.41 343.41 343.41 342.27 339.99 339.99 341.48 342.22 343.06 345.15 344.94 344.94 343.60 342.86 340.47 340.47 340.47
 340.47 340.63 340.80 340.80 339.94 339.08 339.08 338.39 337.70 337.70 338.35 339.00 339.99 340.73 341.48 341.15 342.03 342.93 344.94 341.10 340.76 340.47 340.47 340.47
 339.95 338.92 339.89 339.94 339.08 339.08 339.08 338.39 337.70 337.70 338.35 339.00 339.00 339.00 338.96 338.92 338.92 338.92 338.63 338.59 338.63 338.92 339.95 340.47
 338.92 338.92 338.92 338.92 339.03 339.08 339.03 338.92 338.11 337.70 338.49 339.00 338.97 338.92 338.92 338.92 338.92 338.92 338.67 338.59 338.67 338.92 338.92 338.92
 338.92 338.92 338.92 338.92 338.92 338.92 338.92 338.92 338.92 338.92 338.92 338.92 338.92 338.92 338.92 338.92 338.92 338.92 338.75 338.59 338.75 338.92 338.92 338.92
 338.92 338.92 338.92 338.92 338.92 338.92 338.92 338.92 338.92 338.92 338.92 338.92 338.92 338.92 338.92 338.92 338.92 338.92 338.92 338.92 338.92 338.92 338.92 338.92
 347.40 347.40 347.40 347.40 347.40 347.40 347.40 347.40 347.40 347.40 347.40 347.40 347.40 347.40 347.40 347.40 347.40 347.40 347.40 347.40 347.40 347.40 347.40 347.40
 345.52 349.94 347.40 347.40 347.40 347.40 347.40 347.40 347.40 347.40 347.40 347.40 347.52 347.65 347.52 347.68 347.40 347.40 347.40 347.40 347.40 347.40 347.40 346.16
 344.32 356.91 356.91 352.15 348.69 349.33 348.69 347.40 347.40 347.40 347.40 347.29 347.18 347.18 347.57 347.96 346.54 346.35 345.88 345.63 345.08 345.56 344.81 343.11
 341.90 349.40 353.16 349.33 349.33 349.33 349.33 349.33 346.15 343.93 345.09 345.79 345.75 345.75 344.62 344.62 345.12 345.12 344.37 344.41 345.08 344.94 344.81 342.63
 341.90 345.65 344.58 339.76 349.33 349.33 349.33 346.63 343.93 343.93 343.93 344.32 344.32 344.32 344.32 344.62 345.12 344.37 344.37 343.75 344.41 344.72 344.81 342.18
 341.19 341.73 339.76 339.76 339.76 349.33 347.53 343.93 343.93 343.93 343.93 341.48 340.90 342.19 342.19 343.40 345.12 344.37 344.37 343.75 344.08 342.95 342.16 340.84
 340.84 340.30 339.76 339.76 339.76 339.39 339.20 343.93 343.93 343.93 342.49 339.61 339.61 340.90 341.54 342.47 345.12 344.37 344.37 343.75 342.89 340.84 340.84 340.84
 340.84 340.30 339.76 339.76 339.39 339.01 339.01 338.61 338.20 338.20 338.20 339.61 339.61 340.25 340.90 340.86 342.16 342.65 344.37 341.37 341.03 340.84 340.84 340.84
 340.29 339.20 339.45 339.39 339.01 339.01 339.01 338.61 338.20 338.20 338.20 338.20 339.61 339.69 339.20 339.20 339.20 339.20 339.01 338.98 339.01 339.20 340.29 340.84
 339.20 339.20 339.20 339.20 339.08 339.01 339.08 339.20 338.53 338.20 338.53 339.20 339.20 339.20 339.20 339.20 339.20 339.20 339.04 338.98 339.04 339.20 339.20 339.20
 339.20 339.20 339.20 339.20 339.20 339.20 339.20 339.20 339.20 339.20 339.20 339.20 339.20 339.20 339.20 339.20 339.20 339.20 339.09 338.98 339.09 339.20 339.20 339.20
 339.20 339.20 339.20 339.20 339.20 339.20 339.20 339.20 339.20 339.20 339.20 339.20 339.20 339.20 339.20 339.20 339.20 339.20 339.20 339.20 339.20 339.20 339.20 339.20
 345.80 345.80 345.80 345.80 345.80 345.80 345.80 345.80 345.80 345.80 345.80 345.80 345.80 345.80 345.80 345.80 345.80 345.80 345.80 345.80 345.80 345.80 345.80 345.80
 344.52 348.52 345.80 345.80 345.80 345.80 345.80 345.80 345.80 345.80 345.80 345.80 345.74 345.68 345.74 345.80 345.80 345.80 345.80 345.80 345.80 345.80 345.80 343.18
 336.61 355.23 355.23 350.51 346.04 346.16 346.04 345.80 345.80 345.80 345.80 344.75 343.70 343.70 343.70 341.90 341.29 342.80 344.35 342.04 339.21 341.88 341.94 338.15
 339.70 347.47 351.35 346.16 346.16 346.16 346.16 346.16 344.54 343.10 344.00 343.87 343.52 343.52 341.90 341.90 341.29 341.29 342.89 341.10 339.21 340.57 341.94 340.26
 339.70 343.58 343.59 339.72 346.16 346.16 346.16 344.63 343.10 343.10 343.10 343.34 343.34 343.34 343.34 341.90 341.29 342.89 342.89 342.98 341.10 341.20 341.94 340.34
 340.29 340.93 339.72 339.72 339.72 346.16 345.14 343.10 343.10 343.10 343.10 340.84 339.71 343.34 343.34 341.90 341.29 342.89 342.89 342.98 342.04 341.21 341.03 340.58
 340.58 340.15 339.72 339.72 339.72 339.45 339.31 343.10 343.10 343.10 341.97 339.71 339.71 339.71 339.71 340.80 341.29 342.89 342.89 342.98 341.87 340.58 340.58 340.58
 340.58 340.15 339.72 339.72 339.45 339.17 339.17 338.78 338.40 338.40 338.99 339.59 339.71 339.71 339.71 339.94 340.30 341.69 342.89 341.16 340.74 340.58 340.58 340.58
 340.15 339.30 339.49 339.45 339.17 339.17 339.17 338.78 338.40 338.40 338.99 339.59 339.59 339.59 339.44 339.30 339.30 339.30 339.33 339.34 339.33 339.30 340.15 340.58
 339.30 339.30 339.30 339.30 339.21 339.17 339.21 339.30 338.70 338.40 339.07 339.59 339.49 339.30 339.30 339.30 339.30 339.30 339.33 339.34 339.33 339.30 339.30 339.30
 339.30 339.30 339.30 339.30 339.30 339.30 339.30 339.30 339.30 339.30 339.30 339.30 339.30 339.30 339.30 339.30 339.30 339.30 339.32 339.34 339.32 339.30 339.30 339.30
 339.30 339.30 339.30 339.30 339.30 339.30 339.30 339.30 339.30 339.30 339.30 339.30 339.30 339.30 339.30 339.30 339.30 339.30 339.30 339.30 339.30 339.30 339.30 339.30
 341.22 341.22 341.22 341.22 341.22 341.22 341.22 341.22 341.22 341.22 341.22 341.22 341.22 341.22 341.22 341.22 341.22 341.22 341.22 341.22 341.22 341.22 341.22 341.22
 338.60 339.91 341.22 341.22 341.22 341.22 341.22 341.22 341.22 341.22 341.22 341.22 340.26 339.30 340.26 341.22 341.22 341.22 341.22 341.22 341.22 341.22 341.22 339.06
 335.21 335.21 338.22 341.22 343.51 344.66 343.51 341.22 341.22 341.22 341.22 338.67 336.12 336.12 336.12 337.52 338.30 339.27 340.97 340.80 340.54 339.04 336.09 336.51
 337.80 337.80 337.80 344.66 344.66 344.66 344.66 344.66 342.13 341.33 341.29 339.59 338.74 338.74 337.52 337.52 338.30 338.30 340.72 340.63 340.54 338.31 336.09 337.37
 337.80 337.80 338.58 339.35 344.66 344.66 344.66 343.00 341.33 341.33 341.33 341.35 341.35 341.35 341.35 337.52 338.30 340.72 340.72 340.72 340.63 338.34 336.09 338.20
 339.72 339.22 339.35 339.35 339.35 344.66 343.55 341.33 341.33 341.33 341.33 340.66 340.32 341.35 341.35 337.52 338.30 340.72 340.72 340.72 340.68 339.71 339.15 340.68
 340.68 340.01 339.35 339.35 339.35 339.38 339.39 341.33 341.33 341.33 340.99 340.32 340.32 340.32 340.32 338.92 338.30 340.72 340.72 340.72 340.69 340.68 340.68 340.68
 340.68 340.01 339.35 339.35 339.38 339.40 339.40 339.20 339.00 339.00 339.27 339.55 340.32 340.32 340.32 339.61 338.94 340.34 340.72 340.18 340.29 340.68 340.68 340.68
 340.31 339.58 339.44 339.38 339.40 339.40 339.40 339.20 339.00 339.00 339.27 339.55 339.55 339.55 339.57 339.58 339.58 339.58 339.62 339.63 339.62 339.58 340.31 340.68
 339.58 339.58 339.58 339.58 339.46 339.40 339.46 339.58 339.19 339.00 339.35 339.55 339.56 339.58 339.58 339.58 339.58 339.58 339.62 339.63 339.62 339.58 339.58 339.58
 339.58 339.58 339.58 339.58 339.58 339.58 339.58 339.58 339.58 339.58 339.58 339.58 339.58 339.58 339.58 339.58 339.58 339.58 339.61 339.63 339.61 339.58 339.58 339.58
 339.58 339.58 339.58 339.58 339.58 339.58 339.58 339.58 339.58 339.58 339.58 339.58 339.58 339.58 339.58 339.58 339.58 339.58 339.58 339.58 339.58 339.58 339.58 339.58
 334.51 334.51 334.51 334.51 334.51 334.51 334.51 334.51 334.51 334.51 334.51 334.51 334.51 334.51 334.51 334.51 334.51 334.51 334.51 334.51 334.51 334.51 334.51 334.51
 332.15 340.68 334.50 334.50 334.50 334.50 334.50 334.50 334.50 334.50 334.50 334.50 333.50 332.49 333.50 335.92 334.50 334.50 334.50 334.50 334.50 334.50 334.50 333.67
 333.53 355.39 355.39 344.95 337.96 339.69 337.96 334.50 334.50 334.50 334.50 332.49 330.47 330.47 333.90 337.33 336.00 335.06 335.79 333.19 331.00 332.34 332.23 334.72
 335.90 345.64 350.52 339.69 339.69 339.69 339.69 339.69 337.74 338.39 337.09 335.41 334.74 334.74 334.54 334.54 334.68 334.68 337.08 334.07 331.00 331.62 332.23 334.98
 335.90 340.77 342.58 339.52 339.69 339.69 339.69 339.04 338.39 338.39 338.39 339.00 339.00 339.00 339.00 334.54 334.68 337.08 337.08 337.15 334.07 332.64 332.23 336.53
 339.42 340.02 339.52 339.52 339.52 339.69 339.26 338.39 338.39 338.39 338.39 339.80 340.51 339.00 339.00 334.54 334.68 337.08 337.08 337.15 335.61 336.91 338.20 341.18
 341.18 340.35 339.52 339.52 339.52 339.75 339.86 338.39 338.39 338.39 339.10 340.51 340.51 340.51 340.51 337.52 334.68 337.08 337.08 337.15 337.98 341.18 341.18 341.18
 341.18 340.35 339.52 339.52 339.75 339.98 339.98 339.54 339.10 339.10 339.66 340.22 340.51 340.51 340.51 339.37 337.38 338.08 337.08 338.60 339.45 341.18 341.18 341.18
 340.82 340.09 339.78 339.75 339.98 339.98 339.98 339.54 339.10 339.10 339.66 340.22 340.22 340.22 340.15 340.09 340.09 340.09 340.05 340.05 340.05 340.09 340.82 341.18
 340.09 340.09 340.09 340.09 340.01 339.98 340.01 340.09 339.43 339.10 339.76 340.22 340.17 340.09 340.09 340.09 340.09 340.09 340.06 340.05 340.06 340.09 340.09 340.09
 340.09 340.09 340.09 340.09 340.09 340.09 340.09 340.09 340.09 340.09 340.09 340.09 340.09 340.09 340.09 340.09 340.09 340.09 340.07 340.05 340.07 340.09 340.09 340.09
 340.09 340.09 340.09 340.09 340.09 340.09 340.09 340.09 340.09 340.09 340.09 340.09 340.09 340.09 340.09 340.09 340.09 340.09 340.09 340.09 340.09 340.09 340.09 340.09
 333.43 333.43 333.43 333.43 333.43 333.43 333.43 333.43 333.43 333.43 333.43 333.43 333.43 333.43 333.43 333.43 333.43 333.43 333.43 333.43 333.43 333.43 333.43 333.43
 333.06 340.79 333.43 333.43 333.43 333.43 333.43 333.43 333.43 333.43 333.43 333.43 333.17 332.92 333.17 333.86 333.43 333.43 333.43 333.43 333.43 333.43 333.43 333.96
 335.93 355.87 355.87 344.65 339.72 342.86 339.72 333.43 333.43 333.43 333.43 333.13 332.84 332.84 333.56 334.29 335.18 334.89 334.64 335.34 336.38 335.03 334.76 335.96
 336.00 345.94 350.90 342.86 342.86 342.86 342.86 342.86 337.35 336.56 335.52 335.22 335.12 335.12 335.63 335.63 336.06 336.06 335.85 336.20 336.38 335.57 334.76 335.69
 336.00 340.97 342.80 339.66 342.86 342.86 342.86 339.71 336.56 336.56 336.56 337.40 337.40 337.40 337.40 335.63 336.06 335.85 335.85 336.03 336.20 335.51 334.76 337.06
 339.46 340.13 339.66 339.66 339.66 342.86 340.76 336.56 336.56 336.56 336.56 339.02 340.31 340.42 340.42 338.02 336.06 335.85 335.85 336.03 336.12 337.97 339.05 341.19
 341.19 340.43 339.66 339.66 339.66 339.82 339.89 336.56 336.56 336.56 337.77 340.19 340.19 340.31 340.36 339.19 336.06 335.85 335.85 336.03 337.78 341.19 341.19 341.19
 341.19 340.43 339.66 339.66 339.82 339.97 339.97 339.74 339.50 339.50 339.75 340.01 340.19 340.25 340.31 339.94 338.19 337.34 335.85 338.24 339.41 341.19 341.19 341.19
 340.90 340.33 339.93 339.82 339.97 339.97 339.97 339.74 339.50 339.50 339.75 340.01 340.01 340.01 340.17 340.33 340.33 340.33 340.43 340.44 340.43 340.33 340.90 341.19
 340.33 340.33 340.33 340.33 340.09 339.97 340.09 340.33 339.78 339.50 339.90 340.01 340.12 340.33 340.33 340.33 340.33 340.33 340.41 340.44 340.41 340.33 340.33 340.33
 340.33 340.33 340.33 340.33 340.33 340.33 340.33 340.33 340.33 340.33 340.33 340.33 340.33 340.33 340.33 340.33 340.33 340.33 340.38 340.44 340.38 340.33 340.33 340.33
 340.33 340.33 340.33 340.33 340.33 340.33 340.33 340.33 340.33 340.33 340.33 340.33 340.33 340.33 340.33 340.33 340.33 340.33 340.33 340.33 340.33 340.33 340.33 340.33
 337.88 337.88 337.88 337.88 337.88 337.88 337.88 337.88 337.88 337.88 337.88 337.88 337.88 337.88 337.88 337.88 337.88 337.88 337.88 337.88 337.88 337.88 337.88 337.88
 338.13 346.93 337.88 337.88 337.88 337.88 337.88 337.88 337.88 337.88 337.88 337.88 337.97 338.06 337.97 338.50 337.88 337.88 337.88 337.88 337.88 337.88 337.88 339.01
 342.16 364.78 364.78 351.33 343.77 346.71 343.77 337.88 337.88 337.88 337.88 338.31 338.73 338.73 338.93 339.13 339.31 338.89 337.99 339.39 341.00 339.53 339.17 340.68
 339.20 351.99 358.38 346.71 346.71 346.71 346.71 346.71 339.92 337.55 337.66 338.06 338.21 338.21 338.71 338.71 339.49 339.49 338.09 339.29 341.00 340.09 339.17 339.19
 339.20 345.60 345.73 339.47 346.71 346.71 346.71 342.13 337.55 337.55 337.55 337.68 337.68 337.68 337.68 338.71 339.49 338.09 338.09 337.58 339.29 339.52 339.17 339.68
 340.49 341.46 339.47 339.47 339.47 346.71 343.66 337.55 337.55 337.55 337.55 339.20 340.02 337.68 337.68 338.71 339.49 338.09 338.09 337.58 338.43 339.89 340.48 341.13
 341.13 340.30 339.47 339.47 339.47 339.64 339.73 337.55 337.55 337.55 338.38 340.02 340.02 340.02 340.02 339.37 339.49 338.09 338.09 337.58 339.05 341.13 341.13 341.13
 341.13 340.30 339.47 339.47 339.64 339.82 339.82 339.71 339.60 339.60 339.93 340.26 340.02 340.02 340.02 339.91 339.91 338.84 338.09 339.04 339.93 341.13 341.13 341.13
 340.86 340.33 339.82 339.64 339.82 339.82 339.82 339.71 339.60 339.60 339.93 340.26 340.26 340.26 340.30 340.33 340.33 340.33 340.49 340.51 340.49 340.33 340.86 341.13
 340.33 340.33 340.33 340.33 339.99 339.82 339.99 340.33 339.84 339.60 340.03 340.26 340.28 340.33 340.33 340.33 340.33 340.33 340.47 340.51 340.47 340.33 340.33 340.33
 340.33 340.33 340.33 340.33 340.33 340.33 340.33 340.33 340.33 340.33 340.33 340.33 340.33 340.33 340.33 340.33 340.33 340.33 340.42 340.51 340.42 340.33 340.33 340.33
 340.33 340.33 340.33 340.33 340.33 340.33 340.33 340.33 340.33 340.33 340.33 340.33 340.33 340.33 340.33 340.33 340.33 340.33 340.33 340.33 340.33 340.33 340.33 340.33
 341.89 341.89 341.89 341.89 341.89 341.89 341.89 341.89 341.89 341.89 341.89 341.89 341.89 341.89 341.89 341.89 341.89 341.89 341.89 341.89 341.89 341.89 341.89 341.89
 341.93 348.84 341.89 341.89 341.89 341.89 341.89 341.89 341.89 341.89 341.89 341.89 342.12 342.35 342.12 342.25 341.89 341.89 341.89 341.89 341.89 341.89 341.89 342.13
 342.81 362.70 362.70 352.29 347.78 350.73 347.78 341.89 341.89 341.89 341.89 342.05 342.21 342.21 342.41 342.61 341.88 341.64 341.03 340.49 339.91 341.62 343.14 341.75
 340.70 351.70 357.20 350.73 350.73 350.73 350.73 350.73 342.62 338.93 339.92 340.76 340.81 340.81 340.57 340.57 341.15 341.15 340.17 339.67 339.91 341.52 343.14 341.31
 340.70 346.20 345.82 339.95 350.73 350.73 350.73 344.83 338.93 338.93 338.93 339.41 339.41 339.41 339.41 340.57 341.15 340.17 340.17 339.43 339.67 341.44 343.14 341.20
 340.81 341.84 339.95 339.95 339.95 350.73 346.80 338.93 338.93 338.93 338.93 339.81 340.25 339.41 339.41 340.57 341.15 340.17 340.17 339.43 339.55 340.87 341.62 340.86
 340.86 340.40 339.95 339.95 339.95 339.90 339.87 338.93 338.93 338.93 339.37 340.25 340.25 340.25 340.25 340.41 341.15 340.17 340.17 339.43 339.95 340.86 340.86 340.86
 340.86 340.40 339.95 339.95 339.90 339.85 339.85 339.57 339.30 339.30 339.68 340.06 340.25 340.25 340.25 340.26 340.63 340.15 340.17 339.93 340.28 340.86 340.86 340.86
 340.61 340.10 339.98 339.90 339.85 339.85 339.85 339.57 339.30 339.30 339.68 340.06 340.06 340.06 340.08 340.10 340.10 340.10 340.38 340.42 340.38 340.10 340.61 340.86
 340.10 340.10 340.10 340.10 339.93 339.85 339.93 340.10 339.57 339.30 339.79 340.06 340.08 340.10 340.10 340.10 340.10 340.10 340.34 340.42 340.34 340.10 340.10 340.10
 340.10 340.10 340.10 340.10 340.10 340.10 340.10 340.10 340.10 340.10 340.10 340.10 340.10 340.10 340.10 340.10 340.10 340.10 340.26 340.42 340.26 340.10 340.10 340.10
 340.10 340.10 340.10 340.10 340.10 340.10 340.10 340.10 340.10 340.10 340.10 340.10 340.10 340.10 340.10 340.10 340.10 340.10 340.10 340.10 340.10 340.10 340.10 340.10
 344.68 344.68 344.68 344.68 344.68 344.68 344.68 344.68 344.68 344.68 344.68 344.68 344.68 344.68 344.68 344.68 344.68 344.68 344.68 344.68 344.68 344.68 344.68 344.68
 344.31 349.59 344.68 344.68 344.68 344.68 344.68 344.68 344.68 344.68 344.68 344.68 344.71 344.75 344.71 343.68 344.68 344.68 344.68 344.68 344.68 344.68 344.68 344.91
 345.97 359.78 359.78 352.23 347.63 349.11 347.63 344.68 344.68 344.68 344.68 344.85 345.02 345.02 343.85 342.68 342.45 343.11 343.19 342.86 344.68 344.58 344.53 345.24
 344.50 352.14 355.96 349.11 349.11 349.11 349.11 349.11 343.58 340.27 341.74 342.84 342.89 342.89 342.10 342.10 342.22 342.22 341.70 341.05 342.21 344.53 344.53 344.51
 344.50 348.32 346.27 340.40 349.11 349.11 349.11 344.69 340.27 340.27 340.27 340.77 340.77 340.77 340.77 342.10 342.22 341.70 341.70 341.05 341.05 343.37 344.53 343.54
 341.92 342.79 340.40 340.40 340.40 349.11 346.16 340.27 340.27 340.27 340.27 340.52 340.81 341.12 341.12 341.61 342.22 341.70 341.70 341.05 341.05 341.75 341.93 340.63
 340.63 340.51 340.40 340.40 340.40 340.12 339.97 340.27 340.27 340.27 340.34 340.49 340.49 340.81 340.96 341.29 342.22 341.70 341.70 341.05 340.91 340.63 340.63 340.63
 340.63 340.51 340.40 340.40 340.12 339.83 339.83 339.41 339.00 339.00 339.48 340.06 340.32 340.32 340.32 340.32 340.81 341.10 341.70 340.59 340.56 340.63 340.63 340.63
 340.38 339.89 340.13 340.12 339.83 339.83 339.83 339.41 339.00 339.00 339.39 339.79 340.06 340.19 340.13 339.89 339.89 339.89 340.10 340.13 340.10 339.89 340.38 340.63
 339.89 339.89 339.89 339.89 339.85 339.83 339.85 339.89 339.30 339.00 339.52 339.79 339.91 339.89 339.89 339.89 339.89 339.89 340.07 340.13 340.07 339.89 339.89 339.89
 339.89 339.89 339.89 339.89 339.89 339.89 339.89 339.89 339.89 339.89 339.89 339.89 339.89 339.89 339.89 339.89 339.89 339.89 340.01 340.13 340.01 339.89 339.89 339.89
 339.89 339.89 339.89 339.89 339.89 339.89 339.89 339.89 339.89 339.89 339.89 339.89 339.89 339.89 339.89 339.89 339.89 339.89 339.89 339.89 339.89 339.89 339.89 339.89
