1985 MONTHLY CO2 (PPMV)   24  12  LON/LAT (N-S/0-360E) IN 15 DEGREE RESOLUTION,  GLB ANNUAL MEAN = 345.63,  GROWTH RATE = 1.33,  MISS DATA = -99.99
 349.26 349.26 349.26 349.26 349.26 349.26 349.26 349.26 349.26 349.26 349.26 349.26 349.26 349.26 349.26 349.26 349.26 349.26 349.26 349.26 349.26 349.26 349.26 349.26
 348.42 348.84 349.26 349.26 349.26 349.26 349.26 349.26 349.26 349.26 349.26 349.26 349.43 349.61 349.43 349.33 349.26 349.26 349.26 349.26 349.26 349.70 349.26 351.00
 357.05 357.05 353.15 349.26 348.65 348.35 348.65 349.26 349.26 349.26 349.26 349.06 348.85 348.85 349.12 349.40 348.47 348.43 347.99 348.98 349.99 350.14 348.40 352.97
 348.90 348.90 348.90 348.35 348.35 348.35 348.35 348.35 346.69 344.57 346.13 347.14 347.07 347.07 351.22 351.22 347.54 347.54 346.71 347.69 349.83 348.88 346.67 348.34
 348.90 348.90 348.90 348.35 348.35 348.35 348.35 346.46 344.57 344.57 344.57 345.29 345.29 345.29 345.29 351.22 347.54 346.71 346.71 345.56 347.69 346.90 346.90 346.90
 345.45 346.02 346.21 348.35 348.35 348.35 347.09 344.57 344.57 344.57 344.57 344.49 344.75 345.36 345.36 348.29 347.54 346.71 346.71 345.56 346.63 346.90 346.90 343.72
 343.72 343.72 343.72 343.51 343.40 343.40 343.40 344.57 344.57 344.57 344.43 344.15 344.15 344.75 345.06 346.67 347.54 346.71 346.71 345.56 345.30 343.72 343.72 343.72
 343.72 343.72 342.91 343.40 343.40 343.40 343.40 342.90 342.40 342.40 342.22 342.04 344.15 344.45 344.75 344.81 345.28 345.48 346.71 344.29 344.09 343.72 343.72 343.72
 343.48 342.92 342.91 343.40 343.40 343.40 343.40 342.90 342.40 342.40 342.22 342.04 342.04 342.04 342.52 343.01 343.01 343.01 343.03 343.03 343.03 343.01 343.48 343.72
 343.01 342.93 342.91 342.93 343.27 343.40 343.27 343.01 342.60 342.40 342.42 342.04 342.36 343.01 343.01 343.01 343.01 343.01 343.02 343.03 343.02 343.01 343.01 343.01
 343.01 342.96 342.91 342.96 343.01 343.01 343.01 343.01 343.01 343.01 343.01 343.01 343.01 343.01 343.01 343.01 343.01 343.01 343.02 343.03 343.02 343.01 343.01 343.01
 343.01 343.01 343.01 343.01 343.01 343.01 343.01 343.01 343.01 343.01 343.01 343.01 343.01 343.01 343.01 343.01 343.01 343.01 343.01 343.01 343.01 343.01 343.01 343.01
 349.27 349.27 349.27 349.27 349.27 349.27 349.27 349.27 349.27 349.27 349.27 349.27 349.27 349.27 349.27 349.27 349.27 349.27 349.27 349.27 349.27 349.27 349.27 349.27
 349.26 349.26 349.27 349.27 349.27 349.27 349.27 349.27 349.27 349.27 349.27 349.27 349.32 349.37 349.32 349.68 349.27 349.27 349.27 349.27 349.27 350.84 349.27 350.32
 353.47 353.47 351.37 349.27 348.52 348.15 348.52 349.27 349.27 349.27 349.27 349.44 349.62 349.62 349.86 350.09 349.17 348.90 348.47 351.02 353.54 352.41 350.12 350.54
 347.60 347.60 347.60 348.15 348.15 348.15 348.15 348.15 347.16 345.62 346.84 347.74 347.80 347.80 349.52 349.52 348.25 348.25 347.66 350.25 354.66 351.64 347.84 347.66
 347.60 347.60 347.60 348.15 348.15 348.15 348.15 346.88 345.62 345.62 345.62 345.98 345.98 345.98 345.98 349.52 348.25 347.66 347.66 345.85 350.25 347.90 347.90 347.90
 345.09 345.51 345.65 348.15 348.15 348.15 347.31 345.62 345.62 345.62 345.62 345.10 345.12 345.67 345.67 347.60 348.25 347.66 347.66 345.85 348.05 347.90 347.90 343.83
 343.83 343.83 343.83 343.48 343.31 343.31 343.31 345.62 345.62 345.62 345.27 344.56 344.56 345.12 345.39 346.49 348.25 347.66 347.66 345.85 345.91 343.83 343.83 343.83
 343.83 343.83 342.71 343.31 343.31 343.31 343.31 342.84 342.38 342.38 342.36 342.34 344.56 344.84 345.12 344.86 345.61 346.09 347.66 344.32 344.22 343.83 343.83 343.83
 343.54 342.74 342.71 343.31 343.31 343.31 343.31 342.84 342.38 342.38 342.36 342.34 342.34 342.34 342.65 342.96 342.96 342.96 342.81 342.79 342.81 342.96 343.54 343.83
 342.96 342.77 342.71 342.77 343.19 343.31 343.19 342.96 342.57 342.38 342.51 342.34 342.55 342.96 342.96 342.96 342.96 342.96 342.83 342.79 342.83 342.96 342.96 342.96
 342.96 342.83 342.71 342.83 342.96 342.96 342.96 342.96 342.96 342.96 342.96 342.96 342.96 342.96 342.96 342.96 342.96 342.96 342.87 342.79 342.87 342.96 342.96 342.96
 342.95 342.95 342.95 342.95 342.95 342.95 342.95 342.95 342.95 342.95 342.95 342.95 342.95 342.95 342.95 342.95 342.95 342.95 342.95 342.95 342.95 342.95 342.95 342.95
 350.36 350.36 350.36 350.36 350.36 350.36 350.36 350.36 350.36 350.36 350.36 350.36 350.36 350.36 350.36 350.36 350.36 350.36 350.36 350.36 350.36 350.36 350.36 350.36
 350.60 350.48 350.36 350.36 350.36 350.36 350.36 350.36 350.36 350.36 350.36 350.36 350.45 350.53 350.45 350.08 350.36 350.36 350.36 350.36 350.36 351.68 350.36 352.07
 356.96 356.96 353.66 350.36 350.33 350.32 350.33 350.36 350.36 350.36 350.36 350.87 351.37 351.37 350.58 349.79 349.21 349.40 349.66 350.65 352.47 353.00 351.62 353.73
 350.50 350.50 350.50 350.32 350.32 350.32 350.32 350.32 348.80 347.26 348.29 349.18 349.35 349.35 349.08 349.08 348.63 348.63 348.96 349.11 351.94 351.72 350.23 350.43
 350.50 350.50 350.50 350.32 350.32 350.32 350.32 348.79 347.26 347.26 347.26 347.33 347.33 347.33 347.33 349.08 348.63 348.96 348.96 346.28 349.11 348.00 348.00 348.00
 346.32 347.02 347.25 350.32 350.32 350.32 349.30 347.26 347.26 347.26 347.26 345.86 345.67 346.70 346.70 347.89 348.63 348.96 348.96 346.28 347.69 348.00 348.00 344.23
 344.23 344.23 344.23 343.80 343.59 343.59 343.59 347.26 347.26 347.26 346.39 344.65 344.65 345.67 346.19 347.04 348.63 348.96 348.96 346.28 346.07 344.23 344.23 344.23
 344.23 344.23 342.72 343.59 343.59 343.59 343.59 343.00 342.42 342.42 342.48 342.53 344.65 345.16 345.67 345.25 345.83 346.98 348.96 344.53 344.41 344.23 344.23 344.23
 343.83 342.76 342.72 343.59 343.59 343.59 343.59 343.00 342.42 342.42 342.48 342.53 342.53 342.53 342.78 343.02 343.02 343.02 342.82 342.79 342.82 343.02 343.83 344.23
 343.02 342.80 342.72 342.80 343.40 343.59 343.40 343.02 342.62 342.42 342.61 342.53 342.70 343.02 343.02 343.02 343.02 343.02 342.85 342.79 342.85 343.02 343.02 343.02
 343.02 342.87 342.72 342.87 343.02 343.02 343.02 343.02 343.02 343.02 343.02 343.02 343.02 343.02 343.02 343.02 343.02 343.02 342.91 342.79 342.91 343.02 343.02 343.02
 343.02 343.02 343.02 343.02 343.02 343.02 343.02 343.02 343.02 343.02 343.02 343.02 343.02 343.02 343.02 343.02 343.02 343.02 343.02 343.02 343.02 343.02 343.02 343.02
 351.56 351.56 351.56 351.56 351.56 351.56 351.56 351.56 351.56 351.56 351.56 351.56 351.56 351.56 351.56 351.56 351.56 351.56 351.56 351.56 351.56 351.56 351.56 351.56
 351.53 351.54 351.56 351.56 351.56 351.56 351.56 351.56 351.56 351.56 351.56 351.56 351.54 351.53 351.54 351.15 351.56 351.56 351.56 351.56 351.56 352.01 351.56 351.02
 349.44 349.44 350.50 351.56 351.88 352.04 351.88 351.56 351.56 351.56 351.56 351.94 352.33 352.33 351.53 350.74 349.61 349.88 350.66 350.24 350.79 352.47 351.58 349.97
 350.50 350.50 350.50 352.04 352.04 352.04 352.04 352.04 349.87 347.94 349.15 350.13 350.26 350.26 349.90 349.90 348.47 348.47 349.76 348.36 349.11 350.76 350.69 350.55
 350.50 350.50 350.50 352.04 352.04 352.04 352.04 349.99 347.94 347.94 347.94 348.19 348.19 348.19 348.19 349.90 348.47 349.76 349.76 347.61 348.36 348.70 348.70 348.70
 346.22 346.93 347.17 352.04 352.04 352.04 350.67 347.94 347.94 347.94 347.94 346.05 345.83 347.30 347.30 348.60 348.47 349.76 349.76 347.61 347.99 348.70 348.70 344.08
 344.08 344.08 344.08 343.73 343.55 343.55 343.55 347.94 347.94 347.94 346.75 344.37 344.37 345.83 346.57 347.59 348.47 349.76 349.76 347.61 346.56 344.08 344.08 344.08
 344.08 344.08 342.80 343.55 343.55 343.55 343.55 343.05 342.55 342.55 342.87 343.39 343.99 343.99 343.99 343.99 345.21 347.56 349.76 345.23 344.69 344.08 344.08 344.08
 343.78 342.85 342.80 343.55 343.55 343.55 343.55 343.05 342.55 342.55 342.67 342.78 343.39 343.69 343.62 343.17 343.17 343.17 342.89 342.85 342.89 343.17 343.78 344.08
 343.17 342.89 342.80 342.89 343.42 343.55 343.42 343.17 342.76 342.55 342.79 342.78 343.11 343.17 343.17 343.17 343.17 343.17 342.93 342.85 342.93 343.17 343.17 343.17
 343.17 342.99 342.80 342.99 343.17 343.17 343.17 343.17 343.17 343.17 343.17 343.17 343.17 343.17 343.17 343.17 343.17 343.17 343.01 342.85 343.01 343.17 343.17 343.17
 343.17 343.17 343.17 343.17 343.17 343.17 343.17 343.17 343.17 343.17 343.17 343.17 343.17 343.17 343.17 343.17 343.17 343.17 343.17 343.17 343.17 343.17 343.17 343.17
 352.21 352.21 352.21 352.21 352.21 352.21 352.21 352.21 352.21 352.21 352.21 352.21 352.21 352.21 352.21 352.21 352.21 352.21 352.21 352.21 352.21 352.21 352.21 352.21
 351.02 351.62 352.21 352.21 352.21 352.21 352.21 352.21 352.21 352.21 352.21 352.21 352.34 352.47 352.34 351.60 352.21 352.21 352.21 352.21 352.21 351.71 352.21 350.45
 346.37 346.37 349.29 352.21 351.12 350.57 351.12 352.21 352.21 352.21 352.21 352.06 351.91 351.91 351.45 350.99 349.99 350.39 350.75 350.52 350.34 351.20 349.94 346.83
 347.30 347.30 347.30 350.57 350.57 350.57 350.57 350.57 349.68 347.97 349.65 349.84 349.84 350.54 349.97 349.97 348.99 348.99 349.28 349.02 349.48 349.79 348.69 347.65
 347.30 347.30 347.30 350.57 350.57 350.57 350.57 349.27 347.97 347.97 348.59 349.84 349.84 349.17 349.17 349.97 348.99 349.28 349.28 348.56 349.02 348.30 348.30 348.30
 345.22 345.57 345.68 350.57 350.57 350.57 349.70 347.97 347.97 347.97 347.97 347.30 347.09 347.11 347.11 348.54 348.99 349.28 349.28 348.56 348.79 348.30 348.30 344.18
 344.18 344.18 344.18 343.63 343.36 343.36 343.36 347.97 347.97 347.97 346.75 344.31 344.31 345.71 346.41 347.48 348.99 349.28 349.28 348.56 347.18 344.18 344.18 344.18
 344.18 344.18 343.13 343.36 343.36 343.36 343.36 343.06 342.76 342.76 342.91 343.00 342.87 342.87 342.87 342.87 345.08 347.31 349.28 345.84 345.09 344.18 344.18 344.18
 343.91 343.16 343.13 343.36 343.36 343.36 343.36 343.06 342.76 342.76 342.95 343.14 343.00 342.94 343.06 343.37 343.37 343.37 343.15 343.12 343.15 343.37 343.91 344.18
 343.37 343.19 343.13 343.19 343.36 343.36 343.36 343.37 342.97 342.76 343.06 343.14 343.17 343.37 343.37 343.37 343.37 343.37 343.18 343.12 343.18 343.37 343.37 343.37
 343.37 343.25 343.13 343.25 343.37 343.37 343.37 343.37 343.37 343.37 343.37 343.37 343.37 343.37 343.37 343.37 343.37 343.37 343.25 343.12 343.25 343.37 343.37 343.37
 343.37 343.37 343.37 343.37 343.37 343.37 343.37 343.37 343.37 343.37 343.37 343.37 343.37 343.37 343.37 343.37 343.37 343.37 343.37 343.37 343.37 343.37 343.37 343.37
 349.59 349.59 349.59 349.59 349.59 349.59 349.59 349.59 349.59 349.59 349.59 349.59 349.59 349.59 349.59 349.59 349.59 349.59 349.59 349.59 349.59 349.59 349.59 349.59
 347.59 351.82 349.59 349.59 349.59 349.59 349.59 349.59 349.59 349.59 349.59 349.59 349.78 349.97 349.78 348.58 349.59 349.59 349.59 349.59 349.59 350.59 349.59 346.62
 339.72 358.28 358.28 353.93 347.42 346.33 347.42 349.59 349.59 349.59 349.59 349.34 349.10 349.10 348.34 347.58 347.53 348.20 348.93 348.00 348.04 351.60 348.78 342.26
 344.80 351.54 354.91 346.33 346.33 346.33 346.33 346.33 347.83 347.70 348.46 348.57 348.57 348.74 347.86 347.86 347.48 347.48 348.28 346.38 344.48 347.35 345.96 345.09
 344.80 348.17 351.54 346.33 346.33 346.33 346.33 347.01 347.70 347.70 347.99 348.57 348.57 348.37 348.37 347.86 347.48 348.28 348.28 348.28 346.38 347.20 347.20 347.20
 345.24 346.29 347.76 346.33 346.33 346.33 346.79 347.70 347.70 347.70 347.70 346.80 346.63 347.02 347.02 347.44 347.48 348.28 348.28 348.28 347.33 347.20 347.20 345.46
 345.46 345.46 345.46 344.22 343.60 343.60 343.60 347.70 347.70 347.70 346.56 344.29 344.29 345.66 346.34 346.89 347.48 348.28 348.28 348.28 347.02 345.46 345.46 345.46
 345.46 345.46 343.49 343.60 343.60 343.60 343.60 343.42 343.24 343.24 343.27 343.27 343.22 343.22 343.22 343.22 344.75 346.71 348.28 345.90 345.48 345.46 345.46 345.46
 344.83 343.50 343.49 343.60 343.60 343.60 343.60 343.42 343.24 343.24 343.29 343.33 343.27 343.25 343.34 343.56 343.56 343.56 343.53 343.53 343.53 343.56 344.83 345.46
 343.56 343.51 343.49 343.51 343.59 343.60 343.59 343.56 343.35 343.24 343.36 343.33 343.39 343.56 343.56 343.56 343.56 343.56 343.54 343.53 343.54 343.56 343.56 343.56
 343.56 343.53 343.49 343.53 343.56 343.56 343.56 343.56 343.56 343.56 343.56 343.56 343.56 343.56 343.56 343.56 343.56 343.56 343.55 343.53 343.55 343.56 343.56 343.56
 343.56 343.56 343.56 343.56 343.56 343.56 343.56 343.56 343.56 343.56 343.56 343.56 343.56 343.56 343.56 343.56 343.56 343.56 343.56 343.56 343.56 343.56 343.56 343.56
 343.74 343.74 343.74 343.74 343.74 343.74 343.74 343.74 343.74 343.74 343.74 343.74 343.74 343.74 343.74 343.74 343.74 343.74 343.74 343.74 343.74 343.74 343.74 343.74
 341.45 349.24 343.74 343.74 343.74 343.74 343.74 343.74 343.74 343.74 343.74 343.74 343.70 343.66 343.70 342.89 343.74 343.74 343.74 343.74 343.74 343.88 343.74 341.44
 336.82 362.54 362.54 353.14 344.16 344.37 344.16 343.74 343.74 343.74 343.74 343.90 344.06 344.06 343.05 342.04 343.38 343.94 345.19 344.25 344.03 344.02 342.93 339.01
 341.20 351.87 357.21 344.37 344.37 344.37 344.37 344.37 345.47 346.88 346.09 346.88 346.88 345.10 343.83 343.83 344.72 344.72 346.64 344.98 344.05 343.30 341.84 341.36
 341.20 346.53 351.87 344.37 344.37 344.37 344.37 345.62 346.88 346.88 346.88 346.88 346.88 346.15 346.15 343.83 344.72 346.64 346.64 345.91 344.98 345.00 345.00 345.00
 344.44 345.68 347.87 344.37 344.37 344.37 345.21 346.88 346.88 346.88 346.88 346.09 345.96 346.35 346.35 345.09 344.72 346.64 346.64 345.91 345.45 345.00 345.00 346.06
 346.06 346.06 346.06 344.63 343.91 343.91 343.91 346.88 346.88 346.88 346.14 344.65 344.65 345.50 345.92 345.50 344.72 346.64 346.64 345.91 345.81 346.06 346.06 346.06
 346.06 346.06 343.98 343.91 343.91 343.91 343.91 343.81 343.70 343.70 343.94 344.24 344.38 344.38 344.38 344.38 344.35 345.74 346.64 345.01 345.24 346.06 346.06 346.06
 345.36 343.98 343.98 343.91 343.91 343.91 343.91 343.81 343.70 343.70 343.90 344.10 344.24 344.31 344.21 343.95 343.95 343.95 344.09 344.11 344.09 343.95 345.36 346.06
 343.95 343.97 343.98 343.97 343.93 343.91 343.93 343.95 343.78 343.70 343.91 344.10 344.10 343.95 343.95 343.95 343.95 343.95 344.07 344.11 344.07 343.95 343.95 343.95
 343.95 343.96 343.98 343.96 343.95 343.95 343.95 343.95 343.95 343.95 343.95 343.95 343.95 343.95 343.95 343.95 343.95 343.95 344.03 344.11 344.03 343.95 343.95 343.95
 343.94 343.94 343.94 343.94 343.94 343.94 343.94 343.94 343.94 343.94 343.94 343.94 343.94 343.94 343.94 343.94 343.94 343.94 343.94 343.94 343.94 343.94 343.94 343.94
 338.10 338.10 338.10 338.10 338.10 338.10 338.10 338.10 338.10 338.10 338.10 338.10 338.10 338.10 338.10 338.10 338.10 338.10 338.10 338.10 338.10 338.10 338.10 338.10
 336.78 344.23 338.10 338.10 338.10 338.10 338.10 338.10 338.10 338.10 338.10 338.10 337.79 337.49 337.79 339.58 338.10 338.10 338.10 338.10 338.10 339.15 338.10 337.22
 335.89 357.80 357.80 347.95 341.36 342.99 341.36 338.10 338.10 338.10 338.10 338.09 338.07 338.07 339.56 341.05 341.48 340.50 340.76 339.02 338.72 340.20 339.34 337.44
 339.00 348.40 353.10 342.99 342.99 342.99 342.99 342.99 343.16 345.77 343.42 344.48 344.48 340.90 340.79 340.79 341.91 341.91 343.42 340.25 337.24 338.64 338.48 338.87
 339.00 343.70 348.40 342.99 342.99 342.99 342.99 344.38 345.77 345.77 345.34 344.48 344.48 343.73 343.73 340.79 341.91 343.42 343.42 343.26 340.25 342.70 342.70 342.70
 343.50 344.32 346.16 342.99 342.99 342.99 343.92 345.77 345.77 345.77 345.77 344.92 344.89 345.62 345.62 343.21 341.91 343.42 343.42 343.26 341.75 342.70 342.70 345.75
 345.75 345.75 345.75 344.80 344.33 344.33 344.33 345.77 345.77 345.77 345.37 344.56 344.56 345.09 345.35 344.28 341.91 343.42 343.42 343.26 343.59 345.75 345.75 345.75
 345.75 345.75 344.51 344.33 344.33 344.33 344.33 344.24 344.15 344.15 344.14 344.19 344.37 344.37 344.37 344.37 343.59 343.78 343.42 344.04 344.54 345.75 345.75 345.75
 345.33 344.51 344.51 344.33 344.33 344.33 344.33 344.24 344.15 344.15 344.08 344.01 344.19 344.28 344.38 344.50 344.50 344.50 344.79 344.83 344.79 344.50 345.33 345.75
 344.50 344.51 344.51 344.51 344.39 344.33 344.39 344.50 344.27 344.15 344.19 344.01 344.23 344.50 344.50 344.50 344.50 344.50 344.75 344.83 344.75 344.50 344.50 344.50
 344.50 344.50 344.51 344.50 344.50 344.50 344.50 344.50 344.50 344.50 344.50 344.50 344.50 344.50 344.50 344.50 344.50 344.50 344.66 344.83 344.66 344.50 344.50 344.50
 344.50 344.50 344.50 344.50 344.50 344.50 344.50 344.50 344.50 344.50 344.50 344.50 344.50 344.50 344.50 344.50 344.50 344.50 344.50 344.50 344.50 344.50 344.50 344.50
 338.86 338.86 338.86 338.86 338.86 338.86 338.86 338.86 338.86 338.86 338.86 338.86 338.86 338.86 338.86 338.86 338.86 338.86 338.86 338.86 338.86 338.86 338.86 338.86
 338.04 345.48 338.86 338.86 338.86 338.86 338.86 338.86 338.86 338.86 338.86 339.51 338.46 338.06 338.46 339.69 338.86 338.86 338.86 338.86 338.86 339.13 338.86 338.15
 336.86 359.55 359.55 349.20 341.63 343.02 341.63 338.86 338.86 339.51 340.16 340.16 339.48 338.79 339.66 340.52 340.88 340.32 340.38 338.96 338.30 339.41 339.98 338.63
 340.40 349.98 354.76 343.02 343.02 343.02 343.02 343.02 342.40 343.86 340.16 340.16 342.16 340.50 342.99 342.99 341.23 341.23 341.91 339.72 337.19 339.05 340.54 340.44
 340.40 345.19 349.98 343.02 343.02 343.02 343.02 343.44 343.86 343.86 343.29 342.16 342.16 342.21 342.21 342.99 341.23 341.91 341.91 342.24 339.72 341.90 341.90 341.90
 344.00 345.00 346.92 343.02 343.02 343.02 343.30 343.86 343.86 343.86 343.86 343.55 343.82 344.94 344.94 343.97 341.23 341.91 341.91 342.24 340.98 341.90 341.90 345.80
 345.80 345.80 345.80 344.92 344.48 344.48 344.48 343.86 343.86 343.86 344.03 344.36 344.36 344.65 344.79 344.38 341.23 341.91 341.91 342.24 343.01 345.80 345.80 345.80
 345.80 345.80 344.78 344.48 344.48 344.48 344.48 344.39 344.31 344.31 344.37 344.50 344.72 344.72 344.72 344.72 343.58 342.87 341.91 343.65 344.37 345.80 345.80 345.80
 345.47 344.78 344.78 344.48 344.48 344.48 344.48 344.39 344.31 344.31 344.29 344.27 344.50 344.61 344.71 344.80 344.80 344.80 345.03 345.06 345.03 344.80 345.47 345.80
 344.80 344.78 344.78 344.78 344.58 344.48 344.58 344.80 344.47 344.31 344.42 344.27 344.52 344.80 344.80 344.80 344.80 344.80 345.00 345.06 345.00 344.80 344.80 344.80
 344.80 344.79 344.78 344.79 344.80 344.80 344.80 344.80 344.80 344.80 344.80 344.80 344.80 344.80 344.80 344.80 344.80 344.80 344.93 345.06 344.93 344.80 344.80 344.80
 344.80 344.80 344.80 344.80 344.80 344.80 344.80 344.80 344.80 344.80 344.80 344.80 344.80 344.80 344.80 344.80 344.80 344.80 344.80 344.80 344.80 344.80 344.80 344.80
 343.08 343.08 343.08 343.08 343.08 343.08 343.08 343.08 343.08 343.08 343.08 343.08 343.08 343.08 343.08 343.08 343.08 343.08 343.08 343.08 343.08 343.08 343.08 343.08
 342.46 349.04 343.08 343.08 343.08 343.08 343.08 343.08 343.08 343.08 343.08 344.34 343.24 343.40 343.24 343.63 343.08 343.08 343.08 343.08 343.08 343.66 343.08 343.50
 345.38 361.58 361.58 352.33 344.35 344.98 344.35 343.08 343.08 344.34 345.59 345.59 344.99 344.39 344.29 344.19 343.79 343.43 343.46 343.59 344.29 344.23 344.72 344.64
 343.90 352.74 357.16 344.98 344.98 344.98 344.98 344.98 343.88 343.72 345.59 345.59 343.23 343.59 345.70 345.70 343.40 343.40 343.83 343.40 344.35 344.60 345.21 344.23
 343.90 348.32 352.74 344.98 344.98 344.98 344.98 344.35 343.72 343.72 343.56 343.23 343.23 342.79 342.79 345.70 343.40 343.83 343.83 342.45 343.40 342.60 342.60 342.60
 345.49 346.70 348.58 344.98 344.98 344.98 344.56 343.72 343.72 343.72 343.72 343.87 344.10 344.62 344.62 345.16 343.40 343.83 343.83 342.45 342.92 342.60 342.60 346.29
 346.29 346.29 346.29 345.14 344.57 344.57 344.57 343.72 343.72 343.72 343.96 344.43 344.43 344.53 344.58 344.87 343.40 343.83 343.83 342.45 343.89 346.29 346.29 346.29
 346.29 346.29 344.79 344.57 344.57 344.57 344.57 344.39 344.22 344.22 344.14 344.13 344.34 344.34 344.34 344.34 344.20 344.18 343.83 343.77 344.76 346.29 346.29 346.29
 345.82 344.80 344.79 344.57 344.57 344.57 344.57 344.39 344.22 344.22 344.07 343.93 344.13 344.24 344.48 344.87 344.87 344.87 345.07 345.10 345.07 344.87 345.82 346.29
 344.87 344.81 344.79 344.81 344.67 344.57 344.67 344.87 344.43 344.22 344.27 343.93 344.31 344.87 344.87 344.87 344.87 344.87 345.04 345.10 345.04 344.87 344.87 344.87
 344.87 344.83 344.79 344.83 344.87 344.87 344.87 344.87 344.87 344.87 344.87 344.87 344.87 344.87 344.87 344.87 344.87 344.87 344.99 345.10 344.99 344.87 344.87 344.87
 344.87 344.87 344.87 344.87 344.87 344.87 344.87 344.87 344.87 344.87 344.87 344.87 344.87 344.87 344.87 344.87 344.87 344.87 344.87 344.87 344.87 344.87 344.87 344.87
 346.69 346.69 346.69 346.69 346.69 346.69 346.69 346.69 346.69 346.69 346.69 346.69 346.69 346.69 346.69 346.69 346.69 346.69 346.69 346.69 346.69 346.69 346.69 346.69
 346.55 352.75 346.69 346.69 346.69 346.69 346.69 346.69 346.69 346.69 346.69 347.65 346.98 347.28 346.98 346.90 346.69 346.69 346.69 346.69 346.69 347.75 346.69 348.45
 353.87 365.00 365.00 355.84 347.34 347.66 347.34 346.69 346.69 347.65 348.61 348.61 348.08 347.55 347.34 347.12 346.78 346.64 346.48 346.76 347.97 348.82 348.34 351.19
 348.50 356.75 360.88 347.66 347.66 347.66 347.66 347.66 346.14 345.11 348.61 348.61 345.64 345.89 347.49 347.49 346.44 346.44 346.28 345.62 347.12 347.93 347.86 348.34
 348.50 352.62 356.75 347.66 347.66 347.66 347.66 346.38 345.11 345.11 345.29 345.64 345.64 344.23 344.23 347.49 346.44 346.28 346.28 344.11 345.62 347.14 347.86 347.81
 346.99 348.61 350.53 347.66 347.66 347.66 346.81 345.11 345.11 345.11 345.11 345.18 345.15 344.97 344.97 346.23 346.44 346.28 346.28 344.11 344.86 346.25 346.77 346.23
 346.23 346.23 346.23 345.03 344.44 344.44 344.44 345.11 345.11 345.11 345.02 344.84 344.84 344.90 344.93 345.58 346.44 346.28 346.28 344.11 345.07 346.23 346.23 346.23
 346.23 346.23 344.70 344.44 344.44 344.44 344.44 344.13 343.83 343.83 343.94 344.15 344.42 344.42 344.42 344.42 345.24 345.81 346.28 344.63 345.26 346.23 346.23 346.23
 345.78 344.72 344.70 344.44 344.44 344.44 344.44 344.13 343.83 343.83 343.85 343.88 344.15 344.28 344.52 344.87 344.87 344.87 345.11 345.15 345.11 344.87 345.78 346.23
 344.87 344.74 344.70 344.74 344.58 344.44 344.58 344.87 344.17 343.83 344.11 343.88 344.30 344.87 344.87 344.87 344.87 344.87 345.08 345.15 345.08 344.87 344.87 344.87
 344.87 344.78 344.70 344.78 344.87 344.87 344.87 344.87 344.87 344.87 344.87 344.87 344.87 344.87 344.87 344.87 344.87 344.87 345.01 345.15 345.01 344.87 344.87 344.87
 344.87 344.87 344.87 344.87 344.87 344.87 344.87 344.87 344.87 344.87 344.87 344.87 344.87 344.87 344.87 344.87 344.87 344.87 344.87 344.87 344.87 344.87 344.87 344.87
 348.86 348.86 348.86 348.86 348.86 348.86 348.86 348.86 348.86 348.86 348.86 348.86 348.86 348.86 348.86 348.86 348.86 348.86 348.86 348.86 348.86 348.86 348.86 348.86
 349.35 349.10 348.86 348.86 348.86 348.86 348.86 348.86 348.86 348.86 348.86 349.54 348.86 348.86 348.86 348.70 348.86 348.86 348.86 348.86 348.86 349.55 348.86 349.54
 351.11 351.11 349.98 348.86 348.83 348.82 348.83 348.86 348.86 349.54 350.23 350.23 349.64 349.05 348.80 348.54 348.05 348.15 348.35 348.86 349.98 350.25 349.72 349.21
 347.30 347.30 347.30 348.82 348.82 348.82 348.82 348.82 347.56 346.28 350.23 350.23 346.65 347.42 350.30 350.30 347.55 347.55 347.85 347.75 349.70 349.71 349.19 347.77
 347.30 347.30 347.30 348.82 348.82 348.82 348.82 347.55 346.28 346.28 346.40 346.65 346.65 345.79 345.79 350.30 347.55 347.85 347.85 345.80 347.75 348.88 349.19 347.34
 346.47 346.61 346.65 348.82 348.82 348.82 347.97 346.28 346.28 346.28 346.28 346.01 345.94 346.00 346.00 348.15 347.55 347.85 347.85 345.80 346.77 347.20 347.10 346.05
 346.05 346.05 346.05 345.03 344.52 344.52 344.52 346.28 346.28 346.28 345.91 345.18 345.18 345.59 345.79 346.97 347.55 347.85 347.85 345.80 346.21 346.05 346.05 346.05
 346.05 346.05 344.55 344.52 344.52 344.52 344.52 344.21 343.89 343.89 343.97 344.05 345.18 345.38 345.59 345.76 346.14 346.81 347.85 345.33 345.60 346.05 346.05 346.05
 345.61 344.57 344.55 344.52 344.52 344.52 344.52 344.21 343.89 343.89 343.97 344.05 344.05 344.05 344.39 344.73 344.73 344.73 344.83 344.85 344.83 344.73 345.61 346.05
 344.73 344.59 344.55 344.59 344.59 344.52 344.59 344.73 344.17 343.89 344.16 344.05 344.28 344.73 344.73 344.73 344.73 344.73 344.82 344.85 344.82 344.73 344.73 344.73
 344.73 344.64 344.55 344.64 344.73 344.73 344.73 344.73 344.73 344.73 344.73 344.73 344.73 344.73 344.73 344.73 344.73 344.73 344.79 344.85 344.79 344.73 344.73 344.73
 344.73 344.73 344.73 344.73 344.73 344.73 344.73 344.73 344.73 344.73 344.73 344.73 344.73 344.73 344.73 344.73 344.73 344.73 344.73 344.73 344.73 344.73 344.73 344.73
