1960 MONTHLY CO2 (PPMV)   24  12  LON/LAT (N-S/0-360E) IN 15 DEGREE RESOLUTION,  GLB ANNUAL MEAN = 316.69,  GROWTH RATE = 0.61,  MISS DATA = -99.99
 316.43 316.43 316.43 316.43 316.43 316.43 316.43 316.43 316.43 316.43 316.43 316.43 316.43 316.43 316.43 316.43 316.43 316.43 316.43 316.43 316.43 316.43 316.43 316.43
 316.43 316.43 316.43 316.43 316.43 316.43 316.43 316.43 316.43 316.43 316.43 316.43 316.43 316.43 316.43 316.43 316.43 316.43 316.43 316.43 316.43 316.43 316.43 316.43
 316.43 316.43 316.43 316.43 316.43 316.43 316.43 316.43 316.43 316.43 316.43 316.43 316.43 316.43 316.43 316.43 316.43 316.43 316.43 316.43 316.43 316.43 316.43 316.43
 316.43 316.43 316.43 316.43 316.43 316.43 316.43 316.43 316.43 316.43 316.43 316.43 316.43 316.43 316.43 316.43 316.43 316.43 316.43 316.43 316.43 316.43 316.43 316.43
 316.43 316.43 316.43 316.43 316.43 316.43 316.43 316.43 316.43 316.43 316.43 316.43 316.43 316.43 316.43 316.43 316.43 316.43 316.43 316.43 316.43 316.43 316.43 316.43
 316.43 316.43 316.43 316.43 316.43 316.43 316.43 316.43 316.43 316.43 316.43 316.43 316.43 316.43 316.43 316.43 316.43 316.43 316.43 316.43 316.43 316.43 316.43 316.43
 316.43 316.43 316.43 316.43 316.43 316.43 316.43 316.43 316.43 316.43 316.43 316.43 316.43 316.43 316.43 316.43 316.43 316.43 316.43 316.43 316.43 316.43 316.43 316.43
 316.43 316.43 316.43 316.43 316.43 316.43 316.43 316.43 316.43 316.43 316.43 316.43 316.43 316.43 316.43 316.43 316.43 316.43 316.43 316.43 316.43 316.43 316.43 316.43
 316.43 316.43 316.43 316.43 316.43 316.43 316.43 316.43 316.43 316.43 316.43 316.43 316.43 316.43 316.43 316.43 316.43 316.43 316.43 316.43 316.43 316.43 316.43 316.43
 316.43 316.43 316.43 316.43 316.43 316.43 316.43 316.43 316.43 316.43 316.43 316.43 316.43 316.43 316.43 316.43 316.43 316.43 316.43 316.43 316.43 316.43 316.43 316.43
 316.43 316.43 316.43 316.43 316.43 316.43 316.43 316.43 316.43 316.43 316.43 316.43 316.43 316.43 316.43 316.43 316.43 316.43 316.43 316.43 316.43 316.43 316.43 316.43
 316.43 316.43 316.43 316.43 316.43 316.43 316.43 316.43 316.43 316.43 316.43 316.43 316.43 316.43 316.43 316.43 316.43 316.43 316.43 316.43 316.43 316.43 316.43 316.43
 316.97 316.97 316.97 316.97 316.97 316.97 316.97 316.97 316.97 316.97 316.97 316.97 316.97 316.97 316.97 316.97 316.97 316.97 316.97 316.97 316.97 316.97 316.97 316.97
 316.97 316.97 316.97 316.97 316.97 316.97 316.97 316.97 316.97 316.97 316.97 316.97 316.97 316.97 316.97 316.97 316.97 316.97 316.97 316.97 316.97 316.97 316.97 316.97
 316.97 316.97 316.97 316.97 316.97 316.97 316.97 316.97 316.97 316.97 316.97 316.97 316.97 316.97 316.97 316.97 316.97 316.97 316.97 316.97 316.97 316.97 316.97 316.97
 316.97 316.97 316.97 316.97 316.97 316.97 316.97 316.97 316.97 316.97 316.97 316.97 316.97 316.97 316.97 316.97 316.97 316.97 316.97 316.97 316.97 316.97 316.97 316.97
 316.97 316.97 316.97 316.97 316.97 316.97 316.97 316.97 316.97 316.97 316.97 316.97 316.97 316.97 316.97 316.97 316.97 316.97 316.97 316.97 316.97 316.97 316.97 316.97
 316.97 316.97 316.97 316.97 316.97 316.97 316.97 316.97 316.97 316.97 316.97 316.97 316.97 316.97 316.97 316.97 316.97 316.97 316.97 316.97 316.97 316.97 316.97 316.97
 316.97 316.97 316.97 316.97 316.97 316.97 316.97 316.97 316.97 316.97 316.97 316.97 316.97 316.97 316.97 316.97 316.97 316.97 316.97 316.97 316.97 316.97 316.97 316.97
 316.97 316.97 316.97 316.97 316.97 316.97 316.97 316.97 316.97 316.97 316.97 316.97 316.97 316.97 316.97 316.97 316.97 316.97 316.97 316.97 316.97 316.97 316.97 316.97
 316.97 316.97 316.97 316.97 316.97 316.97 316.97 316.97 316.97 316.97 316.97 316.97 316.97 316.97 316.97 316.97 316.97 316.97 316.97 316.97 316.97 316.97 316.97 316.97
 316.97 316.97 316.97 316.97 316.97 316.97 316.97 316.97 316.97 316.97 316.97 316.97 316.97 316.97 316.97 316.97 316.97 316.97 316.97 316.97 316.97 316.97 316.97 316.97
 316.97 316.97 316.97 316.97 316.97 316.97 316.97 316.97 316.97 316.97 316.97 316.97 316.97 316.97 316.97 316.97 316.97 316.97 316.97 316.97 316.97 316.97 316.97 316.97
 316.97 316.97 316.97 316.97 316.97 316.97 316.97 316.97 316.97 316.97 316.97 316.97 316.97 316.97 316.97 316.97 316.97 316.97 316.97 316.97 316.97 316.97 316.97 316.97
 317.58 317.58 317.58 317.58 317.58 317.58 317.58 317.58 317.58 317.58 317.58 317.58 317.58 317.58 317.58 317.58 317.58 317.58 317.58 317.58 317.58 317.58 317.58 317.58
 317.58 317.58 317.58 317.58 317.58 317.58 317.58 317.58 317.58 317.58 317.58 317.58 317.58 317.58 317.58 317.58 317.58 317.58 317.58 317.58 317.58 317.58 317.58 317.58
 317.58 317.58 317.58 317.58 317.58 317.58 317.58 317.58 317.58 317.58 317.58 317.58 317.58 317.58 317.58 317.58 317.58 317.58 317.58 317.58 317.58 317.58 317.58 317.58
 317.58 317.58 317.58 317.58 317.58 317.58 317.58 317.58 317.58 317.58 317.58 317.58 317.58 317.58 317.58 317.58 317.58 317.58 317.58 317.58 317.58 317.58 317.58 317.58
 317.58 317.58 317.58 317.58 317.58 317.58 317.58 317.58 317.58 317.58 317.58 317.58 317.58 317.58 317.58 317.58 317.58 317.58 317.58 317.58 317.58 317.58 317.58 317.58
 317.58 317.58 317.58 317.58 317.58 317.58 317.58 317.58 317.58 317.58 317.58 317.58 317.58 317.58 317.58 317.58 317.58 317.58 317.58 317.58 317.58 317.58 317.58 317.58
 317.58 317.58 317.58 317.58 317.58 317.58 317.58 317.58 317.58 317.58 317.58 317.58 317.58 317.58 317.58 317.58 317.58 317.58 317.58 317.58 317.58 317.58 317.58 317.58
 317.58 317.58 317.58 317.58 317.58 317.58 317.58 317.58 317.58 317.58 317.58 317.58 317.58 317.58 317.58 317.58 317.58 317.58 317.58 317.58 317.58 317.58 317.58 317.58
 317.58 317.58 317.58 317.58 317.58 317.58 317.58 317.58 317.58 317.58 317.58 317.58 317.58 317.58 317.58 317.58 317.58 317.58 317.58 317.58 317.58 317.58 317.58 317.58
 317.58 317.58 317.58 317.58 317.58 317.58 317.58 317.58 317.58 317.58 317.58 317.58 317.58 317.58 317.58 317.58 317.58 317.58 317.58 317.58 317.58 317.58 317.58 317.58
 317.58 317.58 317.58 317.58 317.58 317.58 317.58 317.58 317.58 317.58 317.58 317.58 317.58 317.58 317.58 317.58 317.58 317.58 317.58 317.58 317.58 317.58 317.58 317.58
 317.58 317.58 317.58 317.58 317.58 317.58 317.58 317.58 317.58 317.58 317.58 317.58 317.58 317.58 317.58 317.58 317.58 317.58 317.58 317.58 317.58 317.58 317.58 317.58
 319.03 319.03 319.03 319.03 319.03 319.03 319.03 319.03 319.03 319.03 319.03 319.03 319.03 319.03 319.03 319.03 319.03 319.03 319.03 319.03 319.03 319.03 319.03 319.03
 319.03 319.03 319.03 319.03 319.03 319.03 319.03 319.03 319.03 319.03 319.03 319.03 319.03 319.03 319.03 319.03 319.03 319.03 319.03 319.03 319.03 319.03 319.03 319.03
 319.03 319.03 319.03 319.03 319.03 319.03 319.03 319.03 319.03 319.03 319.03 319.03 319.03 319.03 319.03 319.03 319.03 319.03 319.03 319.03 319.03 319.03 319.03 319.03
 319.03 319.03 319.03 319.03 319.03 319.03 319.03 319.03 319.03 319.03 319.03 319.03 319.03 319.03 319.03 319.03 319.03 319.03 319.03 319.03 319.03 319.03 319.03 319.03
 319.03 319.03 319.03 319.03 319.03 319.03 319.03 319.03 319.03 319.03 319.03 319.03 319.03 319.03 319.03 319.03 319.03 319.03 319.03 319.03 319.03 319.03 319.03 319.03
 319.03 319.03 319.03 319.03 319.03 319.03 319.03 319.03 319.03 319.03 319.03 319.03 319.03 319.03 319.03 319.03 319.03 319.03 319.03 319.03 319.03 319.03 319.03 319.03
 319.03 319.03 319.03 319.03 319.03 319.03 319.03 319.03 319.03 319.03 319.03 319.03 319.03 319.03 319.03 319.03 319.03 319.03 319.03 319.03 319.03 319.03 319.03 319.03
 319.03 319.03 319.03 319.03 319.03 319.03 319.03 319.03 319.03 319.03 319.03 319.03 319.03 319.03 319.03 319.03 319.03 319.03 319.03 319.03 319.03 319.03 319.03 319.03
 319.03 319.03 319.03 319.03 319.03 319.03 319.03 319.03 319.03 319.03 319.03 319.03 319.03 319.03 319.03 319.03 319.03 319.03 319.03 319.03 319.03 319.03 319.03 319.03
 319.03 319.03 319.03 319.03 319.03 319.03 319.03 319.03 319.03 319.03 319.03 319.03 319.03 319.03 319.03 319.03 319.03 319.03 319.03 319.03 319.03 319.03 319.03 319.03
 319.03 319.03 319.03 319.03 319.03 319.03 319.03 319.03 319.03 319.03 319.03 319.03 319.03 319.03 319.03 319.03 319.03 319.03 319.03 319.03 319.03 319.03 319.03 319.03
 319.03 319.03 319.03 319.03 319.03 319.03 319.03 319.03 319.03 319.03 319.03 319.03 319.03 319.03 319.03 319.03 319.03 319.03 319.03 319.03 319.03 319.03 319.03 319.03
 320.03 320.03 320.03 320.03 320.03 320.03 320.03 320.03 320.03 320.03 320.03 320.03 320.03 320.03 320.03 320.03 320.03 320.03 320.03 320.03 320.03 320.03 320.03 320.03
 320.03 320.03 320.03 320.03 320.03 320.03 320.03 320.03 320.03 320.03 320.03 320.03 320.03 320.03 320.03 320.03 320.03 320.03 320.03 320.03 320.03 320.03 320.03 320.03
 320.03 320.03 320.03 320.03 320.03 320.03 320.03 320.03 320.03 320.03 320.03 320.03 320.03 320.03 320.03 320.03 320.03 320.03 320.03 320.03 320.03 320.03 320.03 320.03
 320.03 320.03 320.03 320.03 320.03 320.03 320.03 320.03 320.03 320.03 320.03 320.03 320.03 320.03 320.03 320.03 320.03 320.03 320.03 320.03 320.03 320.03 320.03 320.03
 320.03 320.03 320.03 320.03 320.03 320.03 320.03 320.03 320.03 320.03 320.03 320.03 320.03 320.03 320.03 320.03 320.03 320.03 320.03 320.03 320.03 320.03 320.03 320.03
 320.03 320.03 320.03 320.03 320.03 320.03 320.03 320.03 320.03 320.03 320.03 320.03 320.03 320.03 320.03 320.03 320.03 320.03 320.03 320.03 320.03 320.03 320.03 320.03
 320.03 320.03 320.03 320.03 320.03 320.03 320.03 320.03 320.03 320.03 320.03 320.03 320.03 320.03 320.03 320.03 320.03 320.03 320.03 320.03 320.03 320.03 320.03 320.03
 320.03 320.03 320.03 320.03 320.03 320.03 320.03 320.03 320.03 320.03 320.03 320.03 320.03 320.03 320.03 320.03 320.03 320.03 320.03 320.03 320.03 320.03 320.03 320.03
 320.03 320.03 320.03 320.03 320.03 320.03 320.03 320.03 320.03 320.03 320.03 320.03 320.03 320.03 320.03 320.03 320.03 320.03 320.03 320.03 320.03 320.03 320.03 320.03
 320.03 320.03 320.03 320.03 320.03 320.03 320.03 320.03 320.03 320.03 320.03 320.03 320.03 320.03 320.03 320.03 320.03 320.03 320.03 320.03 320.03 320.03 320.03 320.03
 320.03 320.03 320.03 320.03 320.03 320.03 320.03 320.03 320.03 320.03 320.03 320.03 320.03 320.03 320.03 320.03 320.03 320.03 320.03 320.03 320.03 320.03 320.03 320.03
 320.03 320.03 320.03 320.03 320.03 320.03 320.03 320.03 320.03 320.03 320.03 320.03 320.03 320.03 320.03 320.03 320.03 320.03 320.03 320.03 320.03 320.03 320.03 320.03
 318.38 318.38 318.38 318.38 318.38 318.38 318.38 318.38 318.38 318.38 318.38 318.38 318.38 318.38 318.38 318.38 318.38 318.38 318.38 318.38 318.38 318.38 318.38 318.38
 316.38 316.38 316.38 316.38 316.38 316.38 319.39 319.59 319.59 319.59 319.59 319.59 319.59 319.59 319.59 319.59 319.59 319.59 319.59 319.59 319.39 316.38 316.38 316.38
 316.38 316.38 316.38 316.38 316.38 316.38 319.19 319.59 319.59 319.59 319.59 319.59 319.59 319.59 319.59 319.59 319.59 319.59 319.59 319.59 319.19 316.38 316.38 316.38
 316.38 316.38 316.38 316.38 316.38 316.38 318.79 319.59 319.59 319.59 319.59 319.59 319.59 319.59 319.59 319.59 319.59 319.59 319.59 319.59 318.79 316.38 316.38 316.38
 316.38 316.38 316.38 316.38 316.38 316.38 317.99 319.59 319.59 319.59 319.59 319.59 319.59 319.59 319.59 319.59 319.59 319.59 319.59 319.59 317.99 316.38 316.38 316.38
 316.38 316.38 316.38 316.38 316.38 316.38 316.38 316.38 318.52 319.59 319.59 319.59 319.59 319.59 319.59 319.59 319.59 319.59 318.52 316.38 316.38 316.38 316.38 316.38
 316.38 316.38 316.38 316.38 316.38 316.38 316.38 316.38 316.38 316.38 318.52 319.59 319.59 319.59 319.59 319.59 318.52 316.38 316.38 316.38 316.38 316.38 316.38 316.38
 316.38 316.38 316.38 316.38 316.38 316.38 316.38 316.38 316.38 316.38 316.38 316.38 318.52 319.59 318.52 316.38 316.38 316.38 316.38 316.38 316.38 316.38 316.38 316.38
 316.38 316.38 316.38 316.38 316.38 316.38 316.38 316.38 316.38 316.38 316.38 316.38 316.38 316.38 316.38 316.38 316.38 316.38 316.38 316.38 316.38 316.38 316.38 316.38
 316.38 316.38 316.38 316.38 316.38 316.38 316.38 316.38 316.38 316.38 316.38 316.38 316.38 316.38 316.38 316.38 316.38 316.38 316.38 316.38 316.38 316.38 316.38 316.38
 316.38 316.38 316.38 316.38 316.38 316.38 316.38 316.38 316.38 316.38 316.38 316.38 316.38 316.38 316.38 316.38 316.38 316.38 316.38 316.38 316.38 316.38 316.38 316.38
 316.38 316.38 316.38 316.38 316.38 316.38 316.38 316.38 316.38 316.38 316.38 316.38 316.38 316.38 316.38 316.38 316.38 316.38 316.38 316.38 316.38 316.38 316.38 316.38
 317.62 317.62 317.62 317.62 317.62 317.62 317.62 317.62 317.62 317.62 317.62 317.62 317.62 317.62 317.62 317.62 317.62 317.62 317.62 317.62 317.62 317.62 317.62 317.62
 316.69 316.69 316.69 316.69 316.69 316.69 318.09 318.18 318.18 318.18 318.18 318.18 318.18 318.18 318.18 318.18 318.18 318.18 318.18 318.18 318.09 316.69 316.69 316.69
 316.69 316.69 316.69 316.69 316.69 316.69 317.99 318.18 318.18 318.18 318.18 318.18 318.18 318.18 318.18 318.18 318.18 318.18 318.18 318.18 317.99 316.69 316.69 316.69
 316.69 316.69 316.69 316.69 316.69 316.69 317.81 318.18 318.18 318.18 318.18 318.18 318.18 318.18 318.18 318.18 318.18 318.18 318.18 318.18 317.81 316.69 316.69 316.69
 316.69 316.69 316.69 316.69 316.69 316.69 317.44 318.18 318.18 318.18 318.18 318.18 318.18 318.18 318.18 318.18 318.18 318.18 318.18 318.18 317.44 316.69 316.69 316.69
 316.69 316.69 316.69 316.69 316.69 316.69 316.69 316.69 317.68 318.18 318.18 318.18 318.18 318.18 318.18 318.18 318.18 318.18 317.68 316.69 316.69 316.69 316.69 316.69
 316.69 316.69 316.69 316.69 316.69 316.69 316.69 316.69 316.69 316.69 317.68 318.18 318.18 318.18 318.18 318.18 317.68 316.69 316.69 316.69 316.69 316.69 316.69 316.69
 316.69 316.69 316.69 316.69 316.69 316.69 316.69 316.69 316.69 316.69 316.69 316.69 317.68 318.18 317.68 316.69 316.69 316.69 316.69 316.69 316.69 316.69 316.69 316.69
 316.69 316.69 316.69 316.69 316.69 316.69 316.69 316.69 316.69 316.69 316.69 316.69 316.69 316.69 316.69 316.69 316.69 316.69 316.69 316.69 316.69 316.69 316.69 316.69
 316.69 316.69 316.69 316.69 316.69 316.69 316.69 316.69 316.69 316.69 316.69 316.69 316.69 316.69 316.69 316.69 316.69 316.69 316.69 316.69 316.69 316.69 316.69 316.69
 316.69 316.69 316.69 316.69 316.69 316.69 316.69 316.69 316.69 316.69 316.69 316.69 316.69 316.69 316.69 316.69 316.69 316.69 316.69 316.69 316.69 316.69 316.69 316.69
 316.69 316.69 316.69 316.69 316.69 316.69 316.69 316.69 316.69 316.69 316.69 316.69 316.69 316.69 316.69 316.69 316.69 316.69 316.69 316.69 316.69 316.69 316.69 316.69
 316.23 316.23 316.23 316.23 316.23 316.23 316.23 316.23 316.23 316.23 316.23 316.23 316.23 316.23 316.23 316.23 316.23 316.23 316.23 316.23 316.23 316.23 316.23 316.23
 316.75 316.75 316.75 316.75 316.75 316.75 315.96 315.91 315.91 315.91 315.91 315.91 315.91 315.91 315.91 315.91 315.91 315.91 315.91 315.91 315.96 316.75 316.75 316.75
 316.75 316.75 316.75 316.75 316.75 316.75 316.01 315.91 315.91 315.91 315.91 315.91 315.91 315.91 315.91 315.91 315.91 315.91 315.91 315.91 316.01 316.75 316.75 316.75
 316.75 316.75 316.75 316.75 316.75 316.75 316.12 315.91 315.91 315.91 315.91 315.91 315.91 315.91 315.91 315.91 315.91 315.91 315.91 315.91 316.12 316.75 316.75 316.75
 316.75 316.75 316.75 316.75 316.75 316.75 316.33 315.91 315.91 315.91 315.91 315.91 315.91 315.91 315.91 315.91 315.91 315.91 315.91 315.91 316.33 316.75 316.75 316.75
 316.75 316.75 316.75 316.75 316.75 316.75 316.75 316.75 316.19 315.91 315.91 315.91 315.91 315.91 315.91 315.91 315.91 315.91 316.19 316.75 316.75 316.75 316.75 316.75
 316.75 316.75 316.75 316.75 316.75 316.75 316.75 316.75 316.75 316.75 316.19 315.91 315.91 315.91 315.91 315.91 316.19 316.75 316.75 316.75 316.75 316.75 316.75 316.75
 316.75 316.75 316.75 316.75 316.75 316.75 316.75 316.75 316.75 316.75 316.75 316.75 316.19 315.91 316.19 316.75 316.75 316.75 316.75 316.75 316.75 316.75 316.75 316.75
 316.75 316.75 316.75 316.75 316.75 316.75 316.75 316.75 316.75 316.75 316.75 316.75 316.75 316.75 316.75 316.75 316.75 316.75 316.75 316.75 316.75 316.75 316.75 316.75
 316.75 316.75 316.75 316.75 316.75 316.75 316.75 316.75 316.75 316.75 316.75 316.75 316.75 316.75 316.75 316.75 316.75 316.75 316.75 316.75 316.75 316.75 316.75 316.75
 316.75 316.75 316.75 316.75 316.75 316.75 316.75 316.75 316.75 316.75 316.75 316.75 316.75 316.75 316.75 316.75 316.75 316.75 316.75 316.75 316.75 316.75 316.75 316.75
 316.75 316.75 316.75 316.75 316.75 316.75 316.75 316.75 316.75 316.75 316.75 316.75 316.75 316.75 316.75 316.75 316.75 316.75 316.75 316.75 316.75 316.75 316.75 316.75
 314.16 314.16 314.16 314.16 314.16 314.16 314.16 314.16 314.16 314.16 314.16 314.16 314.16 314.16 314.16 314.16 314.16 314.16 314.16 314.16 314.16 314.16 314.16 314.16
 314.16 314.16 314.16 314.16 314.16 314.16 314.16 314.16 314.16 314.16 314.16 314.16 314.16 314.16 314.16 314.16 314.16 314.16 314.16 314.16 314.16 314.16 314.16 314.16
 314.16 314.16 314.16 314.16 314.16 314.16 314.16 314.16 314.16 314.16 314.16 314.16 314.16 314.16 314.16 314.16 314.16 314.16 314.16 314.16 314.16 314.16 314.16 314.16
 314.16 314.16 314.16 314.16 314.16 314.16 314.16 314.16 314.16 314.16 314.16 314.16 314.16 314.16 314.16 314.16 314.16 314.16 314.16 314.16 314.16 314.16 314.16 314.16
 314.16 314.16 314.16 314.16 314.16 314.16 314.16 314.16 314.16 314.16 314.16 314.16 314.16 314.16 314.16 314.16 314.16 314.16 314.16 314.16 314.16 314.16 314.16 314.16
 314.16 314.16 314.16 314.16 314.16 314.16 314.16 314.16 314.16 314.16 314.16 314.16 314.16 314.16 314.16 314.16 314.16 314.16 314.16 314.16 314.16 314.16 314.16 314.16
 314.16 314.16 314.16 314.16 314.16 314.16 314.16 314.16 314.16 314.16 314.16 314.16 314.16 314.16 314.16 314.16 314.16 314.16 314.16 314.16 314.16 314.16 314.16 314.16
 314.16 314.16 314.16 314.16 314.16 314.16 314.16 314.16 314.16 314.16 314.16 314.16 314.16 314.16 314.16 314.16 314.16 314.16 314.16 314.16 314.16 314.16 314.16 314.16
 314.16 314.16 314.16 314.16 314.16 314.16 314.16 314.16 314.16 314.16 314.16 314.16 314.16 314.16 314.16 314.16 314.16 314.16 314.16 314.16 314.16 314.16 314.16 314.16
 314.16 314.16 314.16 314.16 314.16 314.16 314.16 314.16 314.16 314.16 314.16 314.16 314.16 314.16 314.16 314.16 314.16 314.16 314.16 314.16 314.16 314.16 314.16 314.16
 314.16 314.16 314.16 314.16 314.16 314.16 314.16 314.16 314.16 314.16 314.16 314.16 314.16 314.16 314.16 314.16 314.16 314.16 314.16 314.16 314.16 314.16 314.16 314.16
 314.16 314.16 314.16 314.16 314.16 314.16 314.16 314.16 314.16 314.16 314.16 314.16 314.16 314.16 314.16 314.16 314.16 314.16 314.16 314.16 314.16 314.16 314.16 314.16
 313.83 313.83 313.83 313.83 313.83 313.83 313.83 313.83 313.83 313.83 313.83 313.83 313.83 313.83 313.83 313.83 313.83 313.83 313.83 313.83 313.83 313.83 313.83 313.83
 313.83 313.83 313.83 313.83 313.83 313.83 313.83 313.83 313.83 313.83 313.83 313.83 313.83 313.83 313.83 313.83 313.83 313.83 313.83 313.83 313.83 313.83 313.83 313.83
 313.83 313.83 313.83 313.83 313.83 313.83 313.83 313.83 313.83 313.83 313.83 313.83 313.83 313.83 313.83 313.83 313.83 313.83 313.83 313.83 313.83 313.83 313.83 313.83
 313.83 313.83 313.83 313.83 313.83 313.83 313.83 313.83 313.83 313.83 313.83 313.83 313.83 313.83 313.83 313.83 313.83 313.83 313.83 313.83 313.83 313.83 313.83 313.83
 313.83 313.83 313.83 313.83 313.83 313.83 313.83 313.83 313.83 313.83 313.83 313.83 313.83 313.83 313.83 313.83 313.83 313.83 313.83 313.83 313.83 313.83 313.83 313.83
 313.83 313.83 313.83 313.83 313.83 313.83 313.83 313.83 313.83 313.83 313.83 313.83 313.83 313.83 313.83 313.83 313.83 313.83 313.83 313.83 313.83 313.83 313.83 313.83
 313.83 313.83 313.83 313.83 313.83 313.83 313.83 313.83 313.83 313.83 313.83 313.83 313.83 313.83 313.83 313.83 313.83 313.83 313.83 313.83 313.83 313.83 313.83 313.83
 313.83 313.83 313.83 313.83 313.83 313.83 313.83 313.83 313.83 313.83 313.83 313.83 313.83 313.83 313.83 313.83 313.83 313.83 313.83 313.83 313.83 313.83 313.83 313.83
 313.83 313.83 313.83 313.83 313.83 313.83 313.83 313.83 313.83 313.83 313.83 313.83 313.83 313.83 313.83 313.83 313.83 313.83 313.83 313.83 313.83 313.83 313.83 313.83
 313.83 313.83 313.83 313.83 313.83 313.83 313.83 313.83 313.83 313.83 313.83 313.83 313.83 313.83 313.83 313.83 313.83 313.83 313.83 313.83 313.83 313.83 313.83 313.83
 313.83 313.83 313.83 313.83 313.83 313.83 313.83 313.83 313.83 313.83 313.83 313.83 313.83 313.83 313.83 313.83 313.83 313.83 313.83 313.83 313.83 313.83 313.83 313.83
 313.83 313.83 313.83 313.83 313.83 313.83 313.83 313.83 313.83 313.83 313.83 313.83 313.83 313.83 313.83 313.83 313.83 313.83 313.83 313.83 313.83 313.83 313.83 313.83
 315.00 315.00 315.00 315.00 315.00 315.00 315.00 315.00 315.00 315.00 315.00 315.00 315.00 315.00 315.00 315.00 315.00 315.00 315.00 315.00 315.00 315.00 315.00 315.00
 315.00 315.00 315.00 315.00 315.00 315.00 315.00 315.00 315.00 315.00 315.00 315.00 315.00 315.00 315.00 315.00 315.00 315.00 315.00 315.00 315.00 315.00 315.00 315.00
 315.00 315.00 315.00 315.00 315.00 315.00 315.00 315.00 315.00 315.00 315.00 315.00 315.00 315.00 315.00 315.00 315.00 315.00 315.00 315.00 315.00 315.00 315.00 315.00
 315.00 315.00 315.00 315.00 315.00 315.00 315.00 315.00 315.00 315.00 315.00 315.00 315.00 315.00 315.00 315.00 315.00 315.00 315.00 315.00 315.00 315.00 315.00 315.00
 315.00 315.00 315.00 315.00 315.00 315.00 315.00 315.00 315.00 315.00 315.00 315.00 315.00 315.00 315.00 315.00 315.00 315.00 315.00 315.00 315.00 315.00 315.00 315.00
 315.00 315.00 315.00 315.00 315.00 315.00 315.00 315.00 315.00 315.00 315.00 315.00 315.00 315.00 315.00 315.00 315.00 315.00 315.00 315.00 315.00 315.00 315.00 315.00
 315.00 315.00 315.00 315.00 315.00 315.00 315.00 315.00 315.00 315.00 315.00 315.00 315.00 315.00 315.00 315.00 315.00 315.00 315.00 315.00 315.00 315.00 315.00 315.00
 315.00 315.00 315.00 315.00 315.00 315.00 315.00 315.00 315.00 315.00 315.00 315.00 315.00 315.00 315.00 315.00 315.00 315.00 315.00 315.00 315.00 315.00 315.00 315.00
 315.00 315.00 315.00 315.00 315.00 315.00 315.00 315.00 315.00 315.00 315.00 315.00 315.00 315.00 315.00 315.00 315.00 315.00 315.00 315.00 315.00 315.00 315.00 315.00
 315.00 315.00 315.00 315.00 315.00 315.00 315.00 315.00 315.00 315.00 315.00 315.00 315.00 315.00 315.00 315.00 315.00 315.00 315.00 315.00 315.00 315.00 315.00 315.00
 315.00 315.00 315.00 315.00 315.00 315.00 315.00 315.00 315.00 315.00 315.00 315.00 315.00 315.00 315.00 315.00 315.00 315.00 315.00 315.00 315.00 315.00 315.00 315.00
 315.00 315.00 315.00 315.00 315.00 315.00 315.00 315.00 315.00 315.00 315.00 315.00 315.00 315.00 315.00 315.00 315.00 315.00 315.00 315.00 315.00 315.00 315.00 315.00
 316.19 316.19 316.19 316.19 316.19 316.19 316.19 316.19 316.19 316.19 316.19 316.19 316.19 316.19 316.19 316.19 316.19 316.19 316.19 316.19 316.19 316.19 316.19 316.19
 316.19 316.19 316.19 316.19 316.19 316.19 316.19 316.19 316.19 316.19 316.19 316.19 316.19 316.19 316.19 316.19 316.19 316.19 316.19 316.19 316.19 316.19 316.19 316.19
 316.19 316.19 316.19 316.19 316.19 316.19 316.19 316.19 316.19 316.19 316.19 316.19 316.19 316.19 316.19 316.19 316.19 316.19 316.19 316.19 316.19 316.19 316.19 316.19
 316.19 316.19 316.19 316.19 316.19 316.19 316.19 316.19 316.19 316.19 316.19 316.19 316.19 316.19 316.19 316.19 316.19 316.19 316.19 316.19 316.19 316.19 316.19 316.19
 316.19 316.19 316.19 316.19 316.19 316.19 316.19 316.19 316.19 316.19 316.19 316.19 316.19 316.19 316.19 316.19 316.19 316.19 316.19 316.19 316.19 316.19 316.19 316.19
 316.19 316.19 316.19 316.19 316.19 316.19 316.19 316.19 316.19 316.19 316.19 316.19 316.19 316.19 316.19 316.19 316.19 316.19 316.19 316.19 316.19 316.19 316.19 316.19
 316.19 316.19 316.19 316.19 316.19 316.19 316.19 316.19 316.19 316.19 316.19 316.19 316.19 316.19 316.19 316.19 316.19 316.19 316.19 316.19 316.19 316.19 316.19 316.19
 316.19 316.19 316.19 316.19 316.19 316.19 316.19 316.19 316.19 316.19 316.19 316.19 316.19 316.19 316.19 316.19 316.19 316.19 316.19 316.19 316.19 316.19 316.19 316.19
 316.19 316.19 316.19 316.19 316.19 316.19 316.19 316.19 316.19 316.19 316.19 316.19 316.19 316.19 316.19 316.19 316.19 316.19 316.19 316.19 316.19 316.19 316.19 316.19
 316.19 316.19 316.19 316.19 316.19 316.19 316.19 316.19 316.19 316.19 316.19 316.19 316.19 316.19 316.19 316.19 316.19 316.19 316.19 316.19 316.19 316.19 316.19 316.19
 316.19 316.19 316.19 316.19 316.19 316.19 316.19 316.19 316.19 316.19 316.19 316.19 316.19 316.19 316.19 316.19 316.19 316.19 316.19 316.19 316.19 316.19 316.19 316.19
 316.19 316.19 316.19 316.19 316.19 316.19 316.19 316.19 316.19 316.19 316.19 316.19 316.19 316.19 316.19 316.19 316.19 316.19 316.19 316.19 316.19 316.19 316.19 316.19
