1967 MONTHLY CO2 (PPMV)   24  12  LON/LAT (N-S/0-360E) IN 15 DEGREE RESOLUTION,  GLB ANNUAL MEAN = 321.81,  GROWTH RATE = 0.77,  MISS DATA = -99.99
 322.33 322.33 322.33 322.33 322.33 322.33 322.33 322.33 322.33 322.33 322.33 322.33 322.33 322.33 322.33 322.33 322.33 322.33 322.33 322.33 322.33 322.33 322.33 322.33
 322.33 322.33 322.33 322.33 322.33 322.33 322.33 322.33 322.33 322.33 322.33 322.33 322.33 322.33 322.33 322.33 322.33 322.33 322.33 322.33 322.33 322.33 322.33 322.33
 322.33 322.33 322.33 322.33 322.33 322.33 322.33 322.33 322.33 322.33 322.33 322.33 322.33 322.33 322.33 322.33 322.33 322.33 322.33 322.33 322.33 322.33 322.33 322.33
 322.33 322.33 322.33 322.33 322.33 322.33 322.33 322.33 322.33 322.33 322.33 322.33 322.33 322.33 322.33 322.33 322.33 322.33 322.33 322.33 322.33 322.33 322.33 322.33
 322.33 322.33 322.33 322.33 322.33 322.33 322.33 322.33 322.33 322.33 322.33 322.33 322.33 322.33 322.33 322.33 322.33 322.33 322.33 322.33 322.33 322.33 322.33 322.33
 322.33 322.33 322.33 322.33 322.33 322.33 322.33 322.33 322.33 322.33 322.33 322.33 322.33 322.33 322.33 322.33 322.33 322.33 322.33 322.33 322.33 322.33 322.33 322.33
 322.33 322.33 322.33 322.33 322.33 322.33 322.33 322.33 322.33 322.33 322.33 322.33 322.33 322.33 322.33 322.33 322.33 322.33 322.33 322.33 322.33 322.33 322.33 322.33
 322.33 322.33 322.33 322.33 322.33 322.33 322.33 322.33 322.33 322.33 322.33 322.33 322.33 322.33 322.33 322.33 322.33 322.33 322.33 322.33 322.33 322.33 322.33 322.33
 322.33 322.33 322.33 322.33 322.33 322.33 322.33 322.33 322.33 322.33 322.33 322.33 322.33 322.33 322.33 322.33 322.33 322.33 322.33 322.33 322.33 322.33 322.33 322.33
 322.33 322.33 322.33 322.33 322.33 322.33 322.33 322.33 322.33 322.33 322.33 322.33 322.33 322.33 322.33 322.33 322.33 322.33 322.33 322.33 322.33 322.33 322.33 322.33
 322.33 322.33 322.33 322.33 322.33 322.33 322.33 322.33 322.33 322.33 322.33 322.33 322.33 322.33 322.33 322.33 322.33 322.33 322.33 322.33 322.33 322.33 322.33 322.33
 322.33 322.33 322.33 322.33 322.33 322.33 322.33 322.33 322.33 322.33 322.33 322.33 322.33 322.33 322.33 322.33 322.33 322.33 322.33 322.33 322.33 322.33 322.33 322.33
 321.94 321.94 321.94 321.94 321.94 321.94 321.94 321.94 321.94 321.94 321.94 321.94 321.94 321.94 321.94 321.94 321.94 321.94 321.94 321.94 321.94 321.94 321.94 321.94
 321.01 321.01 321.01 321.01 321.01 321.01 322.41 322.50 322.50 322.50 322.50 322.50 322.50 322.50 322.50 322.50 322.50 322.50 322.50 322.50 322.41 321.01 321.01 321.01
 321.01 321.01 321.01 321.01 321.01 321.01 322.31 322.50 322.50 322.50 322.50 322.50 322.50 322.50 322.50 322.50 322.50 322.50 322.50 322.50 322.31 321.01 321.01 321.01
 321.01 321.01 321.01 321.01 321.01 321.01 322.13 322.50 322.50 322.50 322.50 322.50 322.50 322.50 322.50 322.50 322.50 322.50 322.50 322.50 322.13 321.01 321.01 321.01
 321.01 321.01 321.01 321.01 321.01 321.01 321.75 322.50 322.50 322.50 322.50 322.50 322.50 322.50 322.50 322.50 322.50 322.50 322.50 322.50 321.75 321.01 321.01 321.01
 321.01 321.01 321.01 321.01 321.01 321.01 321.01 321.01 322.00 322.50 322.50 322.50 322.50 322.50 322.50 322.50 322.50 322.50 322.00 321.01 321.01 321.01 321.01 321.01
 321.01 321.01 321.01 321.01 321.01 321.01 321.01 321.01 321.01 321.01 322.00 322.50 322.50 322.50 322.50 322.50 322.00 321.01 321.01 321.01 321.01 321.01 321.01 321.01
 321.01 321.01 321.01 321.01 321.01 321.01 321.01 321.01 321.01 321.01 321.01 321.01 322.00 322.50 322.00 321.01 321.01 321.01 321.01 321.01 321.01 321.01 321.01 321.01
 321.01 321.01 321.01 321.01 321.01 321.01 321.01 321.01 321.01 321.01 321.01 321.01 321.01 321.01 321.01 321.01 321.01 321.01 321.01 321.01 321.01 321.01 321.01 321.01
 321.01 321.01 321.01 321.01 321.01 321.01 321.01 321.01 321.01 321.01 321.01 321.01 321.01 321.01 321.01 321.01 321.01 321.01 321.01 321.01 321.01 321.01 321.01 321.01
 321.01 321.01 321.01 321.01 321.01 321.01 321.01 321.01 321.01 321.01 321.01 321.01 321.01 321.01 321.01 321.01 321.01 321.01 321.01 321.01 321.01 321.01 321.01 321.01
 321.01 321.01 321.01 321.01 321.01 321.01 321.01 321.01 321.01 321.01 321.01 321.01 321.01 321.01 321.01 321.01 321.01 321.01 321.01 321.01 321.01 321.01 321.01 321.01
 323.04 323.04 323.04 323.04 323.04 323.04 323.04 323.04 323.04 323.04 323.04 323.04 323.04 323.04 323.04 323.04 323.04 323.04 323.04 323.04 323.04 323.04 323.04 323.04
 323.04 323.04 323.04 323.04 323.04 323.04 323.04 323.04 323.04 323.04 323.04 323.04 323.04 323.04 323.04 323.04 323.04 323.04 323.04 323.04 323.04 323.04 323.04 323.04
 323.04 323.04 323.04 323.04 323.04 323.04 323.04 323.04 323.04 323.04 323.04 323.04 323.04 323.04 323.04 323.04 323.04 323.04 323.04 323.04 323.04 323.04 323.04 323.04
 323.04 323.04 323.04 323.04 323.04 323.04 323.04 323.04 323.04 323.04 323.04 323.04 323.04 323.04 323.04 323.04 323.04 323.04 323.04 323.04 323.04 323.04 323.04 323.04
 323.04 323.04 323.04 323.04 323.04 323.04 323.04 323.04 323.04 323.04 323.04 323.04 323.04 323.04 323.04 323.04 323.04 323.04 323.04 323.04 323.04 323.04 323.04 323.04
 323.04 323.04 323.04 323.04 323.04 323.04 323.04 323.04 323.04 323.04 323.04 323.04 323.04 323.04 323.04 323.04 323.04 323.04 323.04 323.04 323.04 323.04 323.04 323.04
 323.04 323.04 323.04 323.04 323.04 323.04 323.04 323.04 323.04 323.04 323.04 323.04 323.04 323.04 323.04 323.04 323.04 323.04 323.04 323.04 323.04 323.04 323.04 323.04
 323.04 323.04 323.04 323.04 323.04 323.04 323.04 323.04 323.04 323.04 323.04 323.04 323.04 323.04 323.04 323.04 323.04 323.04 323.04 323.04 323.04 323.04 323.04 323.04
 323.04 323.04 323.04 323.04 323.04 323.04 323.04 323.04 323.04 323.04 323.04 323.04 323.04 323.04 323.04 323.04 323.04 323.04 323.04 323.04 323.04 323.04 323.04 323.04
 323.04 323.04 323.04 323.04 323.04 323.04 323.04 323.04 323.04 323.04 323.04 323.04 323.04 323.04 323.04 323.04 323.04 323.04 323.04 323.04 323.04 323.04 323.04 323.04
 323.04 323.04 323.04 323.04 323.04 323.04 323.04 323.04 323.04 323.04 323.04 323.04 323.04 323.04 323.04 323.04 323.04 323.04 323.04 323.04 323.04 323.04 323.04 323.04
 323.04 323.04 323.04 323.04 323.04 323.04 323.04 323.04 323.04 323.04 323.04 323.04 323.04 323.04 323.04 323.04 323.04 323.04 323.04 323.04 323.04 323.04 323.04 323.04
 323.08 323.08 323.08 323.08 323.08 323.08 323.08 323.08 323.08 323.08 323.08 323.08 323.08 323.08 323.08 323.08 323.08 323.08 323.08 323.08 323.08 323.08 323.08 323.08
 320.86 320.86 320.86 320.86 320.86 320.86 324.20 324.42 324.42 324.42 324.42 324.42 324.42 324.42 324.42 324.42 324.42 324.42 324.42 324.42 324.20 320.86 320.86 320.86
 320.86 320.86 320.86 320.86 320.86 320.86 323.98 324.42 324.42 324.42 324.42 324.42 324.42 324.42 324.42 324.42 324.42 324.42 324.42 324.42 323.98 320.86 320.86 320.86
 320.86 320.86 320.86 320.86 320.86 320.86 323.53 324.42 324.42 324.42 324.42 324.42 324.42 324.42 324.42 324.42 324.42 324.42 324.42 324.42 323.53 320.86 320.86 320.86
 320.86 320.86 320.86 320.86 320.86 320.86 322.64 324.42 324.42 324.42 324.42 324.42 324.42 324.42 324.42 324.42 324.42 324.42 324.42 324.42 322.64 320.86 320.86 320.86
 320.86 320.86 320.86 320.86 320.86 320.86 320.86 320.86 323.23 324.42 324.42 324.42 324.42 324.42 324.42 324.42 324.42 324.42 323.23 320.86 320.86 320.86 320.86 320.86
 320.86 320.86 320.86 320.86 320.86 320.86 320.86 320.86 320.86 320.86 323.23 324.42 324.42 324.42 324.42 324.42 323.23 320.86 320.86 320.86 320.86 320.86 320.86 320.86
 320.86 320.86 320.86 320.86 320.86 320.86 320.86 320.86 320.86 320.86 320.86 320.86 323.23 324.42 323.23 320.86 320.86 320.86 320.86 320.86 320.86 320.86 320.86 320.86
 320.86 320.86 320.86 320.86 320.86 320.86 320.86 320.86 320.86 320.86 320.86 320.86 320.86 320.86 320.86 320.86 320.86 320.86 320.86 320.86 320.86 320.86 320.86 320.86
 320.86 320.86 320.86 320.86 320.86 320.86 320.86 320.86 320.86 320.86 320.86 320.86 320.86 320.86 320.86 320.86 320.86 320.86 320.86 320.86 320.86 320.86 320.86 320.86
 320.86 320.86 320.86 320.86 320.86 320.86 320.86 320.86 320.86 320.86 320.86 320.86 320.86 320.86 320.86 320.86 320.86 320.86 320.86 320.86 320.86 320.86 320.86 320.86
 320.86 320.86 320.86 320.86 320.86 320.86 320.86 320.86 320.86 320.86 320.86 320.86 320.86 320.86 320.86 320.86 320.86 320.86 320.86 320.86 320.86 320.86 320.86 320.86
 323.49 323.49 323.49 323.49 323.49 323.49 323.49 323.49 323.49 323.49 323.49 323.49 323.49 323.49 323.49 323.49 323.49 323.49 323.49 323.49 323.49 323.49 323.49 323.49
 321.00 321.00 321.00 321.00 321.00 321.00 324.75 325.00 325.00 325.00 325.00 325.00 325.00 325.00 325.00 325.00 325.00 325.00 325.00 325.00 324.75 321.00 321.00 321.00
 321.00 321.00 321.00 321.00 321.00 321.00 324.50 325.00 325.00 325.00 325.00 325.00 325.00 325.00 325.00 325.00 325.00 325.00 325.00 325.00 324.50 321.00 321.00 321.00
 321.00 321.00 321.00 321.00 321.00 321.00 324.00 325.00 325.00 325.00 325.00 325.00 325.00 325.00 325.00 325.00 325.00 325.00 325.00 325.00 324.00 321.00 321.00 321.00
 321.00 321.00 321.00 321.00 321.00 321.00 323.00 325.00 325.00 325.00 325.00 325.00 325.00 325.00 325.00 325.00 325.00 325.00 325.00 325.00 323.00 321.00 321.00 321.00
 321.00 321.00 321.00 321.00 321.00 321.00 321.00 321.00 323.67 325.00 325.00 325.00 325.00 325.00 325.00 325.00 325.00 325.00 323.67 321.00 321.00 321.00 321.00 321.00
 321.00 321.00 321.00 321.00 321.00 321.00 321.00 321.00 321.00 321.00 323.67 325.00 325.00 325.00 325.00 325.00 323.67 321.00 321.00 321.00 321.00 321.00 321.00 321.00
 321.00 321.00 321.00 321.00 321.00 321.00 321.00 321.00 321.00 321.00 321.00 321.00 323.67 325.00 323.67 321.00 321.00 321.00 321.00 321.00 321.00 321.00 321.00 321.00
 321.00 321.00 321.00 321.00 321.00 321.00 321.00 321.00 321.00 321.00 321.00 321.00 321.00 321.00 321.00 321.00 321.00 321.00 321.00 321.00 321.00 321.00 321.00 321.00
 321.00 321.00 321.00 321.00 321.00 321.00 321.00 321.00 321.00 321.00 321.00 321.00 321.00 321.00 321.00 321.00 321.00 321.00 321.00 321.00 321.00 321.00 321.00 321.00
 321.00 321.00 321.00 321.00 321.00 321.00 321.00 321.00 321.00 321.00 321.00 321.00 321.00 321.00 321.00 321.00 321.00 321.00 321.00 321.00 321.00 321.00 321.00 321.00
 321.00 321.00 321.00 321.00 321.00 321.00 321.00 321.00 321.00 321.00 321.00 321.00 321.00 321.00 321.00 321.00 321.00 321.00 321.00 321.00 321.00 321.00 321.00 321.00
 322.91 322.91 322.91 322.91 322.91 322.91 322.91 322.91 322.91 322.91 322.91 322.91 322.91 322.91 322.91 322.91 322.91 322.91 322.91 322.91 322.91 322.91 322.91 322.91
 320.96 320.96 320.96 320.96 320.96 320.96 323.89 324.09 324.09 324.09 324.09 324.09 324.09 324.09 324.09 324.09 324.09 324.09 324.09 324.09 323.89 320.96 320.96 320.96
 320.96 320.96 320.96 320.96 320.96 320.96 323.70 324.09 324.09 324.09 324.09 324.09 324.09 324.09 324.09 324.09 324.09 324.09 324.09 324.09 323.70 320.96 320.96 320.96
 320.96 320.96 320.96 320.96 320.96 320.96 323.31 324.09 324.09 324.09 324.09 324.09 324.09 324.09 324.09 324.09 324.09 324.09 324.09 324.09 323.31 320.96 320.96 320.96
 320.96 320.96 320.96 320.96 320.96 320.96 322.52 324.09 324.09 324.09 324.09 324.09 324.09 324.09 324.09 324.09 324.09 324.09 324.09 324.09 322.52 320.96 320.96 320.96
 320.96 320.96 320.96 320.96 320.96 320.96 320.96 320.96 323.05 324.09 324.09 324.09 324.09 324.09 324.09 324.09 324.09 324.09 323.05 320.96 320.96 320.96 320.96 320.96
 320.96 320.96 320.96 320.96 320.96 320.96 320.96 320.96 320.96 320.96 323.05 324.09 324.09 324.09 324.09 324.09 323.05 320.96 320.96 320.96 320.96 320.96 320.96 320.96
 320.96 320.96 320.96 320.96 320.96 320.96 320.96 320.96 320.96 320.96 320.96 320.96 323.05 324.09 323.05 320.96 320.96 320.96 320.96 320.96 320.96 320.96 320.96 320.96
 320.96 320.96 320.96 320.96 320.96 320.96 320.96 320.96 320.96 320.96 320.96 320.96 320.96 320.96 320.96 320.96 320.96 320.96 320.96 320.96 320.96 320.96 320.96 320.96
 320.96 320.96 320.96 320.96 320.96 320.96 320.96 320.96 320.96 320.96 320.96 320.96 320.96 320.96 320.96 320.96 320.96 320.96 320.96 320.96 320.96 320.96 320.96 320.96
 320.96 320.96 320.96 320.96 320.96 320.96 320.96 320.96 320.96 320.96 320.96 320.96 320.96 320.96 320.96 320.96 320.96 320.96 320.96 320.96 320.96 320.96 320.96 320.96
 320.96 320.96 320.96 320.96 320.96 320.96 320.96 320.96 320.96 320.96 320.96 320.96 320.96 320.96 320.96 320.96 320.96 320.96 320.96 320.96 320.96 320.96 320.96 320.96
 321.99 321.99 321.99 321.99 321.99 321.99 321.99 321.99 321.99 321.99 321.99 321.99 321.99 321.99 321.99 321.99 321.99 321.99 321.99 321.99 321.99 321.99 321.99 321.99
 321.06 321.06 321.06 321.06 321.06 321.06 322.46 322.55 322.55 322.55 322.55 322.55 322.55 322.55 322.55 322.55 322.55 322.55 322.55 322.55 322.46 321.06 321.06 321.06
 321.06 321.06 321.06 321.06 321.06 321.06 322.36 322.55 322.55 322.55 322.55 322.55 322.55 322.55 322.55 322.55 322.55 322.55 322.55 322.55 322.36 321.06 321.06 321.06
 321.06 321.06 321.06 321.06 321.06 321.06 322.18 322.55 322.55 322.55 322.55 322.55 322.55 322.55 322.55 322.55 322.55 322.55 322.55 322.55 322.18 321.06 321.06 321.06
 321.06 321.06 321.06 321.06 321.06 321.06 321.81 322.55 322.55 322.55 322.55 322.55 322.55 322.55 322.55 322.55 322.55 322.55 322.55 322.55 321.81 321.06 321.06 321.06
 321.06 321.06 321.06 321.06 321.06 321.06 321.06 321.06 322.05 322.55 322.55 322.55 322.55 322.55 322.55 322.55 322.55 322.55 322.05 321.06 321.06 321.06 321.06 321.06
 321.06 321.06 321.06 321.06 321.06 321.06 321.06 321.06 321.06 321.06 322.05 322.55 322.55 322.55 322.55 322.55 322.05 321.06 321.06 321.06 321.06 321.06 321.06 321.06
 321.06 321.06 321.06 321.06 321.06 321.06 321.06 321.06 321.06 321.06 321.06 321.06 322.05 322.55 322.05 321.06 321.06 321.06 321.06 321.06 321.06 321.06 321.06 321.06
 321.06 321.06 321.06 321.06 321.06 321.06 321.06 321.06 321.06 321.06 321.06 321.06 321.06 321.06 321.06 321.06 321.06 321.06 321.06 321.06 321.06 321.06 321.06 321.06
 321.06 321.06 321.06 321.06 321.06 321.06 321.06 321.06 321.06 321.06 321.06 321.06 321.06 321.06 321.06 321.06 321.06 321.06 321.06 321.06 321.06 321.06 321.06 321.06
 321.06 321.06 321.06 321.06 321.06 321.06 321.06 321.06 321.06 321.06 321.06 321.06 321.06 321.06 321.06 321.06 321.06 321.06 321.06 321.06 321.06 321.06 321.06 321.06
 321.06 321.06 321.06 321.06 321.06 321.06 321.06 321.06 321.06 321.06 321.06 321.06 321.06 321.06 321.06 321.06 321.06 321.06 321.06 321.06 321.06 321.06 321.06 321.06
 321.26 321.26 321.26 321.26 321.26 321.26 321.26 321.26 321.26 321.26 321.26 321.26 321.26 321.26 321.26 321.26 321.26 321.26 321.26 321.26 321.26 321.26 321.26 321.26
 321.83 321.83 321.83 321.83 321.83 321.83 320.98 320.92 320.92 320.92 320.92 320.92 320.92 320.92 320.92 320.92 320.92 320.92 320.92 320.92 320.98 321.83 321.83 321.83
 321.83 321.83 321.83 321.83 321.83 321.83 321.03 320.92 320.92 320.92 320.92 320.92 320.92 320.92 320.92 320.92 320.92 320.92 320.92 320.92 321.03 321.83 321.83 321.83
 321.83 321.83 321.83 321.83 321.83 321.83 321.15 320.92 320.92 320.92 320.92 320.92 320.92 320.92 320.92 320.92 320.92 320.92 320.92 320.92 321.15 321.83 321.83 321.83
 321.83 321.83 321.83 321.83 321.83 321.83 321.38 320.92 320.92 320.92 320.92 320.92 320.92 320.92 320.92 320.92 320.92 320.92 320.92 320.92 321.38 321.83 321.83 321.83
 321.83 321.83 321.83 321.83 321.83 321.83 321.83 321.83 321.22 320.92 320.92 320.92 320.92 320.92 320.92 320.92 320.92 320.92 321.22 321.83 321.83 321.83 321.83 321.83
 321.83 321.83 321.83 321.83 321.83 321.83 321.83 321.83 321.83 321.83 321.22 320.92 320.92 320.92 320.92 320.92 321.22 321.83 321.83 321.83 321.83 321.83 321.83 321.83
 321.83 321.83 321.83 321.83 321.83 321.83 321.83 321.83 321.83 321.83 321.83 321.83 321.22 320.92 321.22 321.83 321.83 321.83 321.83 321.83 321.83 321.83 321.83 321.83
 321.83 321.83 321.83 321.83 321.83 321.83 321.83 321.83 321.83 321.83 321.83 321.83 321.83 321.83 321.83 321.83 321.83 321.83 321.83 321.83 321.83 321.83 321.83 321.83
 321.83 321.83 321.83 321.83 321.83 321.83 321.83 321.83 321.83 321.83 321.83 321.83 321.83 321.83 321.83 321.83 321.83 321.83 321.83 321.83 321.83 321.83 321.83 321.83
 321.83 321.83 321.83 321.83 321.83 321.83 321.83 321.83 321.83 321.83 321.83 321.83 321.83 321.83 321.83 321.83 321.83 321.83 321.83 321.83 321.83 321.83 321.83 321.83
 321.83 321.83 321.83 321.83 321.83 321.83 321.83 321.83 321.83 321.83 321.83 321.83 321.83 321.83 321.83 321.83 321.83 321.83 321.83 321.83 321.83 321.83 321.83 321.83
 320.32 320.32 320.32 320.32 320.32 320.32 320.32 320.32 320.32 320.32 320.32 320.32 320.32 320.32 320.32 320.32 320.32 320.32 320.32 320.32 320.32 320.32 320.32 320.32
 322.08 322.08 322.08 322.08 322.08 322.08 319.44 319.26 319.26 319.26 319.26 319.26 319.26 319.26 319.26 319.26 319.26 319.26 319.26 319.26 319.44 322.08 322.08 322.08
 322.08 322.08 322.08 322.08 322.08 322.08 319.61 319.26 319.26 319.26 319.26 319.26 319.26 319.26 319.26 319.26 319.26 319.26 319.26 319.26 319.61 322.08 322.08 322.08
 322.08 322.08 322.08 322.08 322.08 322.08 319.96 319.26 319.26 319.26 319.26 319.26 319.26 319.26 319.26 319.26 319.26 319.26 319.26 319.26 319.96 322.08 322.08 322.08
 322.08 322.08 322.08 322.08 322.08 322.08 320.67 319.26 319.26 319.26 319.26 319.26 319.26 319.26 319.26 319.26 319.26 319.26 319.26 319.26 320.67 322.08 322.08 322.08
 322.08 322.08 322.08 322.08 322.08 322.08 322.08 322.08 320.20 319.26 319.26 319.26 319.26 319.26 319.26 319.26 319.26 319.26 320.20 322.08 322.08 322.08 322.08 322.08
 322.08 322.08 322.08 322.08 322.08 322.08 322.08 322.08 322.08 322.08 320.20 319.26 319.26 319.26 319.26 319.26 320.20 322.08 322.08 322.08 322.08 322.08 322.08 322.08
 322.08 322.08 322.08 322.08 322.08 322.08 322.08 322.08 322.08 322.08 322.08 322.08 320.20 319.26 320.20 322.08 322.08 322.08 322.08 322.08 322.08 322.08 322.08 322.08
 322.08 322.08 322.08 322.08 322.08 322.08 322.08 322.08 322.08 322.08 322.08 322.08 322.08 322.08 322.08 322.08 322.08 322.08 322.08 322.08 322.08 322.08 322.08 322.08
 322.08 322.08 322.08 322.08 322.08 322.08 322.08 322.08 322.08 322.08 322.08 322.08 322.08 322.08 322.08 322.08 322.08 322.08 322.08 322.08 322.08 322.08 322.08 322.08
 322.08 322.08 322.08 322.08 322.08 322.08 322.08 322.08 322.08 322.08 322.08 322.08 322.08 322.08 322.08 322.08 322.08 322.08 322.08 322.08 322.08 322.08 322.08 322.08
 322.08 322.08 322.08 322.08 322.08 322.08 322.08 322.08 322.08 322.08 322.08 322.08 322.08 322.08 322.08 322.08 322.08 322.08 322.08 322.08 322.08 322.08 322.08 322.08
 320.30 320.30 320.30 320.30 320.30 320.30 320.30 320.30 320.30 320.30 320.30 320.30 320.30 320.30 320.30 320.30 320.30 320.30 320.30 320.30 320.30 320.30 320.30 320.30
 321.80 321.80 321.80 321.80 321.80 321.80 319.54 319.39 319.39 319.39 319.39 319.39 319.39 319.39 319.39 319.39 319.39 319.39 319.39 319.39 319.54 321.80 321.80 321.80
 321.80 321.80 321.80 321.80 321.80 321.80 319.69 319.39 319.39 319.39 319.39 319.39 319.39 319.39 319.39 319.39 319.39 319.39 319.39 319.39 319.69 321.80 321.80 321.80
 321.80 321.80 321.80 321.80 321.80 321.80 319.99 319.39 319.39 319.39 319.39 319.39 319.39 319.39 319.39 319.39 319.39 319.39 319.39 319.39 319.99 321.80 321.80 321.80
 321.80 321.80 321.80 321.80 321.80 321.80 320.60 319.39 319.39 319.39 319.39 319.39 319.39 319.39 319.39 319.39 319.39 319.39 319.39 319.39 320.60 321.80 321.80 321.80
 321.80 321.80 321.80 321.80 321.80 321.80 321.80 321.80 320.19 319.39 319.39 319.39 319.39 319.39 319.39 319.39 319.39 319.39 320.19 321.80 321.80 321.80 321.80 321.80
 321.80 321.80 321.80 321.80 321.80 321.80 321.80 321.80 321.80 321.80 320.19 319.39 319.39 319.39 319.39 319.39 320.19 321.80 321.80 321.80 321.80 321.80 321.80 321.80
 321.80 321.80 321.80 321.80 321.80 321.80 321.80 321.80 321.80 321.80 321.80 321.80 320.19 319.39 320.19 321.80 321.80 321.80 321.80 321.80 321.80 321.80 321.80 321.80
 321.80 321.80 321.80 321.80 321.80 321.80 321.80 321.80 321.80 321.80 321.80 321.80 321.80 321.80 321.80 321.80 321.80 321.80 321.80 321.80 321.80 321.80 321.80 321.80
 321.80 321.80 321.80 321.80 321.80 321.80 321.80 321.80 321.80 321.80 321.80 321.80 321.80 321.80 321.80 321.80 321.80 321.80 321.80 321.80 321.80 321.80 321.80 321.80
 321.80 321.80 321.80 321.80 321.80 321.80 321.80 321.80 321.80 321.80 321.80 321.80 321.80 321.80 321.80 321.80 321.80 321.80 321.80 321.80 321.80 321.80 321.80 321.80
 321.80 321.80 321.80 321.80 321.80 321.80 321.80 321.80 321.80 321.80 321.80 321.80 321.80 321.80 321.80 321.80 321.80 321.80 321.80 321.80 321.80 321.80 321.80 321.80
 321.14 321.14 321.14 321.14 321.14 321.14 321.14 321.14 321.14 321.14 321.14 321.14 321.14 321.14 321.14 321.14 321.14 321.14 321.14 321.14 321.14 321.14 321.14 321.14
 321.82 321.82 321.82 321.82 321.82 321.82 320.79 320.72 320.72 320.72 320.72 320.72 320.72 320.72 320.72 320.72 320.72 320.72 320.72 320.72 320.79 321.82 321.82 321.82
 321.82 321.82 321.82 321.82 321.82 321.82 320.86 320.72 320.72 320.72 320.72 320.72 320.72 320.72 320.72 320.72 320.72 320.72 320.72 320.72 320.86 321.82 321.82 321.82
 321.82 321.82 321.82 321.82 321.82 321.82 321.00 320.72 320.72 320.72 320.72 320.72 320.72 320.72 320.72 320.72 320.72 320.72 320.72 320.72 321.00 321.82 321.82 321.82
 321.82 321.82 321.82 321.82 321.82 321.82 321.27 320.72 320.72 320.72 320.72 320.72 320.72 320.72 320.72 320.72 320.72 320.72 320.72 320.72 321.27 321.82 321.82 321.82
 321.82 321.82 321.82 321.82 321.82 321.82 321.82 321.82 321.09 320.72 320.72 320.72 320.72 320.72 320.72 320.72 320.72 320.72 321.09 321.82 321.82 321.82 321.82 321.82
 321.82 321.82 321.82 321.82 321.82 321.82 321.82 321.82 321.82 321.82 321.09 320.72 320.72 320.72 320.72 320.72 321.09 321.82 321.82 321.82 321.82 321.82 321.82 321.82
 321.82 321.82 321.82 321.82 321.82 321.82 321.82 321.82 321.82 321.82 321.82 321.82 321.09 320.72 321.09 321.82 321.82 321.82 321.82 321.82 321.82 321.82 321.82 321.82
 321.82 321.82 321.82 321.82 321.82 321.82 321.82 321.82 321.82 321.82 321.82 321.82 321.82 321.82 321.82 321.82 321.82 321.82 321.82 321.82 321.82 321.82 321.82 321.82
 321.82 321.82 321.82 321.82 321.82 321.82 321.82 321.82 321.82 321.82 321.82 321.82 321.82 321.82 321.82 321.82 321.82 321.82 321.82 321.82 321.82 321.82 321.82 321.82
 321.82 321.82 321.82 321.82 321.82 321.82 321.82 321.82 321.82 321.82 321.82 321.82 321.82 321.82 321.82 321.82 321.82 321.82 321.82 321.82 321.82 321.82 321.82 321.82
 321.82 321.82 321.82 321.82 321.82 321.82 321.82 321.82 321.82 321.82 321.82 321.82 321.82 321.82 321.82 321.82 321.82 321.82 321.82 321.82 321.82 321.82 321.82 321.82
 321.89 321.89 321.89 321.89 321.89 321.89 321.89 321.89 321.89 321.89 321.89 321.89 321.89 321.89 321.89 321.89 321.89 321.89 321.89 321.89 321.89 321.89 321.89 321.89
 321.77 321.77 321.77 321.77 321.77 321.77 321.95 321.96 321.96 321.96 321.96 321.96 321.96 321.96 321.96 321.96 321.96 321.96 321.96 321.96 321.95 321.77 321.77 321.77
 321.77 321.77 321.77 321.77 321.77 321.77 321.94 321.96 321.96 321.96 321.96 321.96 321.96 321.96 321.96 321.96 321.96 321.96 321.96 321.96 321.94 321.77 321.77 321.77
 321.77 321.77 321.77 321.77 321.77 321.77 321.91 321.96 321.96 321.96 321.96 321.96 321.96 321.96 321.96 321.96 321.96 321.96 321.96 321.96 321.91 321.77 321.77 321.77
 321.77 321.77 321.77 321.77 321.77 321.77 321.87 321.96 321.96 321.96 321.96 321.96 321.96 321.96 321.96 321.96 321.96 321.96 321.96 321.96 321.87 321.77 321.77 321.77
 321.77 321.77 321.77 321.77 321.77 321.77 321.77 321.77 321.90 321.96 321.96 321.96 321.96 321.96 321.96 321.96 321.96 321.96 321.90 321.77 321.77 321.77 321.77 321.77
 321.77 321.77 321.77 321.77 321.77 321.77 321.77 321.77 321.77 321.77 321.90 321.96 321.96 321.96 321.96 321.96 321.90 321.77 321.77 321.77 321.77 321.77 321.77 321.77
 321.77 321.77 321.77 321.77 321.77 321.77 321.77 321.77 321.77 321.77 321.77 321.77 321.90 321.96 321.90 321.77 321.77 321.77 321.77 321.77 321.77 321.77 321.77 321.77
 321.77 321.77 321.77 321.77 321.77 321.77 321.77 321.77 321.77 321.77 321.77 321.77 321.77 321.77 321.77 321.77 321.77 321.77 321.77 321.77 321.77 321.77 321.77 321.77
 321.77 321.77 321.77 321.77 321.77 321.77 321.77 321.77 321.77 321.77 321.77 321.77 321.77 321.77 321.77 321.77 321.77 321.77 321.77 321.77 321.77 321.77 321.77 321.77
 321.77 321.77 321.77 321.77 321.77 321.77 321.77 321.77 321.77 321.77 321.77 321.77 321.77 321.77 321.77 321.77 321.77 321.77 321.77 321.77 321.77 321.77 321.77 321.77
 321.77 321.77 321.77 321.77 321.77 321.77 321.77 321.77 321.77 321.77 321.77 321.77 321.77 321.77 321.77 321.77 321.77 321.77 321.77 321.77 321.77 321.77 321.77 321.77
