1987 MONTHLY CO2 (PPMV)   24  12  LON/LAT (N-S/0-360E) IN 15 DEGREE RESOLUTION,  GLB ANNUAL MEAN = 349.20,  GROWTH RATE = 1.64,  MISS DATA = -99.99
 353.57 353.57 353.57 353.57 353.57 353.57 353.57 353.57 353.57 353.57 353.57 353.57 353.57 353.57 353.57 353.57 353.57 353.57 353.57 353.57 353.57 353.57 353.57 353.57
 351.48 352.53 353.57 353.57 353.57 353.57 353.57 353.57 353.57 353.57 353.57 353.46 353.20 352.83 353.20 352.70 353.57 353.57 353.57 353.57 353.57 353.40 353.57 354.82
 360.64 360.64 357.11 353.57 355.99 357.20 355.99 353.57 364.64 370.17 353.34 353.34 352.76 352.19 352.01 351.83 350.73 351.31 351.61 351.53 351.85 353.22 350.86 355.47
 350.30 350.30 350.30 357.20 357.20 357.20 357.20 363.69 370.17 370.17 370.17 353.34 350.34 350.26 351.82 351.82 349.62 349.62 349.64 349.15 350.47 350.73 348.49 349.85
 350.30 350.30 349.12 347.95 357.20 357.20 357.20 357.15 359.29 359.29 357.05 350.34 350.34 348.33 348.33 351.82 349.62 349.64 349.64 347.84 349.15 349.46 348.49 349.02
 347.78 348.32 347.95 347.95 347.95 357.20 354.27 348.41 348.41 348.41 348.41 348.31 347.99 347.13 347.13 349.48 349.62 349.64 349.64 347.84 348.50 347.91 347.18 346.52
 346.52 347.24 347.95 347.95 347.95 347.17 346.78 348.41 348.41 348.41 347.77 346.50 346.50 346.81 346.97 348.22 349.62 349.64 349.64 347.84 347.62 346.52 346.52 346.52
 346.52 347.23 347.95 347.95 347.17 346.39 346.39 345.63 344.88 344.88 345.30 345.75 345.81 345.81 345.81 345.81 347.08 348.36 349.64 346.42 346.42 346.52 346.52 346.52
 346.28 345.70 345.69 347.17 346.39 346.39 346.39 345.63 344.88 344.88 345.28 345.69 345.75 345.78 345.80 345.81 345.81 345.81 345.11 345.01 345.11 345.81 346.28 346.52
 345.81 345.72 345.69 345.72 346.20 346.39 346.20 345.81 345.19 344.88 345.41 345.69 345.75 345.81 345.81 345.81 345.81 345.81 345.21 345.01 345.21 345.81 345.81 345.81
 345.81 345.75 345.69 345.75 345.81 345.81 345.81 345.81 345.81 345.81 345.81 345.81 345.81 345.81 345.81 345.81 345.81 345.81 345.41 345.01 345.41 345.81 345.81 345.81
 345.81 345.81 345.81 345.81 345.81 345.81 345.81 345.81 345.81 345.81 345.81 345.81 345.81 345.81 345.81 345.81 345.81 345.81 345.81 345.81 345.81 345.81 345.81 345.81
 354.09 354.09 354.09 354.09 354.09 354.09 354.09 354.09 354.09 354.09 354.09 354.09 354.09 354.09 354.09 354.09 354.09 354.09 354.09 354.09 354.09 354.09 354.09 354.09
 352.72 353.40 354.09 354.09 354.09 354.09 354.09 354.09 354.09 354.09 354.09 354.11 353.67 353.25 353.67 352.90 354.09 354.09 354.09 354.09 354.09 353.54 354.09 355.76
 362.16 362.16 358.12 354.09 355.96 356.90 355.96 354.09 360.43 363.61 354.13 354.13 353.36 352.59 352.15 351.71 351.28 352.07 352.68 352.53 352.75 353.00 351.34 357.23
 352.30 352.30 352.30 356.90 356.90 356.90 356.90 360.25 363.61 363.61 363.61 354.13 350.90 350.67 352.10 352.10 350.86 350.86 351.27 350.76 352.49 351.72 349.67 351.64
 352.30 352.30 350.49 348.68 356.90 356.90 356.90 355.83 356.59 356.59 355.17 350.90 350.90 348.76 348.76 352.10 350.86 351.27 351.27 349.03 350.76 350.72 349.67 350.39
 348.53 349.29 348.68 348.68 348.68 356.90 354.46 349.57 349.57 349.57 349.57 349.02 348.64 348.03 348.03 350.06 350.86 351.27 351.27 349.03 349.89 348.73 347.66 346.65
 346.65 347.66 348.68 348.68 348.68 347.57 347.01 349.57 349.57 349.57 348.71 346.98 346.98 347.50 347.77 348.92 350.86 351.27 351.27 349.03 348.52 346.65 346.65 346.65
 346.65 347.66 348.68 348.68 347.57 346.45 346.45 345.69 344.92 344.92 345.42 345.90 345.87 345.87 345.87 345.87 347.54 349.48 351.27 347.20 346.95 346.65 346.65 346.65
 346.40 345.66 345.62 347.57 346.45 346.45 346.45 345.69 344.92 344.92 345.43 345.94 345.90 345.89 345.89 345.90 345.90 345.90 345.44 345.37 345.44 345.90 346.40 346.65
 345.90 345.69 345.62 345.69 346.27 346.45 346.27 345.90 345.25 344.92 345.55 345.94 345.92 345.90 345.90 345.90 345.90 345.90 345.50 345.37 345.50 345.90 345.90 345.90
 345.90 345.76 345.62 345.76 345.90 345.90 345.90 345.90 345.90 345.90 345.90 345.90 345.90 345.90 345.90 345.90 345.90 345.90 345.64 345.37 345.64 345.90 345.90 345.90
 345.90 345.90 345.90 345.90 345.90 345.90 345.90 345.90 345.90 345.90 345.90 345.90 345.90 345.90 345.90 345.90 345.90 345.90 345.90 345.90 345.90 345.90 345.90 345.90
 353.80 353.80 353.80 353.80 353.80 353.80 353.80 353.80 353.80 353.80 353.80 353.80 353.80 353.80 353.80 353.80 353.80 353.80 353.80 353.80 353.80 353.80 353.80 353.80
 353.51 353.65 353.80 353.80 353.80 353.80 353.80 353.80 353.80 353.80 353.80 354.48 354.01 354.22 354.01 352.06 353.80 353.80 353.80 353.80 353.80 353.28 353.80 354.41
 356.52 356.52 355.16 353.80 359.67 362.60 359.67 353.80 357.66 359.60 355.17 355.17 354.39 353.62 351.98 350.33 350.91 352.07 353.21 352.75 352.75 352.76 352.38 355.61
 354.70 354.70 354.70 362.60 362.60 362.60 362.60 361.10 359.60 359.60 359.60 355.17 351.59 351.69 352.38 352.38 351.49 351.49 352.62 351.71 352.74 352.50 352.00 354.02
 354.70 354.70 352.03 349.36 362.60 362.60 362.60 357.25 354.96 354.96 354.12 351.59 351.59 349.76 349.76 352.38 351.49 352.62 352.62 350.68 351.71 352.07 352.00 352.23
 349.45 350.40 349.36 349.36 349.36 362.60 358.51 350.33 350.33 350.33 350.33 349.49 349.15 348.96 348.96 350.67 351.49 352.62 352.62 350.68 351.20 349.66 348.55 346.83
 346.83 348.10 349.36 349.36 349.36 347.87 347.12 350.33 350.33 350.33 349.19 346.90 346.90 347.93 348.44 349.56 351.49 352.62 352.62 350.68 349.57 346.83 346.83 346.83
 346.83 348.10 349.36 349.36 347.87 346.38 346.38 345.67 344.96 344.96 345.38 345.91 346.23 346.23 346.23 346.23 347.88 350.39 352.62 348.20 347.59 346.83 346.83 346.83
 346.53 345.58 345.53 347.87 346.38 346.38 346.38 345.67 344.96 344.96 345.28 345.60 345.91 346.07 346.08 345.92 345.92 345.92 345.75 345.72 345.75 345.92 346.53 346.83
 345.92 345.63 345.53 345.63 346.23 346.38 346.23 345.92 345.28 344.96 345.44 345.60 345.81 345.92 345.92 345.92 345.92 345.92 345.77 345.72 345.77 345.92 345.92 345.92
 345.92 345.73 345.53 345.73 345.92 345.92 345.92 345.92 345.92 345.92 345.92 345.92 345.92 345.92 345.92 345.92 345.92 345.92 345.82 345.72 345.82 345.92 345.92 345.92
 345.93 345.93 345.93 345.93 345.93 345.93 345.93 345.93 345.93 345.93 345.93 345.93 345.93 345.93 345.93 345.93 345.93 345.93 345.93 345.93 345.93 345.93 345.93 345.93
 355.33 355.33 355.33 355.33 355.33 355.33 355.33 355.33 355.33 355.33 355.33 355.33 355.33 355.33 355.33 355.33 355.33 355.33 355.33 355.33 355.33 355.33 355.33 355.33
 353.48 354.40 355.33 355.33 355.33 355.33 355.33 355.33 355.33 355.33 355.33 356.03 354.70 354.08 354.70 353.54 355.33 355.33 355.33 355.33 355.33 354.72 355.33 355.44
 357.63 357.63 356.48 355.33 359.64 361.80 359.64 355.33 360.18 362.61 356.74 356.74 355.76 354.79 353.27 351.75 351.91 353.11 353.98 352.95 352.40 354.12 353.62 355.31
 353.00 353.00 353.00 361.80 361.80 361.80 361.80 362.21 362.61 362.61 362.61 356.74 353.25 352.95 354.39 354.39 352.08 352.08 352.63 351.13 350.69 352.65 353.13 353.03
 353.00 353.00 351.29 349.58 361.80 361.80 361.80 358.12 357.04 357.03 356.09 353.25 353.25 351.11 351.11 354.39 352.08 352.63 352.63 351.57 351.13 352.30 353.13 351.54
 349.05 349.99 349.58 349.58 349.58 361.80 358.35 351.46 351.46 351.46 351.46 350.26 349.82 349.71 349.71 352.05 352.08 352.63 352.63 351.57 351.35 349.95 349.09 347.07
 347.07 348.32 349.58 349.58 349.58 348.02 347.24 351.46 351.46 351.46 349.81 346.51 346.51 348.11 348.91 350.48 352.08 352.63 352.63 351.57 350.00 347.07 347.07 347.07
 347.07 348.32 349.58 349.58 348.02 346.47 346.47 345.77 345.07 345.07 345.62 346.27 346.54 346.54 346.54 346.54 348.21 350.42 352.63 348.82 347.99 347.07 347.07 347.07
 346.72 345.84 345.82 348.02 346.47 346.47 346.47 345.77 345.07 345.07 345.53 345.99 346.27 346.41 346.32 346.01 346.01 346.01 346.07 346.08 346.07 346.01 346.72 347.07
 346.01 345.87 345.82 345.87 346.31 346.47 346.31 346.01 345.39 345.07 345.65 345.99 346.09 346.01 346.01 346.01 346.01 346.01 346.06 346.08 346.06 346.01 346.01 346.01
 346.01 345.91 345.82 345.91 346.01 346.01 346.01 346.01 346.01 346.01 346.01 346.01 346.01 346.01 346.01 346.01 346.01 346.01 346.04 346.08 346.04 346.01 346.01 346.01
 346.01 346.01 346.01 346.01 346.01 346.01 346.01 346.01 346.01 346.01 346.01 346.01 346.01 346.01 346.01 346.01 346.01 346.01 346.01 346.01 346.01 346.01 346.01 346.01
 355.94 355.94 355.94 355.94 355.94 355.94 355.94 355.94 355.94 355.94 355.94 355.94 355.94 355.94 355.94 355.94 355.94 355.94 355.94 355.94 355.94 355.94 355.94 355.94
 352.70 354.32 355.94 355.94 355.94 355.94 355.94 355.94 355.94 355.94 355.94 356.89 355.37 354.81 355.37 354.95 355.94 355.94 355.94 355.94 355.94 355.09 355.94 354.03
 351.55 351.55 353.74 355.94 360.85 363.30 360.85 355.94 360.62 362.95 357.85 357.85 356.29 354.74 354.35 353.96 352.95 353.61 354.08 353.67 353.37 354.24 352.61 351.43
 351.30 351.30 351.30 363.30 363.30 363.30 363.30 363.13 362.95 362.95 362.95 357.85 353.50 353.35 354.15 354.15 351.95 351.95 352.22 351.72 352.49 352.57 350.98 351.22
 351.30 351.30 350.09 348.87 363.30 363.30 363.30 359.19 357.76 357.76 356.70 353.50 353.50 351.97 351.97 354.15 351.95 352.22 352.22 350.94 351.72 350.90 350.90 350.90
 349.15 349.45 348.87 348.87 348.87 363.30 359.72 352.57 352.57 352.57 352.57 350.94 350.38 350.37 350.37 352.26 351.95 352.22 352.22 350.94 351.33 350.90 350.90 348.07
 348.07 348.47 348.87 348.87 348.87 347.79 347.25 352.57 352.57 352.57 350.81 347.29 347.29 348.83 349.60 350.93 351.95 352.22 352.22 350.94 350.11 348.07 348.07 348.07
 348.07 348.47 348.87 348.87 347.79 346.71 346.71 346.19 345.67 345.67 346.21 346.80 346.97 346.97 346.97 346.97 348.36 350.20 352.22 348.85 348.43 348.07 348.07 348.07
 347.44 346.07 346.06 347.79 346.71 346.71 346.71 346.19 345.67 345.67 346.15 346.63 346.80 346.88 346.67 346.18 346.18 346.18 346.69 346.76 346.69 346.18 347.44 348.07
 346.18 346.09 346.06 346.09 346.53 346.71 346.53 346.18 345.84 345.67 346.16 346.63 346.53 346.18 346.18 346.18 346.18 346.18 346.61 346.76 346.61 346.18 346.18 346.18
 346.18 346.12 346.06 346.12 346.18 346.18 346.18 346.18 346.18 346.18 346.18 346.18 346.18 346.18 346.18 346.18 346.18 346.18 346.47 346.76 346.47 346.18 346.18 346.18
 346.18 346.18 346.18 346.18 346.18 346.18 346.18 346.18 346.18 346.18 346.18 346.18 346.18 346.18 346.18 346.18 346.18 346.18 346.18 346.18 346.18 346.18 346.18 346.18
 354.61 354.61 354.61 354.61 354.61 354.61 354.61 354.61 354.61 354.61 354.61 354.61 354.61 354.61 354.61 354.61 354.61 354.61 354.61 354.61 354.61 354.61 354.61 354.61
 350.35 352.48 354.61 354.61 354.61 354.61 354.61 354.61 354.61 354.61 354.61 354.01 353.75 352.89 353.75 352.59 354.61 354.61 354.61 354.61 354.61 354.03 354.61 352.47
 350.32 350.32 352.46 354.61 356.27 357.10 356.27 354.61 358.90 361.04 353.41 353.41 352.65 351.89 351.23 350.57 350.81 352.16 353.06 352.55 353.46 353.46 351.05 349.66
 349.00 349.00 349.00 357.10 357.10 357.10 357.10 359.07 361.04 361.04 361.04 353.41 351.92 351.68 351.11 351.11 351.06 351.06 351.51 349.57 350.91 351.05 348.64 348.91
 349.00 349.00 348.69 348.38 357.10 357.10 357.10 356.32 356.71 356.71 355.51 351.92 351.92 351.46 351.46 351.11 351.06 351.51 351.51 349.57 349.57 350.40 350.40 350.40
 349.05 348.79 348.38 348.38 348.38 357.10 355.53 352.38 352.38 352.38 352.38 350.34 349.64 349.61 349.61 350.36 351.06 351.51 351.51 349.57 349.57 350.40 350.40 349.08
 349.08 348.73 348.38 348.38 348.38 347.70 347.36 352.38 352.38 352.38 350.72 347.40 347.40 348.50 349.06 349.71 351.06 351.51 351.51 349.57 349.41 349.08 349.08 349.08
 349.08 348.73 348.38 348.38 347.70 347.02 347.02 346.59 346.16 346.16 346.57 347.07 347.33 347.33 347.33 347.33 348.35 349.89 351.51 348.34 348.47 349.08 349.08 349.08
 348.27 346.54 346.52 347.70 347.02 347.02 347.02 346.59 346.16 346.16 346.49 346.82 347.07 347.20 347.06 346.66 346.66 346.66 347.05 347.11 347.05 346.66 348.27 349.08
 346.66 346.55 346.52 346.55 346.90 347.02 346.90 346.66 346.32 346.16 346.53 346.82 346.85 346.66 346.66 346.66 346.66 346.66 347.00 347.11 347.00 346.66 346.66 346.66
 346.66 346.59 346.52 346.59 346.66 346.66 346.66 346.66 346.66 346.66 346.66 346.66 346.66 346.66 346.66 346.66 346.66 346.66 346.88 347.11 346.88 346.66 346.66 346.66
 346.65 346.65 346.65 346.65 346.65 346.65 346.65 346.65 346.65 346.65 346.65 346.65 346.65 346.65 346.65 346.65 346.65 346.65 346.65 346.65 346.65 346.65 346.65 346.65
 347.91 347.91 347.91 347.91 347.91 347.91 347.91 347.91 347.91 347.91 347.91 347.91 347.91 347.91 347.91 347.91 347.91 347.91 347.91 347.91 347.91 347.91 347.91 347.91
 345.33 346.62 347.91 347.91 347.91 347.91 347.91 347.91 347.91 347.91 347.91 345.37 347.30 346.70 347.30 346.49 347.91 347.91 347.91 347.91 347.91 347.63 347.91 348.30
 352.07 352.07 349.99 347.91 349.17 349.80 349.17 347.91 355.24 358.90 342.83 342.83 344.06 345.28 345.18 345.07 346.32 347.27 349.09 345.89 344.68 347.35 347.41 348.79
 345.50 345.50 345.50 349.80 349.80 349.80 349.80 354.35 358.90 358.90 358.90 342.83 349.32 347.22 346.35 346.35 347.57 347.57 350.27 345.09 342.01 345.61 347.47 345.99
 345.50 345.50 347.00 348.51 349.80 349.80 349.80 352.47 354.88 354.88 353.49 349.32 349.32 349.16 349.16 346.35 347.57 350.27 350.27 348.17 345.09 348.40 348.40 348.40
 348.04 347.74 348.51 348.51 348.51 349.80 350.15 350.85 350.85 350.85 350.85 349.17 348.78 349.31 349.31 347.83 347.57 350.27 350.27 348.17 346.63 348.40 348.40 349.31
 349.31 348.91 348.51 348.51 348.51 348.04 347.81 350.85 350.85 350.85 349.81 347.73 347.73 348.51 348.91 348.37 347.57 350.27 350.27 348.17 348.04 349.31 349.31 349.31
 349.31 348.91 348.51 348.51 348.04 347.58 347.58 346.99 346.40 346.40 346.93 347.61 348.07 348.07 348.07 348.07 347.62 349.25 350.27 347.70 348.07 349.31 349.31 349.31
 348.61 347.04 347.02 348.04 347.58 347.58 347.58 346.99 346.40 346.40 346.77 347.14 347.61 347.84 347.71 347.21 347.21 347.21 347.23 347.23 347.23 347.21 348.61 349.31
 347.21 347.07 347.02 347.07 347.45 347.58 347.45 347.21 346.67 346.40 346.88 347.14 347.32 347.21 347.21 347.21 347.21 347.21 347.23 347.23 347.23 347.21 347.21 347.21
 347.21 347.12 347.02 347.12 347.21 347.21 347.21 347.21 347.21 347.21 347.21 347.21 347.21 347.21 347.21 347.21 347.21 347.21 347.22 347.23 347.22 347.21 347.21 347.21
 347.21 347.21 347.21 347.21 347.21 347.21 347.21 347.21 347.21 347.21 347.21 347.21 347.21 347.21 347.21 347.21 347.21 347.21 347.21 347.21 347.21 347.21 347.21 347.21
 341.17 341.17 341.17 341.17 341.17 341.17 341.17 341.17 341.17 341.17 341.17 341.17 341.17 341.17 341.17 341.17 341.17 341.17 341.17 341.17 341.17 341.17 341.17 341.17
 340.53 340.85 341.17 341.17 341.17 341.17 341.17 341.17 341.17 341.17 341.17 338.91 340.68 340.18 340.68 341.79 341.17 341.17 341.17 341.17 341.17 340.99 341.17 342.12
 345.62 345.62 343.39 341.17 341.46 341.60 341.46 341.17 352.36 357.95 336.65 336.65 338.07 339.48 340.94 342.41 343.11 342.69 344.86 342.67 341.94 340.81 342.60 344.71
 343.80 343.80 343.80 341.60 341.60 341.60 341.60 349.77 357.95 357.95 357.95 336.65 345.47 343.28 344.14 344.14 343.80 343.80 348.54 344.91 343.07 342.76 344.39 343.95
 343.80 343.80 346.50 349.21 341.60 341.60 341.60 348.26 353.20 353.20 351.27 345.47 345.47 347.09 347.09 344.14 343.80 348.54 348.54 346.75 344.91 346.00 346.00 346.00
 347.66 347.52 349.21 349.21 349.21 341.60 343.89 348.46 348.46 348.46 348.46 347.25 347.39 349.01 349.01 346.58 343.80 348.54 348.54 346.75 345.83 346.00 346.00 349.59
 349.59 349.40 349.21 349.21 349.21 348.58 348.27 348.46 348.46 348.46 348.20 347.69 347.69 348.36 348.69 347.63 343.80 348.54 348.54 346.75 347.39 349.59 349.59 349.59
 349.59 349.40 349.21 349.21 348.58 347.96 347.96 347.44 346.92 346.92 347.27 347.71 347.98 347.98 347.98 347.98 346.48 348.25 348.54 347.24 347.99 349.59 349.59 349.59
 348.95 347.56 347.54 348.58 347.96 347.96 347.96 347.44 346.92 346.92 347.18 347.44 347.71 347.85 347.83 347.67 347.67 347.67 347.72 347.73 347.72 347.67 348.95 349.59
 347.67 347.57 347.54 347.57 347.86 347.96 347.86 347.67 347.17 346.92 347.30 347.44 347.61 347.67 347.67 347.67 347.67 347.67 347.72 347.73 347.72 347.67 347.67 347.67
 347.67 347.61 347.54 347.61 347.67 347.67 347.67 347.67 347.67 347.67 347.67 347.67 347.67 347.67 347.67 347.67 347.67 347.67 347.70 347.73 347.70 347.67 347.67 347.67
 347.67 347.67 347.67 347.67 347.67 347.67 347.67 347.67 347.67 347.67 347.67 347.67 347.67 347.67 347.67 347.67 347.67 347.67 347.67 347.67 347.67 347.67 347.67 347.67
 341.66 341.66 341.66 341.66 341.66 341.66 341.66 341.66 341.66 341.66 341.66 341.66 341.66 341.66 341.66 341.66 341.66 341.66 341.66 341.66 341.66 341.66 341.66 341.66
 340.66 341.16 341.66 341.66 341.66 341.66 341.66 341.66 341.66 341.66 341.66 341.54 341.19 340.72 341.19 342.49 341.66 341.66 341.66 341.66 341.66 343.30 341.66 343.28
 349.14 349.14 345.40 341.66 340.95 340.60 340.95 341.66 348.49 351.91 341.41 341.41 341.39 341.38 342.35 343.32 344.35 343.79 344.43 342.75 343.14 344.94 343.74 346.67
 344.20 344.20 344.20 340.60 340.60 340.60 340.60 346.25 351.91 351.91 351.91 341.41 344.54 343.60 348.55 348.55 345.38 345.38 347.20 343.43 341.34 342.94 342.53 343.78
 344.20 344.20 346.27 348.34 340.60 340.60 340.60 345.91 349.56 349.56 348.31 344.54 344.54 345.82 345.82 348.55 345.38 347.20 347.20 345.53 343.43 345.50 345.50 345.50
 347.69 347.28 348.34 348.34 348.34 340.60 342.81 347.22 347.22 347.22 347.22 346.68 347.01 348.51 348.51 348.53 345.38 347.20 347.20 345.53 344.48 345.50 345.50 349.43
 349.43 348.88 348.34 348.34 348.34 348.33 348.33 347.22 347.22 347.22 347.47 347.97 347.97 349.46 349.46 349.46 347.42 347.20 347.20 345.53 346.48 349.43 349.43 349.43
 349.43 348.88 348.34 348.34 348.33 348.32 348.32 347.83 347.35 347.35 347.75 348.19 348.31 348.88 349.17 349.32 348.27 347.50 347.20 346.80 347.70 349.43 349.43 349.43
 348.98 348.03 348.02 348.33 348.32 348.32 348.32 347.83 347.35 347.35 347.71 348.06 348.19 348.54 348.60 348.09 348.09 348.09 348.08 348.08 348.08 348.09 348.98 349.43
 348.09 348.04 348.02 348.04 348.24 348.32 348.24 348.09 347.59 347.35 347.80 348.06 348.11 348.09 348.09 348.09 348.09 348.09 348.08 348.08 348.08 348.09 348.09 348.09
 348.09 348.05 348.02 348.05 348.09 348.09 348.09 348.09 348.09 348.09 348.09 348.09 348.09 348.09 348.09 348.09 348.09 348.09 348.08 348.08 348.08 348.09 348.09 348.09
 348.09 348.09 348.09 348.09 348.09 348.09 348.09 348.09 348.09 348.09 348.09 348.09 348.09 348.09 348.09 348.09 348.09 348.09 348.09 348.09 348.09 348.09 348.09 348.09
 345.89 345.89 345.89 345.89 345.89 345.89 345.89 345.89 345.89 345.89 345.89 345.89 345.89 345.89 345.89 345.89 345.89 345.89 345.89 345.89 345.89 345.89 345.89 345.89
 345.42 345.66 345.89 345.89 345.89 345.89 345.89 345.89 345.89 345.89 345.89 347.24 346.09 346.29 346.09 345.77 345.89 345.89 345.89 345.89 345.89 345.93 345.89 347.94
 354.56 354.56 350.23 345.89 343.03 341.60 343.03 345.89 357.21 362.87 348.58 348.58 348.60 348.62 347.13 345.65 346.41 346.49 346.88 345.60 345.57 345.96 345.97 350.18
 345.80 345.80 345.80 341.60 341.60 341.60 341.60 352.23 362.87 362.87 362.87 348.58 347.17 347.51 353.29 353.29 347.18 347.18 347.87 345.33 345.18 345.71 345.98 345.85
 345.80 345.80 346.44 347.07 341.60 341.60 341.60 349.02 355.03 355.03 353.07 347.17 347.17 346.39 346.39 353.29 347.18 347.87 347.87 345.47 345.33 346.30 346.30 346.30
 348.09 347.28 347.07 347.07 347.07 341.60 343.47 347.20 347.20 347.20 347.20 347.59 347.88 348.33 348.33 350.81 347.18 347.87 347.87 345.47 345.40 346.30 346.30 349.23
 349.23 348.15 347.07 347.07 347.07 347.77 348.13 347.20 347.20 347.20 347.51 348.12 348.12 348.23 348.28 349.54 347.18 347.87 347.87 345.47 346.70 349.23 349.23 349.23
 349.23 348.15 347.07 347.07 347.77 348.48 348.48 347.96 347.43 347.43 347.68 348.06 348.46 348.46 348.46 348.46 347.97 348.00 347.87 346.77 347.70 349.23 349.23 349.23
 348.91 348.15 348.13 347.77 348.48 348.48 348.48 347.96 347.43 347.43 347.55 347.67 348.06 348.26 348.33 348.26 348.26 348.26 348.10 348.08 348.10 348.26 348.91 349.23
 348.26 348.16 348.13 348.16 348.41 348.48 348.41 348.26 347.71 347.43 347.73 347.67 348.00 348.26 348.26 348.26 348.26 348.26 348.13 348.08 348.13 348.26 348.26 348.26
 348.26 348.20 348.13 348.20 348.26 348.26 348.26 348.26 348.26 348.26 348.26 348.26 348.26 348.26 348.26 348.26 348.26 348.26 348.17 348.08 348.17 348.26 348.26 348.26
 348.27 348.27 348.27 348.27 348.27 348.27 348.27 348.27 348.27 348.27 348.27 348.27 348.27 348.27 348.27 348.27 348.27 348.27 348.27 348.27 348.27 348.27 348.27 348.27
 349.98 349.98 349.98 349.98 349.98 349.98 349.98 349.98 349.98 349.98 349.98 349.98 349.98 349.98 349.98 349.98 349.98 349.98 349.98 349.98 349.98 349.98 349.98 349.98
 350.13 350.06 349.98 349.98 349.98 349.98 349.98 349.98 349.98 349.98 349.98 350.59 349.84 349.69 349.84 349.48 349.98 349.98 349.98 349.98 349.98 350.52 349.98 352.09
 358.24 358.24 354.11 349.98 344.79 342.20 344.79 349.98 363.16 369.75 351.20 351.20 351.88 352.57 350.78 348.99 349.36 349.69 349.99 351.04 352.54 351.06 350.16 354.02
 349.80 349.80 349.80 342.20 342.20 342.20 342.20 355.98 369.75 369.75 369.75 351.20 349.44 350.27 352.60 352.60 349.73 349.73 350.00 350.61 354.02 351.45 349.27 349.67
 349.80 349.80 349.31 348.81 342.20 342.20 342.20 351.31 358.93 358.93 356.56 349.44 349.44 347.97 347.97 352.60 349.73 350.00 350.00 347.19 349.85 347.90 347.90 347.90
 349.63 349.36 348.81 348.81 348.81 342.20 344.17 348.11 348.11 348.11 348.11 348.68 348.75 348.38 348.38 350.49 349.73 350.00 350.00 347.77 348.35 348.35 347.90 349.55
 349.55 349.18 348.81 348.81 348.81 348.66 348.58 348.11 348.11 348.11 348.22 348.44 348.44 348.40 348.39 349.44 349.73 350.00 350.00 348.06 348.35 348.75 349.55 349.55
 349.55 349.18 348.81 348.81 348.66 348.51 348.51 347.98 347.44 347.44 347.66 348.02 348.44 348.44 348.44 348.44 348.85 349.46 350.00 348.11 348.35 348.88 349.55 349.55
 349.16 348.22 348.19 348.66 348.51 348.51 348.51 347.98 347.44 347.44 347.52 347.61 348.02 348.23 348.35 348.39 348.39 348.39 347.98 347.92 348.10 348.39 349.16 349.55
 348.39 348.24 348.19 348.24 348.47 348.51 348.47 348.39 347.76 347.44 347.74 347.61 348.01 348.39 348.39 348.39 348.39 348.39 348.04 347.92 348.04 348.39 348.39 348.39
 348.39 348.29 348.19 348.29 348.39 348.39 348.39 348.39 348.39 348.39 348.39 348.39 348.39 348.39 348.39 348.39 348.39 348.39 348.16 347.92 348.16 348.39 348.39 348.39
 348.39 348.39 348.39 348.39 348.39 348.39 348.39 348.39 348.39 348.39 348.39 348.39 348.39 348.39 348.39 348.39 348.39 348.39 348.39 348.39 348.39 348.39 348.39 348.39
 353.30 353.30 353.30 353.30 353.30 353.30 353.30 353.30 353.30 353.30 353.30 353.30 353.30 353.30 353.30 353.30 353.30 353.30 353.30 353.30 353.30 353.30 353.30 353.30
 352.16 352.73 353.30 353.30 353.30 353.30 353.30 353.30 353.30 353.30 353.30 353.64 352.98 352.66 352.98 352.52 353.30 353.30 353.30 353.30 353.30 353.56 353.30 354.83
 360.58 360.58 356.94 353.30 347.70 344.90 347.70 353.30 364.33 369.84 353.99 353.99 353.77 353.55 352.65 351.75 351.76 352.27 352.36 353.76 355.16 353.83 352.29 356.19
 351.80 351.80 351.80 344.90 344.90 344.90 344.90 357.37 369.84 369.84 369.84 353.99 350.91 351.44 352.70 352.70 351.76 351.76 351.43 352.82 356.50 353.70 350.76 351.54
 351.80 351.80 351.03 350.27 344.90 344.90 344.90 352.89 359.71 359.71 357.51 350.91 350.91 349.34 349.34 352.70 351.76 351.43 351.43 349.15 351.77 349.50 349.50 349.50
 350.26 350.55 350.27 350.27 350.27 344.90 346.46 349.57 349.57 349.57 349.57 349.81 349.81 349.57 349.57 351.13 351.76 351.43 351.43 349.41 349.67 349.67 349.50 349.49
 349.49 349.88 350.27 350.27 350.27 349.60 349.26 349.57 349.57 349.57 349.36 348.94 348.94 349.25 349.41 350.27 351.76 351.43 351.43 349.54 349.67 349.61 349.49 349.49
 349.49 349.88 350.27 350.27 349.60 348.93 348.93 348.10 347.27 347.27 347.69 348.19 348.45 348.45 348.45 348.45 349.53 350.41 351.43 349.00 349.67 349.59 349.49 349.49
 349.11 348.15 348.12 349.60 348.93 348.93 348.93 348.10 347.27 347.27 347.60 347.94 348.19 348.32 348.38 348.36 348.36 348.36 347.87 347.80 348.47 348.36 349.11 349.49
 348.36 348.18 348.12 348.18 348.74 348.93 348.74 348.36 347.63 347.27 347.79 347.94 348.17 348.36 348.36 348.36 348.36 348.36 347.94 347.80 347.94 348.36 348.36 348.36
 348.36 348.24 348.12 348.24 348.36 348.36 348.36 348.36 348.36 348.36 348.36 348.36 348.36 348.36 348.36 348.36 348.36 348.36 348.08 347.80 348.08 348.36 348.36 348.36
 348.36 348.36 348.36 348.36 348.36 348.36 348.36 348.36 348.36 348.36 348.36 348.36 348.36 348.36 348.36 348.36 348.36 348.36 348.36 348.36 348.36 348.36 348.36 348.36
