1993 MONTHLY CO2 (PPMV)   24  12  LON/LAT (N-S/0-360E) IN 15 DEGREE RESOLUTION,  GLB ANNUAL MEAN = 357.08,  GROWTH RATE = 0.73,  MISS DATA = -99.99
 362.67 362.67 362.67 362.67 362.67 362.67 362.67 362.67 362.67 362.67 362.67 362.67 362.67 362.67 362.67 362.67 362.67 362.67 362.67 362.67 362.67 362.67 362.67 362.67
 360.01 363.22 361.90 362.28 362.67 362.67 362.67 362.67 362.67 362.67 362.67 363.74 362.63 362.59 362.63 362.67 362.67 362.67 362.67 362.67 362.67 361.41 360.15 361.03
 364.40 368.31 365.11 363.69 362.56 362.50 359.15 359.88 364.24 367.03 364.82 364.82 363.26 361.70 361.70 362.87 359.12 360.69 360.95 358.97 360.20 360.53 359.65 359.16
 360.60 364.45 364.78 362.50 362.50 362.50 359.15 359.88 364.24 367.03 367.03 364.82 358.43 359.42 362.87 362.87 359.12 360.03 360.95 358.97 358.97 358.23 357.86 359.88
 360.60 362.52 359.80 355.94 362.50 362.50 359.15 359.88 364.24 362.13 361.20 358.43 358.43 357.14 357.14 362.87 359.12 357.96 357.96 358.46 357.10 357.86 357.86 357.86
 356.82 357.68 355.94 355.94 355.94 362.50 359.15 358.56 357.23 357.23 357.23 356.98 356.89 356.89 356.89 359.88 359.12 357.96 357.96 357.10 357.10 357.10 357.86 354.94
 354.94 355.44 355.94 355.94 355.94 354.97 356.04 356.69 356.25 356.25 356.03 355.36 355.36 357.09 357.09 357.09 358.10 357.96 357.96 357.10 357.10 356.38 354.94 354.94
 354.94 355.44 355.94 355.94 354.97 354.00 354.00 355.27 355.27 355.27 355.27 355.04 356.00 356.54 356.82 356.95 356.56 356.85 357.96 356.19 357.10 356.14 354.94 354.94
 354.83 354.53 354.59 354.69 354.00 354.00 354.00 354.00 354.01 354.01 353.82 354.08 355.04 355.79 355.74 354.62 354.62 354.62 354.40 354.37 355.30 354.62 354.83 354.94
 354.62 354.47 354.49 354.69 354.66 354.00 354.21 354.62 354.11 353.69 353.37 353.73 354.46 354.62 354.62 354.62 354.62 354.62 354.43 354.37 354.43 354.62 354.62 354.62
 354.62 354.45 354.28 354.56 354.64 354.63 354.62 354.62 354.62 354.62 354.00 354.62 354.62 354.62 354.62 354.62 354.62 354.62 354.50 354.37 354.50 354.62 354.62 354.62
 354.62 354.62 354.62 354.62 354.62 354.62 354.62 354.62 354.62 354.62 354.62 354.62 354.62 354.62 354.62 354.62 354.62 354.62 354.62 354.62 354.62 354.62 354.62 354.62
 362.44 362.44 362.44 362.44 362.44 362.44 362.44 362.44 362.44 362.44 362.44 362.44 362.44 362.44 362.44 362.44 362.44 362.44 362.44 362.44 362.44 362.44 362.44 362.44
 361.17 362.82 362.40 362.42 362.44 362.44 362.44 362.44 362.44 362.44 362.44 362.67 362.35 362.25 362.35 362.44 362.44 362.44 362.44 362.44 362.44 361.70 360.96 361.79
 365.83 365.29 363.85 363.13 362.08 361.90 359.23 361.48 363.85 367.83 362.89 362.89 362.48 362.06 362.06 361.45 359.62 361.78 363.50 360.32 361.03 361.13 360.55 360.14
 363.42 364.36 364.10 361.90 361.90 361.90 359.23 361.48 363.85 367.83 364.41 362.89 359.15 360.00 361.45 361.45 359.62 361.56 363.50 360.32 360.32 359.28 358.76 361.78
 363.42 363.89 360.43 356.87 361.90 361.90 359.23 361.48 363.85 362.22 360.98 360.06 359.15 357.94 357.94 361.45 359.62 359.50 359.50 359.91 357.84 358.76 358.76 358.76
 357.63 358.55 356.87 356.87 356.87 361.90 359.23 359.67 357.85 357.85 359.42 358.06 357.23 357.03 357.03 359.24 359.62 359.50 359.50 357.84 357.84 357.84 358.76 354.74
 354.74 355.81 356.87 356.87 356.87 355.59 356.37 356.95 356.35 356.35 356.53 355.51 355.51 357.72 357.72 357.72 358.67 359.50 359.50 357.84 357.84 356.81 354.74 354.74
 354.74 355.81 356.87 356.87 355.59 354.30 354.30 354.84 354.84 354.84 354.84 354.97 356.13 356.93 357.32 357.52 356.87 357.81 359.50 356.57 357.84 356.46 354.74 354.74
 354.64 354.22 354.31 354.48 354.30 354.30 354.30 354.13 353.96 353.96 353.80 353.80 354.97 355.95 355.90 354.43 354.43 354.43 354.09 354.04 355.34 354.43 354.64 354.74
 354.43 354.13 354.14 354.48 354.48 354.30 354.34 354.43 354.06 353.80 353.65 353.73 354.37 354.43 354.43 354.43 354.43 354.43 354.14 354.04 354.14 354.43 354.43 354.43
 354.43 354.12 353.81 354.30 354.47 354.45 354.43 354.43 354.43 354.43 354.04 354.43 354.43 354.43 354.43 354.43 354.43 354.43 354.24 354.04 354.24 354.43 354.43 354.43
 354.43 354.43 354.43 354.43 354.43 354.43 354.43 354.43 354.43 354.43 354.43 354.43 354.43 354.43 354.43 354.43 354.43 354.43 354.43 354.43 354.43 354.43 354.43 354.43
 363.04 363.04 363.04 363.04 363.04 363.04 363.04 363.04 363.04 363.04 363.04 363.04 363.04 363.04 363.04 363.04 363.04 363.04 363.04 363.04 363.04 363.04 363.04 363.04
 362.44 364.04 361.10 362.07 363.04 363.04 363.04 363.04 363.04 363.04 363.04 363.89 363.24 363.45 363.24 363.04 363.04 363.04 363.04 363.04 363.04 362.41 361.79 362.88
 367.68 369.57 365.34 363.70 363.01 363.00 359.40 362.98 364.67 367.58 364.74 364.74 363.52 362.31 362.31 360.51 360.33 362.27 363.69 360.37 361.26 361.98 361.55 361.30
 365.09 367.33 366.33 363.00 363.00 363.00 359.40 362.98 364.67 367.58 364.08 364.74 359.39 360.44 360.51 360.51 360.33 362.01 363.69 360.37 360.37 359.81 359.52 363.19
 365.09 366.21 362.02 357.77 363.00 363.00 359.40 362.98 364.67 362.12 360.57 359.98 359.39 358.57 358.57 360.51 360.33 362.04 362.04 361.20 358.88 359.52 359.52 359.52
 358.12 359.57 357.77 357.77 357.77 363.00 359.40 360.60 358.22 358.22 359.39 358.24 357.59 357.38 357.38 358.94 360.33 362.04 362.04 358.88 358.88 358.88 359.52 354.63
 354.63 356.20 357.77 357.77 357.77 356.38 356.93 357.21 356.42 356.42 356.61 355.99 355.99 358.06 358.06 358.06 359.20 362.04 362.04 358.88 358.88 357.46 354.63 354.63
 354.63 356.20 357.77 357.77 356.38 355.00 355.00 354.62 354.62 354.62 354.62 355.19 355.57 356.81 357.44 357.75 357.08 359.45 362.04 357.32 358.88 356.99 354.63 354.63
 354.51 354.31 354.49 354.74 355.00 355.00 355.00 354.60 354.19 354.19 354.35 354.81 355.19 356.00 355.91 354.28 354.28 354.28 354.20 354.19 355.76 354.28 354.51 354.63
 354.28 354.13 354.24 354.74 354.51 355.00 354.76 354.28 354.20 354.12 354.04 354.43 354.63 354.28 354.28 354.28 354.28 354.28 354.21 354.19 354.21 354.28 354.28 354.28
 354.28 354.01 353.74 354.26 354.29 354.29 354.28 354.28 354.28 354.28 354.16 354.28 354.28 354.28 354.28 354.28 354.28 354.28 354.24 354.19 354.24 354.28 354.28 354.28
 354.28 354.28 354.28 354.28 354.28 354.28 354.28 354.28 354.28 354.28 354.28 354.28 354.28 354.28 354.28 354.28 354.28 354.28 354.28 354.28 354.28 354.28 354.28 354.28
 363.58 363.58 363.58 363.58 363.58 363.58 363.58 363.58 363.58 363.58 363.58 363.58 363.58 363.58 363.58 363.58 363.58 363.58 363.58 363.58 363.58 363.58 363.58 363.58
 362.80 363.66 363.40 363.49 363.58 363.58 363.58 363.58 363.58 363.58 363.58 363.70 363.38 363.18 363.38 363.58 363.58 363.58 363.58 363.58 363.58 362.80 362.02 363.19
 366.72 364.86 364.13 363.81 365.19 366.00 360.93 364.16 364.40 369.67 363.81 363.81 363.29 362.77 362.77 361.78 361.37 362.54 363.03 360.59 361.59 362.40 362.01 362.00
 362.56 363.71 363.92 366.00 366.00 366.00 360.93 364.16 364.40 369.67 365.67 363.81 360.87 361.17 361.78 361.78 361.37 362.20 363.03 360.59 360.59 360.23 360.05 362.28
 362.56 363.13 360.24 356.96 366.00 366.00 360.93 364.16 364.40 363.47 361.66 361.26 360.87 359.56 359.56 361.78 361.37 362.73 362.73 361.66 359.93 360.05 360.05 360.05
 357.37 358.33 356.96 356.96 356.96 366.00 360.93 361.62 359.08 359.08 360.37 358.91 358.48 359.06 359.06 360.42 361.37 362.73 362.73 359.93 359.93 359.93 360.05 354.77
 354.77 355.87 356.96 356.96 356.96 355.83 357.15 357.57 356.73 356.73 356.75 355.52 355.52 358.22 358.22 358.22 359.80 362.73 362.73 359.93 359.93 358.21 354.77 354.77
 354.77 355.87 356.96 356.96 355.83 354.70 354.70 354.37 354.37 354.37 354.37 355.07 355.83 357.02 357.62 357.92 357.37 359.95 362.73 358.16 359.93 357.64 354.77 354.77
 354.64 354.65 354.95 355.30 354.70 354.70 354.70 354.41 354.12 354.12 354.27 354.32 355.07 356.05 356.02 354.38 354.38 354.38 354.58 354.61 356.36 354.38 354.64 354.77
 354.38 354.36 354.59 355.30 354.83 354.70 354.59 354.38 354.25 354.25 354.38 354.35 354.60 354.38 354.38 354.38 354.38 354.38 354.55 354.61 354.55 354.38 354.38 354.38
 354.38 354.13 353.88 354.48 354.36 354.37 354.38 354.38 354.38 354.38 354.38 354.38 354.38 354.38 354.38 354.38 354.38 354.38 354.50 354.61 354.50 354.38 354.38 354.38
 354.38 354.38 354.38 354.38 354.38 354.38 354.38 354.38 354.38 354.38 354.38 354.38 354.38 354.38 354.38 354.38 354.38 354.38 354.38 354.38 354.38 354.38 354.38 354.38
 363.69 363.69 363.69 363.69 363.69 363.69 363.69 363.69 363.69 363.69 363.69 363.69 363.69 363.69 363.69 363.69 363.69 363.69 363.69 363.69 363.69 363.69 363.69 363.69
 362.64 361.86 360.80 362.24 363.69 363.69 363.69 363.69 363.69 363.69 363.69 362.24 363.59 363.49 363.59 363.69 363.69 363.69 363.69 363.69 363.69 362.38 361.08 362.43
 362.85 360.30 360.55 361.40 364.30 364.60 360.94 362.21 366.80 370.07 360.79 360.79 361.44 362.10 362.10 360.77 360.43 360.77 359.16 359.08 360.62 361.82 361.26 361.44
 360.87 360.59 360.57 364.60 364.60 364.60 360.94 362.21 366.80 370.07 365.43 360.79 361.68 361.29 360.77 360.77 360.43 359.80 359.16 359.08 359.08 359.66 359.94 361.15
 360.87 360.73 357.74 354.84 364.60 364.60 360.94 362.21 366.80 363.53 360.78 361.23 361.68 360.48 360.48 360.77 360.43 359.84 359.84 359.46 360.17 359.94 359.94 359.94
 357.05 356.90 354.84 354.84 354.84 364.60 360.94 360.98 359.75 359.75 360.26 358.70 358.48 358.96 358.96 359.87 360.43 359.84 359.84 360.17 360.17 360.17 359.94 355.14
 355.14 354.99 354.84 354.84 354.84 354.57 356.60 357.59 357.18 357.18 356.72 354.81 354.81 358.24 358.24 358.24 359.34 359.84 359.84 360.17 360.17 358.49 355.14 355.14
 355.14 354.99 354.84 354.84 354.57 354.30 354.30 354.61 354.61 354.61 354.61 354.96 355.22 356.73 357.48 357.86 357.24 358.07 359.84 358.40 360.17 357.93 355.14 355.14
 354.93 354.74 354.98 355.27 354.30 354.30 354.30 354.20 354.10 354.10 354.48 354.71 354.96 355.84 355.95 354.52 354.52 354.52 354.81 354.85 356.60 354.52 354.93 355.14
 354.52 354.50 354.69 355.27 354.94 354.30 354.37 354.52 354.33 354.38 354.65 354.68 354.72 354.52 354.52 354.52 354.52 354.52 354.77 354.85 354.77 354.52 354.52 354.52
 354.52 354.31 354.10 354.62 354.60 354.56 354.52 354.52 354.52 354.52 354.58 354.52 354.52 354.52 354.52 354.52 354.52 354.52 354.68 354.85 354.68 354.52 354.52 354.52
 354.52 354.52 354.52 354.52 354.52 354.52 354.52 354.52 354.52 354.52 354.52 354.52 354.52 354.52 354.52 354.52 354.52 354.52 354.52 354.52 354.52 354.52 354.52 354.52
 360.79 360.79 360.79 360.79 360.79 360.79 360.79 360.79 360.79 360.79 360.79 360.79 360.79 360.79 360.79 360.79 360.79 360.79 360.79 360.79 360.79 360.79 360.79 360.79
 359.77 358.10 356.50 358.65 360.79 360.79 360.79 360.79 360.79 360.79 360.79 359.96 360.54 360.28 360.54 360.79 360.79 360.79 360.79 360.79 360.79 359.52 358.25 359.04
 355.95 355.33 355.91 357.28 361.33 361.60 357.58 355.10 361.42 366.69 359.12 359.12 358.64 358.16 358.16 356.71 358.12 358.67 357.81 355.91 357.54 358.95 358.37 358.50
 358.00 356.67 356.29 361.60 361.60 361.60 357.58 355.10 361.42 366.69 363.14 359.12 359.15 358.89 356.71 356.71 358.12 357.97 357.81 355.91 355.91 357.53 358.34 358.25
 358.00 357.34 355.54 354.27 361.60 361.60 357.58 355.10 361.42 361.76 359.58 359.37 359.15 359.61 359.61 356.71 358.12 358.86 358.86 357.38 358.91 358.34 358.34 358.34
 356.71 355.87 354.27 354.27 354.27 361.60 357.58 357.05 359.00 359.00 359.29 357.90 357.55 358.11 358.11 357.41 358.12 358.86 358.86 358.91 358.91 358.91 358.34 356.06
 356.06 355.16 354.27 354.27 354.27 354.63 355.74 356.54 357.19 357.19 356.81 355.38 355.38 358.11 358.11 358.11 358.12 358.86 358.86 358.91 358.91 357.96 356.06 356.06
 356.06 355.16 354.27 354.27 354.63 355.00 355.00 355.37 355.37 355.37 355.37 355.18 355.56 356.83 357.47 357.79 356.91 357.51 358.86 357.57 358.91 357.64 356.06 356.06
 355.64 354.74 354.85 355.00 355.00 355.00 355.00 354.77 354.55 354.55 354.73 354.80 355.18 356.00 356.10 354.81 354.81 354.81 354.87 354.88 356.22 354.81 355.64 356.06
 354.81 354.64 354.69 355.00 354.81 355.00 354.94 354.81 354.68 354.69 354.83 354.81 354.94 354.81 354.81 354.81 354.81 354.81 354.86 354.88 354.86 354.81 354.81 354.81
 354.81 354.60 354.38 354.70 354.62 354.72 354.81 354.81 354.81 354.81 354.82 354.81 354.81 354.81 354.81 354.81 354.81 354.81 354.85 354.88 354.85 354.81 354.81 354.81
 354.81 354.81 354.81 354.81 354.81 354.81 354.81 354.81 354.81 354.81 354.81 354.81 354.81 354.81 354.81 354.81 354.81 354.81 354.81 354.81 354.81 354.81 354.81 354.81
 352.92 352.92 352.92 352.92 352.92 352.92 352.92 352.92 352.92 352.92 352.92 352.92 352.92 352.92 352.92 352.92 352.92 352.92 352.92 352.92 352.92 352.92 352.92 352.92
 352.94 353.24 350.50 351.71 352.92 352.92 352.92 352.92 352.92 352.92 352.92 353.31 352.45 351.99 352.45 352.92 352.92 352.92 352.92 352.92 352.92 352.57 352.23 352.29
 349.69 356.61 353.55 352.63 358.17 360.80 352.81 346.21 352.01 362.06 353.69 353.69 353.49 353.29 353.29 352.64 354.17 354.41 355.64 354.26 353.81 352.43 352.28 352.34
 355.15 355.88 354.72 360.80 360.80 360.80 352.81 346.21 352.01 362.06 359.87 353.69 356.89 355.34 352.64 352.64 354.17 354.90 355.64 354.26 354.26 355.80 356.56 353.75
 355.15 355.51 355.06 355.01 360.80 360.80 352.81 346.21 352.01 358.92 357.69 357.29 356.89 357.39 357.39 352.64 354.17 360.77 360.77 357.51 356.37 356.56 356.56 356.56
 355.90 355.52 355.01 355.01 355.01 360.80 352.81 351.61 357.00 357.00 357.35 356.73 356.73 357.75 357.75 355.19 354.17 360.77 360.77 356.37 356.37 356.37 356.56 356.27
 356.27 355.64 355.01 355.01 355.01 355.20 354.47 354.70 356.50 356.50 356.35 355.56 355.56 357.81 357.81 357.81 355.99 360.77 360.77 356.37 356.37 356.34 356.27 356.27
 356.27 355.64 355.01 355.01 355.20 355.40 355.40 356.00 356.00 356.00 356.00 355.69 355.78 356.80 357.30 357.56 356.26 358.93 360.77 356.02 356.37 356.33 356.27 356.27
 355.93 355.17 355.26 355.42 355.40 355.40 355.40 355.22 355.03 355.03 355.30 355.60 355.69 356.24 356.26 355.24 355.24 355.24 355.30 355.31 355.66 355.24 355.93 356.27
 355.24 355.07 355.11 355.42 355.17 355.40 355.35 355.24 355.14 355.16 355.28 355.44 355.46 355.24 355.24 355.24 355.24 355.24 355.29 355.31 355.29 355.24 355.24 355.24
 355.24 355.02 354.80 355.10 354.92 355.08 355.24 355.24 355.24 355.24 355.26 355.24 355.24 355.24 355.24 355.24 355.24 355.24 355.28 355.31 355.28 355.24 355.24 355.24
 355.24 355.24 355.24 355.24 355.24 355.24 355.24 355.24 355.24 355.24 355.24 355.24 355.24 355.24 355.24 355.24 355.24 355.24 355.24 355.24 355.24 355.24 355.24 355.24
 348.59 348.59 348.59 348.59 348.59 348.59 348.59 348.59 348.59 348.59 348.59 348.59 348.59 348.59 348.59 348.59 348.59 348.59 348.59 348.59 348.59 348.59 348.59 348.59
 347.64 349.80 347.30 347.95 348.59 348.59 348.59 348.59 348.59 348.59 348.59 347.40 348.15 347.72 348.15 349.06 348.59 348.59 348.59 348.59 348.59 348.34 348.08 348.96
 355.03 355.66 351.48 349.71 357.80 362.40 352.01 344.87 349.13 362.28 346.20 346.20 347.50 348.80 349.16 349.53 350.60 350.53 351.38 353.30 351.73 348.20 348.07 348.06
 354.56 355.11 353.30 362.40 362.40 362.40 352.01 344.87 349.13 362.28 358.91 346.20 354.35 351.81 351.17 351.17 351.68 351.53 351.38 353.30 353.30 353.50 353.61 351.31
 354.56 354.84 354.94 355.82 362.40 362.40 352.01 344.87 349.13 357.08 355.53 354.94 354.35 354.82 354.82 351.17 351.68 358.36 358.36 355.83 353.86 353.61 353.61 353.61
 355.76 355.63 355.82 355.82 355.82 362.40 352.01 349.14 353.42 353.42 354.48 355.34 355.93 357.42 357.42 354.30 351.68 358.36 358.36 353.86 353.86 353.86 353.61 356.36
 356.36 356.09 355.82 355.82 355.82 355.81 354.54 353.14 354.56 354.56 355.19 356.00 356.00 357.31 357.31 357.31 354.49 358.36 358.36 353.86 353.86 354.69 356.36 356.36
 356.36 356.09 355.82 355.82 355.81 355.80 355.80 355.71 355.71 355.71 355.71 356.05 356.48 356.89 357.10 357.21 355.79 357.47 358.36 354.56 353.86 354.97 356.36 356.36
 356.13 355.73 355.86 356.03 355.80 355.80 355.80 355.64 355.48 355.48 355.61 355.62 356.05 356.47 356.42 355.68 355.68 355.68 355.93 355.97 355.24 355.68 356.13 356.36
 355.68 355.61 355.69 356.03 355.88 355.80 355.76 355.68 355.59 355.61 355.73 355.68 355.80 355.68 355.68 355.68 355.68 355.68 355.90 355.97 355.90 355.68 355.68 355.68
 355.68 355.52 355.36 355.70 355.72 355.70 355.68 355.68 355.68 355.68 355.71 355.68 355.68 355.68 355.68 355.68 355.68 355.68 355.83 355.97 355.83 355.68 355.68 355.68
 355.68 355.68 355.68 355.68 355.68 355.68 355.68 355.68 355.68 355.68 355.68 355.68 355.68 355.68 355.68 355.68 355.68 355.68 355.68 355.68 355.68 355.68 355.68 355.68
 349.12 349.12 349.12 349.12 349.12 349.12 349.12 349.12 349.12 349.12 349.12 349.12 349.12 349.12 349.12 349.12 349.12 349.12 349.12 349.12 349.12 349.12 349.12 349.12
 349.08 350.70 351.70 350.41 349.12 349.12 349.12 349.12 349.12 349.12 349.12 349.30 349.17 349.23 349.17 349.92 349.12 349.12 349.12 349.12 349.12 349.16 349.20 349.92
 355.52 352.89 352.30 351.35 357.97 362.40 355.82 352.32 351.74 362.89 349.47 349.47 349.65 349.83 350.27 350.72 351.98 352.71 355.42 352.99 351.70 349.16 349.15 349.11
 353.21 353.05 352.68 362.40 362.40 362.40 355.82 352.32 351.74 362.89 358.30 349.47 352.48 351.52 353.74 353.74 353.23 354.33 355.42 352.99 352.99 352.61 352.43 351.16
 353.21 353.13 354.62 356.33 362.40 362.40 355.82 352.32 351.74 356.32 353.71 353.10 352.48 353.20 353.20 353.74 353.23 353.33 353.33 353.16 352.71 352.43 352.43 352.43
 355.99 355.49 356.33 356.33 356.33 362.40 355.82 352.34 352.36 352.36 353.03 354.23 355.00 356.73 356.73 355.23 353.23 353.33 353.33 352.71 352.71 352.71 352.43 357.38
 357.38 356.51 356.33 356.33 356.33 356.12 355.94 354.08 354.09 354.09 354.69 355.80 355.80 356.80 356.80 356.80 355.01 353.33 353.33 352.71 352.71 354.27 357.38 357.38
 356.60 355.82 356.07 356.33 356.12 355.90 355.90 355.82 355.82 355.82 355.82 355.99 356.02 356.41 356.61 356.70 355.88 354.19 353.33 353.90 352.71 354.79 357.38 357.38
 355.82 355.82 355.82 356.49 355.90 355.90 355.90 355.80 355.71 355.71 355.84 355.95 355.99 356.20 356.24 355.92 355.92 355.92 356.23 356.27 355.05 355.92 356.63 356.60
 355.85 355.82 356.07 356.49 356.27 355.90 355.91 355.92 355.80 355.78 355.86 355.90 355.94 355.92 355.92 355.92 355.92 355.92 356.18 356.27 356.18 355.92 355.92 355.92
 355.92 355.79 355.65 356.03 356.06 355.99 355.92 355.92 355.92 355.92 355.89 355.92 355.92 355.92 355.92 355.92 355.92 355.92 356.10 356.27 356.10 355.92 355.92 355.92
 355.92 355.92 355.92 355.92 355.92 355.92 355.92 355.92 355.92 355.92 355.92 355.92 355.92 355.92 355.92 355.92 355.92 355.92 355.92 355.92 355.92 355.92 355.92 355.92
 353.54 353.54 353.54 353.54 353.54 353.54 353.54 353.54 353.54 353.54 353.54 353.54 353.54 353.54 353.54 353.54 353.54 353.54 353.54 353.54 353.54 353.54 353.54 353.54
 353.85 357.54 359.30 356.42 353.54 353.54 353.54 353.54 353.54 353.54 353.54 356.08 353.86 354.17 353.86 354.66 353.54 353.54 353.54 353.54 353.54 353.60 353.66 354.43
 360.16 363.46 361.38 358.90 357.78 359.90 357.19 358.83 357.62 363.49 358.62 358.62 357.10 355.58 355.69 355.79 355.94 356.02 357.70 355.03 354.53 353.57 353.55 353.43
 356.18 359.82 360.60 359.90 359.90 359.90 357.19 358.83 357.62 363.49 359.13 358.62 354.64 354.79 358.73 358.73 356.10 356.90 357.70 355.03 355.03 354.35 354.01 354.81
 356.18 358.00 357.75 356.21 359.90 359.90 357.19 358.69 358.54 357.71 354.76 354.70 354.64 354.00 354.00 358.73 356.10 353.82 353.82 354.42 353.42 354.01 354.01 354.01
 357.09 356.94 356.21 356.21 356.21 359.90 357.19 357.49 356.29 354.04 354.40 355.11 355.53 356.11 356.11 357.42 356.10 353.82 353.82 353.42 353.42 353.42 354.01 357.54
 357.54 356.47 356.21 356.21 356.21 356.05 356.38 356.48 355.83 355.08 355.36 355.83 355.83 356.60 356.60 356.60 356.35 353.82 353.82 353.42 353.42 354.79 357.54 357.54
 356.61 355.67 355.94 356.21 356.05 355.90 355.90 356.12 356.12 356.12 356.12 355.85 356.36 356.48 356.54 356.57 356.30 354.54 353.82 354.38 353.42 355.25 357.54 357.54
 355.67 355.67 355.67 356.88 355.90 355.90 355.90 355.79 355.67 355.67 355.58 355.34 355.85 356.16 356.22 355.97 355.97 355.97 356.27 356.31 355.32 355.97 356.70 356.61
 355.77 355.67 356.29 356.88 356.40 355.90 355.92 355.97 355.78 355.70 355.72 355.53 355.78 355.97 355.97 355.97 355.97 355.97 356.22 356.31 356.22 355.97 355.97 355.97
 355.97 355.84 355.71 356.12 355.92 355.94 355.97 355.97 355.97 355.97 355.84 355.97 355.97 355.97 355.97 355.97 355.97 355.97 356.14 356.31 356.14 355.97 355.97 355.97
 355.97 355.97 355.97 355.97 355.97 355.97 355.97 355.97 355.97 355.97 355.97 355.97 355.97 355.97 355.97 355.97 355.97 355.97 355.97 355.97 355.97 355.97 355.97 355.97
 357.61 357.61 357.61 357.61 357.61 357.61 357.61 357.61 357.61 357.61 357.61 357.61 357.61 357.61 357.61 357.61 357.61 357.61 357.61 357.61 357.61 357.61 357.61 357.61
 358.70 362.48 363.10 360.35 357.61 357.61 357.61 357.61 357.61 357.61 357.61 359.01 358.03 358.45 358.03 357.61 357.61 357.61 357.61 357.61 357.61 358.21 358.81 359.18
 367.60 370.53 366.82 363.59 357.14 356.90 356.69 359.97 361.34 368.60 360.40 360.40 359.69 358.97 358.30 357.62 357.71 358.39 359.56 356.81 357.07 358.11 358.01 357.21
 359.96 365.25 366.03 356.90 356.90 356.90 356.69 359.97 361.34 368.60 362.26 360.40 357.12 357.26 361.54 361.54 357.80 358.68 359.56 356.81 356.81 356.69 356.64 358.59
 359.96 362.60 360.32 356.33 356.90 356.90 356.69 359.29 358.61 359.68 355.91 356.51 357.12 355.54 355.54 361.54 357.80 356.54 356.54 356.67 355.53 356.64 356.64 356.64
 357.82 358.25 356.33 356.33 356.33 356.90 356.69 358.19 357.10 355.58 355.75 356.29 356.66 356.63 356.63 359.09 357.80 356.54 356.54 355.53 355.53 355.53 356.64 356.75
 356.75 356.26 356.33 356.33 356.33 356.01 356.13 356.85 356.32 355.81 355.96 356.24 356.24 356.90 356.90 356.90 357.35 356.54 356.54 355.53 355.53 355.94 356.75 356.75
 356.22 355.69 356.01 356.33 356.01 355.70 355.70 356.04 356.04 356.04 356.04 356.11 356.56 356.73 356.81 356.86 356.70 356.33 356.54 355.77 355.53 356.07 356.75 356.75
 355.69 355.69 355.69 356.59 355.70 355.70 355.70 355.61 355.51 355.51 355.58 355.67 356.11 356.42 356.38 355.90 355.90 355.90 356.21 356.26 355.99 355.90 356.29 356.22
 355.76 355.69 356.11 356.59 356.20 355.70 355.77 355.90 355.65 355.54 355.56 355.62 355.88 355.90 355.90 355.90 355.90 355.90 356.17 356.26 356.17 355.90 355.90 355.90
 355.90 355.76 355.63 355.98 355.82 355.86 355.90 355.90 355.90 355.90 355.73 355.90 355.90 355.90 355.90 355.90 355.90 355.90 356.08 356.26 356.08 355.90 355.90 355.90
 355.90 355.90 355.90 355.90 355.90 355.90 355.90 355.90 355.90 355.90 355.90 355.90 355.90 355.90 355.90 355.90 355.90 355.90 355.90 355.90 355.90 355.90 355.90 355.90
 360.49 360.49 360.49 360.49 360.49 360.49 360.49 360.49 360.49 360.49 360.49 360.49 360.49 360.49 360.49 360.49 360.49 360.49 360.49 360.49 360.49 360.49 360.49 360.49
 361.86 364.79 367.70 364.10 360.49 360.49 360.49 360.49 360.49 360.49 360.49 361.46 360.74 360.98 360.74 359.22 360.49 360.49 360.49 360.49 360.49 361.34 362.18 361.39
 365.25 369.12 368.41 366.25 361.10 361.40 357.20 360.54 361.94 366.82 362.42 362.42 361.31 360.19 359.07 357.95 358.74 361.51 364.70 358.22 358.98 361.08 360.83 359.47
 360.29 364.70 366.55 361.40 361.40 361.40 357.20 360.54 361.94 366.82 362.33 362.42 358.17 358.73 360.72 360.72 359.53 362.12 364.70 358.22 358.22 357.93 357.79 359.88
 360.29 362.49 360.84 357.16 361.40 361.40 357.20 360.83 361.11 360.68 357.84 358.00 358.17 357.27 357.27 360.72 359.53 357.95 357.95 358.09 357.35 357.79 357.79 357.79
 357.66 358.40 357.16 357.16 357.16 361.40 357.20 359.93 359.03 356.96 357.40 357.41 357.56 357.83 357.83 359.28 359.53 357.95 357.95 357.35 357.35 357.35 357.79 356.34
 356.34 356.27 357.16 357.16 357.16 356.43 356.44 358.46 357.93 357.24 357.20 356.66 356.66 357.58 357.58 357.58 358.56 357.95 357.95 357.35 357.35 357.01 356.34 356.34
 355.83 355.32 356.24 357.16 356.43 355.70 355.70 357.51 357.51 357.51 357.51 356.04 356.81 357.19 357.39 357.48 357.24 357.20 357.95 356.88 357.35 356.90 356.34 356.34
 355.32 355.32 355.32 355.97 355.70 355.70 355.70 355.47 355.23 355.23 355.27 355.27 356.04 356.62 356.56 355.69 355.69 355.69 355.90 355.93 356.38 355.69 355.95 355.83
 355.44 355.32 355.67 355.97 355.78 355.70 355.70 355.69 355.39 355.26 355.29 355.28 355.67 355.69 355.69 355.69 355.69 355.69 355.87 355.93 355.87 355.69 355.69 355.69
 355.69 355.53 355.37 355.65 355.59 355.64 355.69 355.69 355.69 355.69 355.49 355.69 355.69 355.69 355.69 355.69 355.69 355.69 355.81 355.93 355.81 355.69 355.69 355.69
 355.69 355.69 355.69 355.69 355.69 355.69 355.69 355.69 355.69 355.69 355.69 355.69 355.69 355.69 355.69 355.69 355.69 355.69 355.69 355.69 355.69 355.69 355.69 355.69
