1961 MONTHLY CO2 (PPMV)   24  12  LON/LAT (N-S/0-360E) IN 15 DEGREE RESOLUTION,  GLB ANNUAL MEAN = 317.63,  GROWTH RATE = 0.94,  MISS DATA = -99.99
 316.89 316.89 316.89 316.89 316.89 316.89 316.89 316.89 316.89 316.89 316.89 316.89 316.89 316.89 316.89 316.89 316.89 316.89 316.89 316.89 316.89 316.89 316.89 316.89
 316.89 316.89 316.89 316.89 316.89 316.89 316.89 316.89 316.89 316.89 316.89 316.89 316.89 316.89 316.89 316.89 316.89 316.89 316.89 316.89 316.89 316.89 316.89 316.89
 316.89 316.89 316.89 316.89 316.89 316.89 316.89 316.89 316.89 316.89 316.89 316.89 316.89 316.89 316.89 316.89 316.89 316.89 316.89 316.89 316.89 316.89 316.89 316.89
 316.89 316.89 316.89 316.89 316.89 316.89 316.89 316.89 316.89 316.89 316.89 316.89 316.89 316.89 316.89 316.89 316.89 316.89 316.89 316.89 316.89 316.89 316.89 316.89
 316.89 316.89 316.89 316.89 316.89 316.89 316.89 316.89 316.89 316.89 316.89 316.89 316.89 316.89 316.89 316.89 316.89 316.89 316.89 316.89 316.89 316.89 316.89 316.89
 316.89 316.89 316.89 316.89 316.89 316.89 316.89 316.89 316.89 316.89 316.89 316.89 316.89 316.89 316.89 316.89 316.89 316.89 316.89 316.89 316.89 316.89 316.89 316.89
 316.89 316.89 316.89 316.89 316.89 316.89 316.89 316.89 316.89 316.89 316.89 316.89 316.89 316.89 316.89 316.89 316.89 316.89 316.89 316.89 316.89 316.89 316.89 316.89
 316.89 316.89 316.89 316.89 316.89 316.89 316.89 316.89 316.89 316.89 316.89 316.89 316.89 316.89 316.89 316.89 316.89 316.89 316.89 316.89 316.89 316.89 316.89 316.89
 316.89 316.89 316.89 316.89 316.89 316.89 316.89 316.89 316.89 316.89 316.89 316.89 316.89 316.89 316.89 316.89 316.89 316.89 316.89 316.89 316.89 316.89 316.89 316.89
 316.89 316.89 316.89 316.89 316.89 316.89 316.89 316.89 316.89 316.89 316.89 316.89 316.89 316.89 316.89 316.89 316.89 316.89 316.89 316.89 316.89 316.89 316.89 316.89
 316.89 316.89 316.89 316.89 316.89 316.89 316.89 316.89 316.89 316.89 316.89 316.89 316.89 316.89 316.89 316.89 316.89 316.89 316.89 316.89 316.89 316.89 316.89 316.89
 316.89 316.89 316.89 316.89 316.89 316.89 316.89 316.89 316.89 316.89 316.89 316.89 316.89 316.89 316.89 316.89 316.89 316.89 316.89 316.89 316.89 316.89 316.89 316.89
 317.70 317.70 317.70 317.70 317.70 317.70 317.70 317.70 317.70 317.70 317.70 317.70 317.70 317.70 317.70 317.70 317.70 317.70 317.70 317.70 317.70 317.70 317.70 317.70
 317.70 317.70 317.70 317.70 317.70 317.70 317.70 317.70 317.70 317.70 317.70 317.70 317.70 317.70 317.70 317.70 317.70 317.70 317.70 317.70 317.70 317.70 317.70 317.70
 317.70 317.70 317.70 317.70 317.70 317.70 317.70 317.70 317.70 317.70 317.70 317.70 317.70 317.70 317.70 317.70 317.70 317.70 317.70 317.70 317.70 317.70 317.70 317.70
 317.70 317.70 317.70 317.70 317.70 317.70 317.70 317.70 317.70 317.70 317.70 317.70 317.70 317.70 317.70 317.70 317.70 317.70 317.70 317.70 317.70 317.70 317.70 317.70
 317.70 317.70 317.70 317.70 317.70 317.70 317.70 317.70 317.70 317.70 317.70 317.70 317.70 317.70 317.70 317.70 317.70 317.70 317.70 317.70 317.70 317.70 317.70 317.70
 317.70 317.70 317.70 317.70 317.70 317.70 317.70 317.70 317.70 317.70 317.70 317.70 317.70 317.70 317.70 317.70 317.70 317.70 317.70 317.70 317.70 317.70 317.70 317.70
 317.70 317.70 317.70 317.70 317.70 317.70 317.70 317.70 317.70 317.70 317.70 317.70 317.70 317.70 317.70 317.70 317.70 317.70 317.70 317.70 317.70 317.70 317.70 317.70
 317.70 317.70 317.70 317.70 317.70 317.70 317.70 317.70 317.70 317.70 317.70 317.70 317.70 317.70 317.70 317.70 317.70 317.70 317.70 317.70 317.70 317.70 317.70 317.70
 317.70 317.70 317.70 317.70 317.70 317.70 317.70 317.70 317.70 317.70 317.70 317.70 317.70 317.70 317.70 317.70 317.70 317.70 317.70 317.70 317.70 317.70 317.70 317.70
 317.70 317.70 317.70 317.70 317.70 317.70 317.70 317.70 317.70 317.70 317.70 317.70 317.70 317.70 317.70 317.70 317.70 317.70 317.70 317.70 317.70 317.70 317.70 317.70
 317.70 317.70 317.70 317.70 317.70 317.70 317.70 317.70 317.70 317.70 317.70 317.70 317.70 317.70 317.70 317.70 317.70 317.70 317.70 317.70 317.70 317.70 317.70 317.70
 317.70 317.70 317.70 317.70 317.70 317.70 317.70 317.70 317.70 317.70 317.70 317.70 317.70 317.70 317.70 317.70 317.70 317.70 317.70 317.70 317.70 317.70 317.70 317.70
 318.54 318.54 318.54 318.54 318.54 318.54 318.54 318.54 318.54 318.54 318.54 318.54 318.54 318.54 318.54 318.54 318.54 318.54 318.54 318.54 318.54 318.54 318.54 318.54
 318.54 318.54 318.54 318.54 318.54 318.54 318.54 318.54 318.54 318.54 318.54 318.54 318.54 318.54 318.54 318.54 318.54 318.54 318.54 318.54 318.54 318.54 318.54 318.54
 318.54 318.54 318.54 318.54 318.54 318.54 318.54 318.54 318.54 318.54 318.54 318.54 318.54 318.54 318.54 318.54 318.54 318.54 318.54 318.54 318.54 318.54 318.54 318.54
 318.54 318.54 318.54 318.54 318.54 318.54 318.54 318.54 318.54 318.54 318.54 318.54 318.54 318.54 318.54 318.54 318.54 318.54 318.54 318.54 318.54 318.54 318.54 318.54
 318.54 318.54 318.54 318.54 318.54 318.54 318.54 318.54 318.54 318.54 318.54 318.54 318.54 318.54 318.54 318.54 318.54 318.54 318.54 318.54 318.54 318.54 318.54 318.54
 318.54 318.54 318.54 318.54 318.54 318.54 318.54 318.54 318.54 318.54 318.54 318.54 318.54 318.54 318.54 318.54 318.54 318.54 318.54 318.54 318.54 318.54 318.54 318.54
 318.54 318.54 318.54 318.54 318.54 318.54 318.54 318.54 318.54 318.54 318.54 318.54 318.54 318.54 318.54 318.54 318.54 318.54 318.54 318.54 318.54 318.54 318.54 318.54
 318.54 318.54 318.54 318.54 318.54 318.54 318.54 318.54 318.54 318.54 318.54 318.54 318.54 318.54 318.54 318.54 318.54 318.54 318.54 318.54 318.54 318.54 318.54 318.54
 318.54 318.54 318.54 318.54 318.54 318.54 318.54 318.54 318.54 318.54 318.54 318.54 318.54 318.54 318.54 318.54 318.54 318.54 318.54 318.54 318.54 318.54 318.54 318.54
 318.54 318.54 318.54 318.54 318.54 318.54 318.54 318.54 318.54 318.54 318.54 318.54 318.54 318.54 318.54 318.54 318.54 318.54 318.54 318.54 318.54 318.54 318.54 318.54
 318.54 318.54 318.54 318.54 318.54 318.54 318.54 318.54 318.54 318.54 318.54 318.54 318.54 318.54 318.54 318.54 318.54 318.54 318.54 318.54 318.54 318.54 318.54 318.54
 318.54 318.54 318.54 318.54 318.54 318.54 318.54 318.54 318.54 318.54 318.54 318.54 318.54 318.54 318.54 318.54 318.54 318.54 318.54 318.54 318.54 318.54 318.54 318.54
 319.48 319.48 319.48 319.48 319.48 319.48 319.48 319.48 319.48 319.48 319.48 319.48 319.48 319.48 319.48 319.48 319.48 319.48 319.48 319.48 319.48 319.48 319.48 319.48
 319.48 319.48 319.48 319.48 319.48 319.48 319.48 319.48 319.48 319.48 319.48 319.48 319.48 319.48 319.48 319.48 319.48 319.48 319.48 319.48 319.48 319.48 319.48 319.48
 319.48 319.48 319.48 319.48 319.48 319.48 319.48 319.48 319.48 319.48 319.48 319.48 319.48 319.48 319.48 319.48 319.48 319.48 319.48 319.48 319.48 319.48 319.48 319.48
 319.48 319.48 319.48 319.48 319.48 319.48 319.48 319.48 319.48 319.48 319.48 319.48 319.48 319.48 319.48 319.48 319.48 319.48 319.48 319.48 319.48 319.48 319.48 319.48
 319.48 319.48 319.48 319.48 319.48 319.48 319.48 319.48 319.48 319.48 319.48 319.48 319.48 319.48 319.48 319.48 319.48 319.48 319.48 319.48 319.48 319.48 319.48 319.48
 319.48 319.48 319.48 319.48 319.48 319.48 319.48 319.48 319.48 319.48 319.48 319.48 319.48 319.48 319.48 319.48 319.48 319.48 319.48 319.48 319.48 319.48 319.48 319.48
 319.48 319.48 319.48 319.48 319.48 319.48 319.48 319.48 319.48 319.48 319.48 319.48 319.48 319.48 319.48 319.48 319.48 319.48 319.48 319.48 319.48 319.48 319.48 319.48
 319.48 319.48 319.48 319.48 319.48 319.48 319.48 319.48 319.48 319.48 319.48 319.48 319.48 319.48 319.48 319.48 319.48 319.48 319.48 319.48 319.48 319.48 319.48 319.48
 319.48 319.48 319.48 319.48 319.48 319.48 319.48 319.48 319.48 319.48 319.48 319.48 319.48 319.48 319.48 319.48 319.48 319.48 319.48 319.48 319.48 319.48 319.48 319.48
 319.48 319.48 319.48 319.48 319.48 319.48 319.48 319.48 319.48 319.48 319.48 319.48 319.48 319.48 319.48 319.48 319.48 319.48 319.48 319.48 319.48 319.48 319.48 319.48
 319.48 319.48 319.48 319.48 319.48 319.48 319.48 319.48 319.48 319.48 319.48 319.48 319.48 319.48 319.48 319.48 319.48 319.48 319.48 319.48 319.48 319.48 319.48 319.48
 319.48 319.48 319.48 319.48 319.48 319.48 319.48 319.48 319.48 319.48 319.48 319.48 319.48 319.48 319.48 319.48 319.48 319.48 319.48 319.48 319.48 319.48 319.48 319.48
 319.15 319.15 319.15 319.15 319.15 319.15 319.15 319.15 319.15 319.15 319.15 319.15 319.15 319.15 319.15 319.15 319.15 319.15 319.15 319.15 319.15 319.15 319.15 319.15
 316.79 316.79 316.79 316.79 316.79 316.79 320.34 320.58 320.58 320.58 320.58 320.58 320.58 320.58 320.58 320.58 320.58 320.58 320.58 320.58 320.34 316.79 316.79 316.79
 316.79 316.79 316.79 316.79 316.79 316.79 320.11 320.58 320.58 320.58 320.58 320.58 320.58 320.58 320.58 320.58 320.58 320.58 320.58 320.58 320.11 316.79 316.79 316.79
 316.79 316.79 316.79 316.79 316.79 316.79 319.63 320.58 320.58 320.58 320.58 320.58 320.58 320.58 320.58 320.58 320.58 320.58 320.58 320.58 319.63 316.79 316.79 316.79
 316.79 316.79 316.79 316.79 316.79 316.79 318.69 320.58 320.58 320.58 320.58 320.58 320.58 320.58 320.58 320.58 320.58 320.58 320.58 320.58 318.69 316.79 316.79 316.79
 316.79 316.79 316.79 316.79 316.79 316.79 316.79 316.79 319.32 320.58 320.58 320.58 320.58 320.58 320.58 320.58 320.58 320.58 319.32 316.79 316.79 316.79 316.79 316.79
 316.79 316.79 316.79 316.79 316.79 316.79 316.79 316.79 316.79 316.79 319.32 320.58 320.58 320.58 320.58 320.58 319.32 316.79 316.79 316.79 316.79 316.79 316.79 316.79
 316.79 316.79 316.79 316.79 316.79 316.79 316.79 316.79 316.79 316.79 316.79 316.79 319.32 320.58 319.32 316.79 316.79 316.79 316.79 316.79 316.79 316.79 316.79 316.79
 316.79 316.79 316.79 316.79 316.79 316.79 316.79 316.79 316.79 316.79 316.79 316.79 316.79 316.79 316.79 316.79 316.79 316.79 316.79 316.79 316.79 316.79 316.79 316.79
 316.79 316.79 316.79 316.79 316.79 316.79 316.79 316.79 316.79 316.79 316.79 316.79 316.79 316.79 316.79 316.79 316.79 316.79 316.79 316.79 316.79 316.79 316.79 316.79
 316.79 316.79 316.79 316.79 316.79 316.79 316.79 316.79 316.79 316.79 316.79 316.79 316.79 316.79 316.79 316.79 316.79 316.79 316.79 316.79 316.79 316.79 316.79 316.79
 316.79 316.79 316.79 316.79 316.79 316.79 316.79 316.79 316.79 316.79 316.79 316.79 316.79 316.79 316.79 316.79 316.79 316.79 316.79 316.79 316.79 316.79 316.79 316.79
 318.68 318.68 318.68 318.68 318.68 318.68 318.68 318.68 318.68 318.68 318.68 318.68 318.68 318.68 318.68 318.68 318.68 318.68 318.68 318.68 318.68 318.68 318.68 318.68
 316.86 316.86 316.86 316.86 316.86 316.86 319.60 319.78 319.78 319.78 319.78 319.78 319.78 319.78 319.78 319.78 319.78 319.78 319.78 319.78 319.60 316.86 316.86 316.86
 316.86 316.86 316.86 316.86 316.86 316.86 319.41 319.78 319.78 319.78 319.78 319.78 319.78 319.78 319.78 319.78 319.78 319.78 319.78 319.78 319.41 316.86 316.86 316.86
 316.86 316.86 316.86 316.86 316.86 316.86 319.05 319.78 319.78 319.78 319.78 319.78 319.78 319.78 319.78 319.78 319.78 319.78 319.78 319.78 319.05 316.86 316.86 316.86
 316.86 316.86 316.86 316.86 316.86 316.86 318.32 319.78 319.78 319.78 319.78 319.78 319.78 319.78 319.78 319.78 319.78 319.78 319.78 319.78 318.32 316.86 316.86 316.86
 316.86 316.86 316.86 316.86 316.86 316.86 316.86 316.86 318.81 319.78 319.78 319.78 319.78 319.78 319.78 319.78 319.78 319.78 318.81 316.86 316.86 316.86 316.86 316.86
 316.86 316.86 316.86 316.86 316.86 316.86 316.86 316.86 316.86 316.86 318.81 319.78 319.78 319.78 319.78 319.78 318.81 316.86 316.86 316.86 316.86 316.86 316.86 316.86
 316.86 316.86 316.86 316.86 316.86 316.86 316.86 316.86 316.86 316.86 316.86 316.86 318.81 319.78 318.81 316.86 316.86 316.86 316.86 316.86 316.86 316.86 316.86 316.86
 316.86 316.86 316.86 316.86 316.86 316.86 316.86 316.86 316.86 316.86 316.86 316.86 316.86 316.86 316.86 316.86 316.86 316.86 316.86 316.86 316.86 316.86 316.86 316.86
 316.86 316.86 316.86 316.86 316.86 316.86 316.86 316.86 316.86 316.86 316.86 316.86 316.86 316.86 316.86 316.86 316.86 316.86 316.86 316.86 316.86 316.86 316.86 316.86
 316.86 316.86 316.86 316.86 316.86 316.86 316.86 316.86 316.86 316.86 316.86 316.86 316.86 316.86 316.86 316.86 316.86 316.86 316.86 316.86 316.86 316.86 316.86 316.86
 316.86 316.86 316.86 316.86 316.86 316.86 316.86 316.86 316.86 316.86 316.86 316.86 316.86 316.86 316.86 316.86 316.86 316.86 316.86 316.86 316.86 316.86 316.86 316.86
 317.96 317.96 317.96 317.96 317.96 317.96 317.96 317.96 317.96 317.96 317.96 317.96 317.96 317.96 317.96 317.96 317.96 317.96 317.96 317.96 317.96 317.96 317.96 317.96
 316.94 316.94 316.94 316.94 316.94 316.94 318.48 318.58 318.58 318.58 318.58 318.58 318.58 318.58 318.58 318.58 318.58 318.58 318.58 318.58 318.48 316.94 316.94 316.94
 316.94 316.94 316.94 316.94 316.94 316.94 318.38 318.58 318.58 318.58 318.58 318.58 318.58 318.58 318.58 318.58 318.58 318.58 318.58 318.58 318.38 316.94 316.94 316.94
 316.94 316.94 316.94 316.94 316.94 316.94 318.17 318.58 318.58 318.58 318.58 318.58 318.58 318.58 318.58 318.58 318.58 318.58 318.58 318.58 318.17 316.94 316.94 316.94
 316.94 316.94 316.94 316.94 316.94 316.94 317.76 318.58 318.58 318.58 318.58 318.58 318.58 318.58 318.58 318.58 318.58 318.58 318.58 318.58 317.76 316.94 316.94 316.94
 316.94 316.94 316.94 316.94 316.94 316.94 316.94 316.94 318.03 318.58 318.58 318.58 318.58 318.58 318.58 318.58 318.58 318.58 318.03 316.94 316.94 316.94 316.94 316.94
 316.94 316.94 316.94 316.94 316.94 316.94 316.94 316.94 316.94 316.94 318.03 318.58 318.58 318.58 318.58 318.58 318.03 316.94 316.94 316.94 316.94 316.94 316.94 316.94
 316.94 316.94 316.94 316.94 316.94 316.94 316.94 316.94 316.94 316.94 316.94 316.94 318.03 318.58 318.03 316.94 316.94 316.94 316.94 316.94 316.94 316.94 316.94 316.94
 316.94 316.94 316.94 316.94 316.94 316.94 316.94 316.94 316.94 316.94 316.94 316.94 316.94 316.94 316.94 316.94 316.94 316.94 316.94 316.94 316.94 316.94 316.94 316.94
 316.94 316.94 316.94 316.94 316.94 316.94 316.94 316.94 316.94 316.94 316.94 316.94 316.94 316.94 316.94 316.94 316.94 316.94 316.94 316.94 316.94 316.94 316.94 316.94
 316.94 316.94 316.94 316.94 316.94 316.94 316.94 316.94 316.94 316.94 316.94 316.94 316.94 316.94 316.94 316.94 316.94 316.94 316.94 316.94 316.94 316.94 316.94 316.94
 316.94 316.94 316.94 316.94 316.94 316.94 316.94 316.94 316.94 316.94 316.94 316.94 316.94 316.94 316.94 316.94 316.94 316.94 316.94 316.94 316.94 316.94 316.94 316.94
 317.00 317.00 317.00 317.00 317.00 317.00 317.00 317.00 317.00 317.00 317.00 317.00 317.00 317.00 317.00 317.00 317.00 317.00 317.00 317.00 317.00 317.00 317.00 317.00
 317.35 317.35 317.35 317.35 317.35 317.35 316.83 316.79 316.79 316.79 316.79 316.79 316.79 316.79 316.79 316.79 316.79 316.79 316.79 316.79 316.83 317.35 317.35 317.35
 317.35 317.35 317.35 317.35 317.35 317.35 316.86 316.79 316.79 316.79 316.79 316.79 316.79 316.79 316.79 316.79 316.79 316.79 316.79 316.79 316.86 317.35 317.35 317.35
 317.35 317.35 317.35 317.35 317.35 317.35 316.93 316.79 316.79 316.79 316.79 316.79 316.79 316.79 316.79 316.79 316.79 316.79 316.79 316.79 316.93 317.35 317.35 317.35
 317.35 317.35 317.35 317.35 317.35 317.35 317.07 316.79 316.79 316.79 316.79 316.79 316.79 316.79 316.79 316.79 316.79 316.79 316.79 316.79 317.07 317.35 317.35 317.35
 317.35 317.35 317.35 317.35 317.35 317.35 317.35 317.35 316.98 316.79 316.79 316.79 316.79 316.79 316.79 316.79 316.79 316.79 316.98 317.35 317.35 317.35 317.35 317.35
 317.35 317.35 317.35 317.35 317.35 317.35 317.35 317.35 317.35 317.35 316.98 316.79 316.79 316.79 316.79 316.79 316.98 317.35 317.35 317.35 317.35 317.35 317.35 317.35
 317.35 317.35 317.35 317.35 317.35 317.35 317.35 317.35 317.35 317.35 317.35 317.35 316.98 316.79 316.98 317.35 317.35 317.35 317.35 317.35 317.35 317.35 317.35 317.35
 317.35 317.35 317.35 317.35 317.35 317.35 317.35 317.35 317.35 317.35 317.35 317.35 317.35 317.35 317.35 317.35 317.35 317.35 317.35 317.35 317.35 317.35 317.35 317.35
 317.35 317.35 317.35 317.35 317.35 317.35 317.35 317.35 317.35 317.35 317.35 317.35 317.35 317.35 317.35 317.35 317.35 317.35 317.35 317.35 317.35 317.35 317.35 317.35
 317.35 317.35 317.35 317.35 317.35 317.35 317.35 317.35 317.35 317.35 317.35 317.35 317.35 317.35 317.35 317.35 317.35 317.35 317.35 317.35 317.35 317.35 317.35 317.35
 317.35 317.35 317.35 317.35 317.35 317.35 317.35 317.35 317.35 317.35 317.35 317.35 317.35 317.35 317.35 317.35 317.35 317.35 317.35 317.35 317.35 317.35 317.35 317.35
 316.01 316.01 316.01 316.01 316.01 316.01 316.01 316.01 316.01 316.01 316.01 316.01 316.01 316.01 316.01 316.01 316.01 316.01 316.01 316.01 316.01 316.01 316.01 316.01
 317.68 317.68 317.68 317.68 317.68 317.68 315.16 314.99 314.99 314.99 314.99 314.99 314.99 314.99 314.99 314.99 314.99 314.99 314.99 314.99 315.16 317.68 317.68 317.68
 317.68 317.68 317.68 317.68 317.68 317.68 315.33 314.99 314.99 314.99 314.99 314.99 314.99 314.99 314.99 314.99 314.99 314.99 314.99 314.99 315.33 317.68 317.68 317.68
 317.68 317.68 317.68 317.68 317.68 317.68 315.66 314.99 314.99 314.99 314.99 314.99 314.99 314.99 314.99 314.99 314.99 314.99 314.99 314.99 315.66 317.68 317.68 317.68
 317.68 317.68 317.68 317.68 317.68 317.68 316.34 314.99 314.99 314.99 314.99 314.99 314.99 314.99 314.99 314.99 314.99 314.99 314.99 314.99 316.34 317.68 317.68 317.68
 317.68 317.68 317.68 317.68 317.68 317.68 317.68 317.68 315.89 314.99 314.99 314.99 314.99 314.99 314.99 314.99 314.99 314.99 315.89 317.68 317.68 317.68 317.68 317.68
 317.68 317.68 317.68 317.68 317.68 317.68 317.68 317.68 317.68 317.68 315.89 314.99 314.99 314.99 314.99 314.99 315.89 317.68 317.68 317.68 317.68 317.68 317.68 317.68
 317.68 317.68 317.68 317.68 317.68 317.68 317.68 317.68 317.68 317.68 317.68 317.68 315.89 314.99 315.89 317.68 317.68 317.68 317.68 317.68 317.68 317.68 317.68 317.68
 317.68 317.68 317.68 317.68 317.68 317.68 317.68 317.68 317.68 317.68 317.68 317.68 317.68 317.68 317.68 317.68 317.68 317.68 317.68 317.68 317.68 317.68 317.68 317.68
 317.68 317.68 317.68 317.68 317.68 317.68 317.68 317.68 317.68 317.68 317.68 317.68 317.68 317.68 317.68 317.68 317.68 317.68 317.68 317.68 317.68 317.68 317.68 317.68
 317.68 317.68 317.68 317.68 317.68 317.68 317.68 317.68 317.68 317.68 317.68 317.68 317.68 317.68 317.68 317.68 317.68 317.68 317.68 317.68 317.68 317.68 317.68 317.68
 317.68 317.68 317.68 317.68 317.68 317.68 317.68 317.68 317.68 317.68 317.68 317.68 317.68 317.68 317.68 317.68 317.68 317.68 317.68 317.68 317.68 317.68 317.68 317.68
 316.23 316.23 316.23 316.23 316.23 316.23 316.23 316.23 316.23 316.23 316.23 316.23 316.23 316.23 316.23 316.23 316.23 316.23 316.23 316.23 316.23 316.23 316.23 316.23
 317.74 317.74 317.74 317.74 317.74 317.74 315.46 315.31 315.31 315.31 315.31 315.31 315.31 315.31 315.31 315.31 315.31 315.31 315.31 315.31 315.46 317.74 317.74 317.74
 317.74 317.74 317.74 317.74 317.74 317.74 315.61 315.31 315.31 315.31 315.31 315.31 315.31 315.31 315.31 315.31 315.31 315.31 315.31 315.31 315.61 317.74 317.74 317.74
 317.74 317.74 317.74 317.74 317.74 317.74 315.92 315.31 315.31 315.31 315.31 315.31 315.31 315.31 315.31 315.31 315.31 315.31 315.31 315.31 315.92 317.74 317.74 317.74
 317.74 317.74 317.74 317.74 317.74 317.74 316.52 315.31 315.31 315.31 315.31 315.31 315.31 315.31 315.31 315.31 315.31 315.31 315.31 315.31 316.52 317.74 317.74 317.74
 317.74 317.74 317.74 317.74 317.74 317.74 317.74 317.74 316.12 315.31 315.31 315.31 315.31 315.31 315.31 315.31 315.31 315.31 316.12 317.74 317.74 317.74 317.74 317.74
 317.74 317.74 317.74 317.74 317.74 317.74 317.74 317.74 317.74 317.74 316.12 315.31 315.31 315.31 315.31 315.31 316.12 317.74 317.74 317.74 317.74 317.74 317.74 317.74
 317.74 317.74 317.74 317.74 317.74 317.74 317.74 317.74 317.74 317.74 317.74 317.74 316.12 315.31 316.12 317.74 317.74 317.74 317.74 317.74 317.74 317.74 317.74 317.74
 317.74 317.74 317.74 317.74 317.74 317.74 317.74 317.74 317.74 317.74 317.74 317.74 317.74 317.74 317.74 317.74 317.74 317.74 317.74 317.74 317.74 317.74 317.74 317.74
 317.74 317.74 317.74 317.74 317.74 317.74 317.74 317.74 317.74 317.74 317.74 317.74 317.74 317.74 317.74 317.74 317.74 317.74 317.74 317.74 317.74 317.74 317.74 317.74
 317.74 317.74 317.74 317.74 317.74 317.74 317.74 317.74 317.74 317.74 317.74 317.74 317.74 317.74 317.74 317.74 317.74 317.74 317.74 317.74 317.74 317.74 317.74 317.74
 317.74 317.74 317.74 317.74 317.74 317.74 317.74 317.74 317.74 317.74 317.74 317.74 317.74 317.74 317.74 317.74 317.74 317.74 317.74 317.74 317.74 317.74 317.74 317.74
 316.77 316.77 316.77 316.77 316.77 316.77 316.77 316.77 316.77 316.77 316.77 316.77 316.77 316.77 316.77 316.77 316.77 316.77 316.77 316.77 316.77 316.77 316.77 316.77
 317.87 317.87 317.87 317.87 317.87 317.87 316.21 316.10 316.10 316.10 316.10 316.10 316.10 316.10 316.10 316.10 316.10 316.10 316.10 316.10 316.21 317.87 317.87 317.87
 317.87 317.87 317.87 317.87 317.87 317.87 316.32 316.10 316.10 316.10 316.10 316.10 316.10 316.10 316.10 316.10 316.10 316.10 316.10 316.10 316.32 317.87 317.87 317.87
 317.87 317.87 317.87 317.87 317.87 317.87 316.54 316.10 316.10 316.10 316.10 316.10 316.10 316.10 316.10 316.10 316.10 316.10 316.10 316.10 316.54 317.87 317.87 317.87
 317.87 317.87 317.87 317.87 317.87 317.87 316.99 316.10 316.10 316.10 316.10 316.10 316.10 316.10 316.10 316.10 316.10 316.10 316.10 316.10 316.99 317.87 317.87 317.87
 317.87 317.87 317.87 317.87 317.87 317.87 317.87 317.87 316.69 316.10 316.10 316.10 316.10 316.10 316.10 316.10 316.10 316.10 316.69 317.87 317.87 317.87 317.87 317.87
 317.87 317.87 317.87 317.87 317.87 317.87 317.87 317.87 317.87 317.87 316.69 316.10 316.10 316.10 316.10 316.10 316.69 317.87 317.87 317.87 317.87 317.87 317.87 317.87
 317.87 317.87 317.87 317.87 317.87 317.87 317.87 317.87 317.87 317.87 317.87 317.87 316.69 316.10 316.69 317.87 317.87 317.87 317.87 317.87 317.87 317.87 317.87 317.87
 317.87 317.87 317.87 317.87 317.87 317.87 317.87 317.87 317.87 317.87 317.87 317.87 317.87 317.87 317.87 317.87 317.87 317.87 317.87 317.87 317.87 317.87 317.87 317.87
 317.87 317.87 317.87 317.87 317.87 317.87 317.87 317.87 317.87 317.87 317.87 317.87 317.87 317.87 317.87 317.87 317.87 317.87 317.87 317.87 317.87 317.87 317.87 317.87
 317.87 317.87 317.87 317.87 317.87 317.87 317.87 317.87 317.87 317.87 317.87 317.87 317.87 317.87 317.87 317.87 317.87 317.87 317.87 317.87 317.87 317.87 317.87 317.87
 317.87 317.87 317.87 317.87 317.87 317.87 317.87 317.87 317.87 317.87 317.87 317.87 317.87 317.87 317.87 317.87 317.87 317.87 317.87 317.87 317.87 317.87 317.87 317.87
 317.26 317.26 317.26 317.26 317.26 317.26 317.26 317.26 317.26 317.26 317.26 317.26 317.26 317.26 317.26 317.26 317.26 317.26 317.26 317.26 317.26 317.26 317.26 317.26
 317.67 317.67 317.67 317.67 317.67 317.67 317.05 317.01 317.01 317.01 317.01 317.01 317.01 317.01 317.01 317.01 317.01 317.01 317.01 317.01 317.05 317.67 317.67 317.67
 317.67 317.67 317.67 317.67 317.67 317.67 317.09 317.01 317.01 317.01 317.01 317.01 317.01 317.01 317.01 317.01 317.01 317.01 317.01 317.01 317.09 317.67 317.67 317.67
 317.67 317.67 317.67 317.67 317.67 317.67 317.18 317.01 317.01 317.01 317.01 317.01 317.01 317.01 317.01 317.01 317.01 317.01 317.01 317.01 317.18 317.67 317.67 317.67
 317.67 317.67 317.67 317.67 317.67 317.67 317.34 317.01 317.01 317.01 317.01 317.01 317.01 317.01 317.01 317.01 317.01 317.01 317.01 317.01 317.34 317.67 317.67 317.67
 317.67 317.67 317.67 317.67 317.67 317.67 317.67 317.67 317.23 317.01 317.01 317.01 317.01 317.01 317.01 317.01 317.01 317.01 317.23 317.67 317.67 317.67 317.67 317.67
 317.67 317.67 317.67 317.67 317.67 317.67 317.67 317.67 317.67 317.67 317.23 317.01 317.01 317.01 317.01 317.01 317.23 317.67 317.67 317.67 317.67 317.67 317.67 317.67
 317.67 317.67 317.67 317.67 317.67 317.67 317.67 317.67 317.67 317.67 317.67 317.67 317.23 317.01 317.23 317.67 317.67 317.67 317.67 317.67 317.67 317.67 317.67 317.67
 317.67 317.67 317.67 317.67 317.67 317.67 317.67 317.67 317.67 317.67 317.67 317.67 317.67 317.67 317.67 317.67 317.67 317.67 317.67 317.67 317.67 317.67 317.67 317.67
 317.67 317.67 317.67 317.67 317.67 317.67 317.67 317.67 317.67 317.67 317.67 317.67 317.67 317.67 317.67 317.67 317.67 317.67 317.67 317.67 317.67 317.67 317.67 317.67
 317.67 317.67 317.67 317.67 317.67 317.67 317.67 317.67 317.67 317.67 317.67 317.67 317.67 317.67 317.67 317.67 317.67 317.67 317.67 317.67 317.67 317.67 317.67 317.67
 317.67 317.67 317.67 317.67 317.67 317.67 317.67 317.67 317.67 317.67 317.67 317.67 317.67 317.67 317.67 317.67 317.67 317.67 317.67 317.67 317.67 317.67 317.67 317.67
