1964 MONTHLY CO2 (PPMV)   24  12  LON/LAT (N-S/0-360E) IN 15 DEGREE RESOLUTION,  GLB ANNUAL MEAN = 319.40,  GROWTH RATE = 0.98,  MISS DATA = -99.99
 319.57 319.57 319.57 319.57 319.57 319.57 319.57 319.57 319.57 319.57 319.57 319.57 319.57 319.57 319.57 319.57 319.57 319.57 319.57 319.57 319.57 319.57 319.57 319.57
 319.57 319.57 319.57 319.57 319.57 319.57 319.57 319.57 319.57 319.57 319.57 319.57 319.57 319.57 319.57 319.57 319.57 319.57 319.57 319.57 319.57 319.57 319.57 319.57
 319.57 319.57 319.57 319.57 319.57 319.57 319.57 319.57 319.57 319.57 319.57 319.57 319.57 319.57 319.57 319.57 319.57 319.57 319.57 319.57 319.57 319.57 319.57 319.57
 319.57 319.57 319.57 319.57 319.57 319.57 319.57 319.57 319.57 319.57 319.57 319.57 319.57 319.57 319.57 319.57 319.57 319.57 319.57 319.57 319.57 319.57 319.57 319.57
 319.57 319.57 319.57 319.57 319.57 319.57 319.57 319.57 319.57 319.57 319.57 319.57 319.57 319.57 319.57 319.57 319.57 319.57 319.57 319.57 319.57 319.57 319.57 319.57
 319.57 319.57 319.57 319.57 319.57 319.57 319.57 319.57 319.57 319.57 319.57 319.57 319.57 319.57 319.57 319.57 319.57 319.57 319.57 319.57 319.57 319.57 319.57 319.57
 319.57 319.57 319.57 319.57 319.57 319.57 319.57 319.57 319.57 319.57 319.57 319.57 319.57 319.57 319.57 319.57 319.57 319.57 319.57 319.57 319.57 319.57 319.57 319.57
 319.57 319.57 319.57 319.57 319.57 319.57 319.57 319.57 319.57 319.57 319.57 319.57 319.57 319.57 319.57 319.57 319.57 319.57 319.57 319.57 319.57 319.57 319.57 319.57
 319.57 319.57 319.57 319.57 319.57 319.57 319.57 319.57 319.57 319.57 319.57 319.57 319.57 319.57 319.57 319.57 319.57 319.57 319.57 319.57 319.57 319.57 319.57 319.57
 319.57 319.57 319.57 319.57 319.57 319.57 319.57 319.57 319.57 319.57 319.57 319.57 319.57 319.57 319.57 319.57 319.57 319.57 319.57 319.57 319.57 319.57 319.57 319.57
 319.57 319.57 319.57 319.57 319.57 319.57 319.57 319.57 319.57 319.57 319.57 319.57 319.57 319.57 319.57 319.57 319.57 319.57 319.57 319.57 319.57 319.57 319.57 319.57
 319.57 319.57 319.57 319.57 319.57 319.57 319.57 319.57 319.57 319.57 319.57 319.57 319.57 319.57 319.57 319.57 319.57 319.57 319.57 319.57 319.57 319.57 319.57 319.57
 319.57 319.57 319.57 319.57 319.57 319.57 319.57 319.57 319.57 319.57 319.57 319.57 319.57 319.57 319.57 319.57 319.57 319.57 319.57 319.57 319.57 319.57 319.57 319.57
 319.57 319.57 319.57 319.57 319.57 319.57 319.57 319.57 319.57 319.57 319.57 319.57 319.57 319.57 319.57 319.57 319.57 319.57 319.57 319.57 319.57 319.57 319.57 319.57
 319.57 319.57 319.57 319.57 319.57 319.57 319.57 319.57 319.57 319.57 319.57 319.57 319.57 319.57 319.57 319.57 319.57 319.57 319.57 319.57 319.57 319.57 319.57 319.57
 319.57 319.57 319.57 319.57 319.57 319.57 319.57 319.57 319.57 319.57 319.57 319.57 319.57 319.57 319.57 319.57 319.57 319.57 319.57 319.57 319.57 319.57 319.57 319.57
 319.57 319.57 319.57 319.57 319.57 319.57 319.57 319.57 319.57 319.57 319.57 319.57 319.57 319.57 319.57 319.57 319.57 319.57 319.57 319.57 319.57 319.57 319.57 319.57
 319.57 319.57 319.57 319.57 319.57 319.57 319.57 319.57 319.57 319.57 319.57 319.57 319.57 319.57 319.57 319.57 319.57 319.57 319.57 319.57 319.57 319.57 319.57 319.57
 319.57 319.57 319.57 319.57 319.57 319.57 319.57 319.57 319.57 319.57 319.57 319.57 319.57 319.57 319.57 319.57 319.57 319.57 319.57 319.57 319.57 319.57 319.57 319.57
 319.57 319.57 319.57 319.57 319.57 319.57 319.57 319.57 319.57 319.57 319.57 319.57 319.57 319.57 319.57 319.57 319.57 319.57 319.57 319.57 319.57 319.57 319.57 319.57
 319.57 319.57 319.57 319.57 319.57 319.57 319.57 319.57 319.57 319.57 319.57 319.57 319.57 319.57 319.57 319.57 319.57 319.57 319.57 319.57 319.57 319.57 319.57 319.57
 319.57 319.57 319.57 319.57 319.57 319.57 319.57 319.57 319.57 319.57 319.57 319.57 319.57 319.57 319.57 319.57 319.57 319.57 319.57 319.57 319.57 319.57 319.57 319.57
 319.57 319.57 319.57 319.57 319.57 319.57 319.57 319.57 319.57 319.57 319.57 319.57 319.57 319.57 319.57 319.57 319.57 319.57 319.57 319.57 319.57 319.57 319.57 319.57
 319.57 319.57 319.57 319.57 319.57 319.57 319.57 319.57 319.57 319.57 319.57 319.57 319.57 319.57 319.57 319.57 319.57 319.57 319.57 319.57 319.57 319.57 319.57 319.57
 319.57 319.57 319.57 319.57 319.57 319.57 319.57 319.57 319.57 319.57 319.57 319.57 319.57 319.57 319.57 319.57 319.57 319.57 319.57 319.57 319.57 319.57 319.57 319.57
 319.57 319.57 319.57 319.57 319.57 319.57 319.57 319.57 319.57 319.57 319.57 319.57 319.57 319.57 319.57 319.57 319.57 319.57 319.57 319.57 319.57 319.57 319.57 319.57
 319.57 319.57 319.57 319.57 319.57 319.57 319.57 319.57 319.57 319.57 319.57 319.57 319.57 319.57 319.57 319.57 319.57 319.57 319.57 319.57 319.57 319.57 319.57 319.57
 319.57 319.57 319.57 319.57 319.57 319.57 319.57 319.57 319.57 319.57 319.57 319.57 319.57 319.57 319.57 319.57 319.57 319.57 319.57 319.57 319.57 319.57 319.57 319.57
 319.57 319.57 319.57 319.57 319.57 319.57 319.57 319.57 319.57 319.57 319.57 319.57 319.57 319.57 319.57 319.57 319.57 319.57 319.57 319.57 319.57 319.57 319.57 319.57
 319.57 319.57 319.57 319.57 319.57 319.57 319.57 319.57 319.57 319.57 319.57 319.57 319.57 319.57 319.57 319.57 319.57 319.57 319.57 319.57 319.57 319.57 319.57 319.57
 319.57 319.57 319.57 319.57 319.57 319.57 319.57 319.57 319.57 319.57 319.57 319.57 319.57 319.57 319.57 319.57 319.57 319.57 319.57 319.57 319.57 319.57 319.57 319.57
 319.57 319.57 319.57 319.57 319.57 319.57 319.57 319.57 319.57 319.57 319.57 319.57 319.57 319.57 319.57 319.57 319.57 319.57 319.57 319.57 319.57 319.57 319.57 319.57
 319.57 319.57 319.57 319.57 319.57 319.57 319.57 319.57 319.57 319.57 319.57 319.57 319.57 319.57 319.57 319.57 319.57 319.57 319.57 319.57 319.57 319.57 319.57 319.57
 319.57 319.57 319.57 319.57 319.57 319.57 319.57 319.57 319.57 319.57 319.57 319.57 319.57 319.57 319.57 319.57 319.57 319.57 319.57 319.57 319.57 319.57 319.57 319.57
 319.57 319.57 319.57 319.57 319.57 319.57 319.57 319.57 319.57 319.57 319.57 319.57 319.57 319.57 319.57 319.57 319.57 319.57 319.57 319.57 319.57 319.57 319.57 319.57
 319.57 319.57 319.57 319.57 319.57 319.57 319.57 319.57 319.57 319.57 319.57 319.57 319.57 319.57 319.57 319.57 319.57 319.57 319.57 319.57 319.57 319.57 319.57 319.57
 320.90 320.90 320.90 320.90 320.90 320.90 320.90 320.90 320.90 320.90 320.90 320.90 320.90 320.90 320.90 320.90 320.90 320.90 320.90 320.90 320.90 320.90 320.90 320.90
 320.90 320.90 320.90 320.90 320.90 320.90 320.90 320.90 320.90 320.90 320.90 320.90 320.90 320.90 320.90 320.90 320.90 320.90 320.90 320.90 320.90 320.90 320.90 320.90
 320.90 320.90 320.90 320.90 320.90 320.90 320.90 320.90 320.90 320.90 320.90 320.90 320.90 320.90 320.90 320.90 320.90 320.90 320.90 320.90 320.90 320.90 320.90 320.90
 320.90 320.90 320.90 320.90 320.90 320.90 320.90 320.90 320.90 320.90 320.90 320.90 320.90 320.90 320.90 320.90 320.90 320.90 320.90 320.90 320.90 320.90 320.90 320.90
 320.90 320.90 320.90 320.90 320.90 320.90 320.90 320.90 320.90 320.90 320.90 320.90 320.90 320.90 320.90 320.90 320.90 320.90 320.90 320.90 320.90 320.90 320.90 320.90
 320.90 320.90 320.90 320.90 320.90 320.90 320.90 320.90 320.90 320.90 320.90 320.90 320.90 320.90 320.90 320.90 320.90 320.90 320.90 320.90 320.90 320.90 320.90 320.90
 320.90 320.90 320.90 320.90 320.90 320.90 320.90 320.90 320.90 320.90 320.90 320.90 320.90 320.90 320.90 320.90 320.90 320.90 320.90 320.90 320.90 320.90 320.90 320.90
 320.90 320.90 320.90 320.90 320.90 320.90 320.90 320.90 320.90 320.90 320.90 320.90 320.90 320.90 320.90 320.90 320.90 320.90 320.90 320.90 320.90 320.90 320.90 320.90
 320.90 320.90 320.90 320.90 320.90 320.90 320.90 320.90 320.90 320.90 320.90 320.90 320.90 320.90 320.90 320.90 320.90 320.90 320.90 320.90 320.90 320.90 320.90 320.90
 320.90 320.90 320.90 320.90 320.90 320.90 320.90 320.90 320.90 320.90 320.90 320.90 320.90 320.90 320.90 320.90 320.90 320.90 320.90 320.90 320.90 320.90 320.90 320.90
 320.90 320.90 320.90 320.90 320.90 320.90 320.90 320.90 320.90 320.90 320.90 320.90 320.90 320.90 320.90 320.90 320.90 320.90 320.90 320.90 320.90 320.90 320.90 320.90
 320.90 320.90 320.90 320.90 320.90 320.90 320.90 320.90 320.90 320.90 320.90 320.90 320.90 320.90 320.90 320.90 320.90 320.90 320.90 320.90 320.90 320.90 320.90 320.90
 322.23 322.23 322.23 322.23 322.23 322.23 322.23 322.23 322.23 322.23 322.23 322.23 322.23 322.23 322.23 322.23 322.23 322.23 322.23 322.23 322.23 322.23 322.23 322.23
 322.23 322.23 322.23 322.23 322.23 322.23 322.23 322.23 322.23 322.23 322.23 322.23 322.23 322.23 322.23 322.23 322.23 322.23 322.23 322.23 322.23 322.23 322.23 322.23
 322.23 322.23 322.23 322.23 322.23 322.23 322.23 322.23 322.23 322.23 322.23 322.23 322.23 322.23 322.23 322.23 322.23 322.23 322.23 322.23 322.23 322.23 322.23 322.23
 322.23 322.23 322.23 322.23 322.23 322.23 322.23 322.23 322.23 322.23 322.23 322.23 322.23 322.23 322.23 322.23 322.23 322.23 322.23 322.23 322.23 322.23 322.23 322.23
 322.23 322.23 322.23 322.23 322.23 322.23 322.23 322.23 322.23 322.23 322.23 322.23 322.23 322.23 322.23 322.23 322.23 322.23 322.23 322.23 322.23 322.23 322.23 322.23
 322.23 322.23 322.23 322.23 322.23 322.23 322.23 322.23 322.23 322.23 322.23 322.23 322.23 322.23 322.23 322.23 322.23 322.23 322.23 322.23 322.23 322.23 322.23 322.23
 322.23 322.23 322.23 322.23 322.23 322.23 322.23 322.23 322.23 322.23 322.23 322.23 322.23 322.23 322.23 322.23 322.23 322.23 322.23 322.23 322.23 322.23 322.23 322.23
 322.23 322.23 322.23 322.23 322.23 322.23 322.23 322.23 322.23 322.23 322.23 322.23 322.23 322.23 322.23 322.23 322.23 322.23 322.23 322.23 322.23 322.23 322.23 322.23
 322.23 322.23 322.23 322.23 322.23 322.23 322.23 322.23 322.23 322.23 322.23 322.23 322.23 322.23 322.23 322.23 322.23 322.23 322.23 322.23 322.23 322.23 322.23 322.23
 322.23 322.23 322.23 322.23 322.23 322.23 322.23 322.23 322.23 322.23 322.23 322.23 322.23 322.23 322.23 322.23 322.23 322.23 322.23 322.23 322.23 322.23 322.23 322.23
 322.23 322.23 322.23 322.23 322.23 322.23 322.23 322.23 322.23 322.23 322.23 322.23 322.23 322.23 322.23 322.23 322.23 322.23 322.23 322.23 322.23 322.23 322.23 322.23
 322.23 322.23 322.23 322.23 322.23 322.23 322.23 322.23 322.23 322.23 322.23 322.23 322.23 322.23 322.23 322.23 322.23 322.23 322.23 322.23 322.23 322.23 322.23 322.23
 321.89 321.89 321.89 321.89 321.89 321.89 321.89 321.89 321.89 321.89 321.89 321.89 321.89 321.89 321.89 321.89 321.89 321.89 321.89 321.89 321.89 321.89 321.89 321.89
 321.89 321.89 321.89 321.89 321.89 321.89 321.89 321.89 321.89 321.89 321.89 321.89 321.89 321.89 321.89 321.89 321.89 321.89 321.89 321.89 321.89 321.89 321.89 321.89
 321.89 321.89 321.89 321.89 321.89 321.89 321.89 321.89 321.89 321.89 321.89 321.89 321.89 321.89 321.89 321.89 321.89 321.89 321.89 321.89 321.89 321.89 321.89 321.89
 321.89 321.89 321.89 321.89 321.89 321.89 321.89 321.89 321.89 321.89 321.89 321.89 321.89 321.89 321.89 321.89 321.89 321.89 321.89 321.89 321.89 321.89 321.89 321.89
 321.89 321.89 321.89 321.89 321.89 321.89 321.89 321.89 321.89 321.89 321.89 321.89 321.89 321.89 321.89 321.89 321.89 321.89 321.89 321.89 321.89 321.89 321.89 321.89
 321.89 321.89 321.89 321.89 321.89 321.89 321.89 321.89 321.89 321.89 321.89 321.89 321.89 321.89 321.89 321.89 321.89 321.89 321.89 321.89 321.89 321.89 321.89 321.89
 321.89 321.89 321.89 321.89 321.89 321.89 321.89 321.89 321.89 321.89 321.89 321.89 321.89 321.89 321.89 321.89 321.89 321.89 321.89 321.89 321.89 321.89 321.89 321.89
 321.89 321.89 321.89 321.89 321.89 321.89 321.89 321.89 321.89 321.89 321.89 321.89 321.89 321.89 321.89 321.89 321.89 321.89 321.89 321.89 321.89 321.89 321.89 321.89
 321.89 321.89 321.89 321.89 321.89 321.89 321.89 321.89 321.89 321.89 321.89 321.89 321.89 321.89 321.89 321.89 321.89 321.89 321.89 321.89 321.89 321.89 321.89 321.89
 321.89 321.89 321.89 321.89 321.89 321.89 321.89 321.89 321.89 321.89 321.89 321.89 321.89 321.89 321.89 321.89 321.89 321.89 321.89 321.89 321.89 321.89 321.89 321.89
 321.89 321.89 321.89 321.89 321.89 321.89 321.89 321.89 321.89 321.89 321.89 321.89 321.89 321.89 321.89 321.89 321.89 321.89 321.89 321.89 321.89 321.89 321.89 321.89
 321.89 321.89 321.89 321.89 321.89 321.89 321.89 321.89 321.89 321.89 321.89 321.89 321.89 321.89 321.89 321.89 321.89 321.89 321.89 321.89 321.89 321.89 321.89 321.89
 320.44 320.44 320.44 320.44 320.44 320.44 320.44 320.44 320.44 320.44 320.44 320.44 320.44 320.44 320.44 320.44 320.44 320.44 320.44 320.44 320.44 320.44 320.44 320.44
 320.44 320.44 320.44 320.44 320.44 320.44 320.44 320.44 320.44 320.44 320.44 320.44 320.44 320.44 320.44 320.44 320.44 320.44 320.44 320.44 320.44 320.44 320.44 320.44
 320.44 320.44 320.44 320.44 320.44 320.44 320.44 320.44 320.44 320.44 320.44 320.44 320.44 320.44 320.44 320.44 320.44 320.44 320.44 320.44 320.44 320.44 320.44 320.44
 320.44 320.44 320.44 320.44 320.44 320.44 320.44 320.44 320.44 320.44 320.44 320.44 320.44 320.44 320.44 320.44 320.44 320.44 320.44 320.44 320.44 320.44 320.44 320.44
 320.44 320.44 320.44 320.44 320.44 320.44 320.44 320.44 320.44 320.44 320.44 320.44 320.44 320.44 320.44 320.44 320.44 320.44 320.44 320.44 320.44 320.44 320.44 320.44
 320.44 320.44 320.44 320.44 320.44 320.44 320.44 320.44 320.44 320.44 320.44 320.44 320.44 320.44 320.44 320.44 320.44 320.44 320.44 320.44 320.44 320.44 320.44 320.44
 320.44 320.44 320.44 320.44 320.44 320.44 320.44 320.44 320.44 320.44 320.44 320.44 320.44 320.44 320.44 320.44 320.44 320.44 320.44 320.44 320.44 320.44 320.44 320.44
 320.44 320.44 320.44 320.44 320.44 320.44 320.44 320.44 320.44 320.44 320.44 320.44 320.44 320.44 320.44 320.44 320.44 320.44 320.44 320.44 320.44 320.44 320.44 320.44
 320.44 320.44 320.44 320.44 320.44 320.44 320.44 320.44 320.44 320.44 320.44 320.44 320.44 320.44 320.44 320.44 320.44 320.44 320.44 320.44 320.44 320.44 320.44 320.44
 320.44 320.44 320.44 320.44 320.44 320.44 320.44 320.44 320.44 320.44 320.44 320.44 320.44 320.44 320.44 320.44 320.44 320.44 320.44 320.44 320.44 320.44 320.44 320.44
 320.44 320.44 320.44 320.44 320.44 320.44 320.44 320.44 320.44 320.44 320.44 320.44 320.44 320.44 320.44 320.44 320.44 320.44 320.44 320.44 320.44 320.44 320.44 320.44
 320.44 320.44 320.44 320.44 320.44 320.44 320.44 320.44 320.44 320.44 320.44 320.44 320.44 320.44 320.44 320.44 320.44 320.44 320.44 320.44 320.44 320.44 320.44 320.44
 318.70 318.70 318.70 318.70 318.70 318.70 318.70 318.70 318.70 318.70 318.70 318.70 318.70 318.70 318.70 318.70 318.70 318.70 318.70 318.70 318.70 318.70 318.70 318.70
 318.70 318.70 318.70 318.70 318.70 318.70 318.70 318.70 318.70 318.70 318.70 318.70 318.70 318.70 318.70 318.70 318.70 318.70 318.70 318.70 318.70 318.70 318.70 318.70
 318.70 318.70 318.70 318.70 318.70 318.70 318.70 318.70 318.70 318.70 318.70 318.70 318.70 318.70 318.70 318.70 318.70 318.70 318.70 318.70 318.70 318.70 318.70 318.70
 318.70 318.70 318.70 318.70 318.70 318.70 318.70 318.70 318.70 318.70 318.70 318.70 318.70 318.70 318.70 318.70 318.70 318.70 318.70 318.70 318.70 318.70 318.70 318.70
 318.70 318.70 318.70 318.70 318.70 318.70 318.70 318.70 318.70 318.70 318.70 318.70 318.70 318.70 318.70 318.70 318.70 318.70 318.70 318.70 318.70 318.70 318.70 318.70
 318.70 318.70 318.70 318.70 318.70 318.70 318.70 318.70 318.70 318.70 318.70 318.70 318.70 318.70 318.70 318.70 318.70 318.70 318.70 318.70 318.70 318.70 318.70 318.70
 318.70 318.70 318.70 318.70 318.70 318.70 318.70 318.70 318.70 318.70 318.70 318.70 318.70 318.70 318.70 318.70 318.70 318.70 318.70 318.70 318.70 318.70 318.70 318.70
 318.70 318.70 318.70 318.70 318.70 318.70 318.70 318.70 318.70 318.70 318.70 318.70 318.70 318.70 318.70 318.70 318.70 318.70 318.70 318.70 318.70 318.70 318.70 318.70
 318.70 318.70 318.70 318.70 318.70 318.70 318.70 318.70 318.70 318.70 318.70 318.70 318.70 318.70 318.70 318.70 318.70 318.70 318.70 318.70 318.70 318.70 318.70 318.70
 318.70 318.70 318.70 318.70 318.70 318.70 318.70 318.70 318.70 318.70 318.70 318.70 318.70 318.70 318.70 318.70 318.70 318.70 318.70 318.70 318.70 318.70 318.70 318.70
 318.70 318.70 318.70 318.70 318.70 318.70 318.70 318.70 318.70 318.70 318.70 318.70 318.70 318.70 318.70 318.70 318.70 318.70 318.70 318.70 318.70 318.70 318.70 318.70
 318.70 318.70 318.70 318.70 318.70 318.70 318.70 318.70 318.70 318.70 318.70 318.70 318.70 318.70 318.70 318.70 318.70 318.70 318.70 318.70 318.70 318.70 318.70 318.70
 316.70 316.70 316.70 316.70 316.70 316.70 316.70 316.70 316.70 316.70 316.70 316.70 316.70 316.70 316.70 316.70 316.70 316.70 316.70 316.70 316.70 316.70 316.70 316.70
 316.70 316.70 316.70 316.70 316.70 316.70 316.70 316.70 316.70 316.70 316.70 316.70 316.70 316.70 316.70 316.70 316.70 316.70 316.70 316.70 316.70 316.70 316.70 316.70
 316.70 316.70 316.70 316.70 316.70 316.70 316.70 316.70 316.70 316.70 316.70 316.70 316.70 316.70 316.70 316.70 316.70 316.70 316.70 316.70 316.70 316.70 316.70 316.70
 316.70 316.70 316.70 316.70 316.70 316.70 316.70 316.70 316.70 316.70 316.70 316.70 316.70 316.70 316.70 316.70 316.70 316.70 316.70 316.70 316.70 316.70 316.70 316.70
 316.70 316.70 316.70 316.70 316.70 316.70 316.70 316.70 316.70 316.70 316.70 316.70 316.70 316.70 316.70 316.70 316.70 316.70 316.70 316.70 316.70 316.70 316.70 316.70
 316.70 316.70 316.70 316.70 316.70 316.70 316.70 316.70 316.70 316.70 316.70 316.70 316.70 316.70 316.70 316.70 316.70 316.70 316.70 316.70 316.70 316.70 316.70 316.70
 316.70 316.70 316.70 316.70 316.70 316.70 316.70 316.70 316.70 316.70 316.70 316.70 316.70 316.70 316.70 316.70 316.70 316.70 316.70 316.70 316.70 316.70 316.70 316.70
 316.70 316.70 316.70 316.70 316.70 316.70 316.70 316.70 316.70 316.70 316.70 316.70 316.70 316.70 316.70 316.70 316.70 316.70 316.70 316.70 316.70 316.70 316.70 316.70
 316.70 316.70 316.70 316.70 316.70 316.70 316.70 316.70 316.70 316.70 316.70 316.70 316.70 316.70 316.70 316.70 316.70 316.70 316.70 316.70 316.70 316.70 316.70 316.70
 316.70 316.70 316.70 316.70 316.70 316.70 316.70 316.70 316.70 316.70 316.70 316.70 316.70 316.70 316.70 316.70 316.70 316.70 316.70 316.70 316.70 316.70 316.70 316.70
 316.70 316.70 316.70 316.70 316.70 316.70 316.70 316.70 316.70 316.70 316.70 316.70 316.70 316.70 316.70 316.70 316.70 316.70 316.70 316.70 316.70 316.70 316.70 316.70
 316.70 316.70 316.70 316.70 316.70 316.70 316.70 316.70 316.70 316.70 316.70 316.70 316.70 316.70 316.70 316.70 316.70 316.70 316.70 316.70 316.70 316.70 316.70 316.70
 316.87 316.87 316.87 316.87 316.87 316.87 316.87 316.87 316.87 316.87 316.87 316.87 316.87 316.87 316.87 316.87 316.87 316.87 316.87 316.87 316.87 316.87 316.87 316.87
 316.87 316.87 316.87 316.87 316.87 316.87 316.87 316.87 316.87 316.87 316.87 316.87 316.87 316.87 316.87 316.87 316.87 316.87 316.87 316.87 316.87 316.87 316.87 316.87
 316.87 316.87 316.87 316.87 316.87 316.87 316.87 316.87 316.87 316.87 316.87 316.87 316.87 316.87 316.87 316.87 316.87 316.87 316.87 316.87 316.87 316.87 316.87 316.87
 316.87 316.87 316.87 316.87 316.87 316.87 316.87 316.87 316.87 316.87 316.87 316.87 316.87 316.87 316.87 316.87 316.87 316.87 316.87 316.87 316.87 316.87 316.87 316.87
 316.87 316.87 316.87 316.87 316.87 316.87 316.87 316.87 316.87 316.87 316.87 316.87 316.87 316.87 316.87 316.87 316.87 316.87 316.87 316.87 316.87 316.87 316.87 316.87
 316.87 316.87 316.87 316.87 316.87 316.87 316.87 316.87 316.87 316.87 316.87 316.87 316.87 316.87 316.87 316.87 316.87 316.87 316.87 316.87 316.87 316.87 316.87 316.87
 316.87 316.87 316.87 316.87 316.87 316.87 316.87 316.87 316.87 316.87 316.87 316.87 316.87 316.87 316.87 316.87 316.87 316.87 316.87 316.87 316.87 316.87 316.87 316.87
 316.87 316.87 316.87 316.87 316.87 316.87 316.87 316.87 316.87 316.87 316.87 316.87 316.87 316.87 316.87 316.87 316.87 316.87 316.87 316.87 316.87 316.87 316.87 316.87
 316.87 316.87 316.87 316.87 316.87 316.87 316.87 316.87 316.87 316.87 316.87 316.87 316.87 316.87 316.87 316.87 316.87 316.87 316.87 316.87 316.87 316.87 316.87 316.87
 316.87 316.87 316.87 316.87 316.87 316.87 316.87 316.87 316.87 316.87 316.87 316.87 316.87 316.87 316.87 316.87 316.87 316.87 316.87 316.87 316.87 316.87 316.87 316.87
 316.87 316.87 316.87 316.87 316.87 316.87 316.87 316.87 316.87 316.87 316.87 316.87 316.87 316.87 316.87 316.87 316.87 316.87 316.87 316.87 316.87 316.87 316.87 316.87
 316.87 316.87 316.87 316.87 316.87 316.87 316.87 316.87 316.87 316.87 316.87 316.87 316.87 316.87 316.87 316.87 316.87 316.87 316.87 316.87 316.87 316.87 316.87 316.87
 317.68 317.68 317.68 317.68 317.68 317.68 317.68 317.68 317.68 317.68 317.68 317.68 317.68 317.68 317.68 317.68 317.68 317.68 317.68 317.68 317.68 317.68 317.68 317.68
 317.68 317.68 317.68 317.68 317.68 317.68 317.68 317.68 317.68 317.68 317.68 317.68 317.68 317.68 317.68 317.68 317.68 317.68 317.68 317.68 317.68 317.68 317.68 317.68
 317.68 317.68 317.68 317.68 317.68 317.68 317.68 317.68 317.68 317.68 317.68 317.68 317.68 317.68 317.68 317.68 317.68 317.68 317.68 317.68 317.68 317.68 317.68 317.68
 317.68 317.68 317.68 317.68 317.68 317.68 317.68 317.68 317.68 317.68 317.68 317.68 317.68 317.68 317.68 317.68 317.68 317.68 317.68 317.68 317.68 317.68 317.68 317.68
 317.68 317.68 317.68 317.68 317.68 317.68 317.68 317.68 317.68 317.68 317.68 317.68 317.68 317.68 317.68 317.68 317.68 317.68 317.68 317.68 317.68 317.68 317.68 317.68
 317.68 317.68 317.68 317.68 317.68 317.68 317.68 317.68 317.68 317.68 317.68 317.68 317.68 317.68 317.68 317.68 317.68 317.68 317.68 317.68 317.68 317.68 317.68 317.68
 317.68 317.68 317.68 317.68 317.68 317.68 317.68 317.68 317.68 317.68 317.68 317.68 317.68 317.68 317.68 317.68 317.68 317.68 317.68 317.68 317.68 317.68 317.68 317.68
 317.68 317.68 317.68 317.68 317.68 317.68 317.68 317.68 317.68 317.68 317.68 317.68 317.68 317.68 317.68 317.68 317.68 317.68 317.68 317.68 317.68 317.68 317.68 317.68
 317.68 317.68 317.68 317.68 317.68 317.68 317.68 317.68 317.68 317.68 317.68 317.68 317.68 317.68 317.68 317.68 317.68 317.68 317.68 317.68 317.68 317.68 317.68 317.68
 317.68 317.68 317.68 317.68 317.68 317.68 317.68 317.68 317.68 317.68 317.68 317.68 317.68 317.68 317.68 317.68 317.68 317.68 317.68 317.68 317.68 317.68 317.68 317.68
 317.68 317.68 317.68 317.68 317.68 317.68 317.68 317.68 317.68 317.68 317.68 317.68 317.68 317.68 317.68 317.68 317.68 317.68 317.68 317.68 317.68 317.68 317.68 317.68
 317.68 317.68 317.68 317.68 317.68 317.68 317.68 317.68 317.68 317.68 317.68 317.68 317.68 317.68 317.68 317.68 317.68 317.68 317.68 317.68 317.68 317.68 317.68 317.68
 318.71 318.71 318.71 318.71 318.71 318.71 318.71 318.71 318.71 318.71 318.71 318.71 318.71 318.71 318.71 318.71 318.71 318.71 318.71 318.71 318.71 318.71 318.71 318.71
 318.71 318.71 318.71 318.71 318.71 318.71 318.71 318.71 318.71 318.71 318.71 318.71 318.71 318.71 318.71 318.71 318.71 318.71 318.71 318.71 318.71 318.71 318.71 318.71
 318.71 318.71 318.71 318.71 318.71 318.71 318.71 318.71 318.71 318.71 318.71 318.71 318.71 318.71 318.71 318.71 318.71 318.71 318.71 318.71 318.71 318.71 318.71 318.71
 318.71 318.71 318.71 318.71 318.71 318.71 318.71 318.71 318.71 318.71 318.71 318.71 318.71 318.71 318.71 318.71 318.71 318.71 318.71 318.71 318.71 318.71 318.71 318.71
 318.71 318.71 318.71 318.71 318.71 318.71 318.71 318.71 318.71 318.71 318.71 318.71 318.71 318.71 318.71 318.71 318.71 318.71 318.71 318.71 318.71 318.71 318.71 318.71
 318.71 318.71 318.71 318.71 318.71 318.71 318.71 318.71 318.71 318.71 318.71 318.71 318.71 318.71 318.71 318.71 318.71 318.71 318.71 318.71 318.71 318.71 318.71 318.71
 318.71 318.71 318.71 318.71 318.71 318.71 318.71 318.71 318.71 318.71 318.71 318.71 318.71 318.71 318.71 318.71 318.71 318.71 318.71 318.71 318.71 318.71 318.71 318.71
 318.71 318.71 318.71 318.71 318.71 318.71 318.71 318.71 318.71 318.71 318.71 318.71 318.71 318.71 318.71 318.71 318.71 318.71 318.71 318.71 318.71 318.71 318.71 318.71
 318.71 318.71 318.71 318.71 318.71 318.71 318.71 318.71 318.71 318.71 318.71 318.71 318.71 318.71 318.71 318.71 318.71 318.71 318.71 318.71 318.71 318.71 318.71 318.71
 318.71 318.71 318.71 318.71 318.71 318.71 318.71 318.71 318.71 318.71 318.71 318.71 318.71 318.71 318.71 318.71 318.71 318.71 318.71 318.71 318.71 318.71 318.71 318.71
 318.71 318.71 318.71 318.71 318.71 318.71 318.71 318.71 318.71 318.71 318.71 318.71 318.71 318.71 318.71 318.71 318.71 318.71 318.71 318.71 318.71 318.71 318.71 318.71
 318.71 318.71 318.71 318.71 318.71 318.71 318.71 318.71 318.71 318.71 318.71 318.71 318.71 318.71 318.71 318.71 318.71 318.71 318.71 318.71 318.71 318.71 318.71 318.71
