2006 MONTHLY CO2 (PPMV)   24  12  LON/LAT (N-S/0-360E) IN 15 DEGREE RESOLUTION,  GLB ANNUAL MEAN = 381.08,  GROWTH RATE = 2.08,  MISS DATA = -99.99
 384.92 384.92 384.92 384.92 384.92 384.92 384.92 384.92 384.92 384.92 384.92 384.92 384.92 384.92 384.92 384.92 384.92 384.92 384.92 384.92 384.92 384.92 384.92 384.92
 384.99 387.71 387.20 386.06 384.92 384.92 384.92 384.92 384.92 384.92 384.92 385.59 385.71 386.51 385.71 384.92 384.92 384.92 384.92 384.92 384.76 384.61 384.31 385.44
 390.35 400.56 391.10 387.56 386.90 387.89 382.61 385.57 389.13 390.72 386.27 386.27 386.30 386.33 386.33 386.69 385.55 385.49 384.67 383.87 384.28 384.61 384.42 384.53
 385.59 398.93 385.53 385.53 387.89 387.89 382.61 385.57 389.13 390.72 387.35 386.27 383.27 383.92 386.69 386.69 385.55 385.49 384.40 383.87 383.87 383.34 382.45 384.36
 382.80 390.87 385.53 384.08 387.89 387.89 382.61 385.72 385.86 385.55 383.99 383.63 383.27 381.51 381.51 386.69 385.55 384.66 383.84 383.85 381.77 382.45 382.45 382.71
 382.80 383.02 379.20 381.17 381.17 377.78 372.73 378.73 383.75 381.64 382.81 382.07 381.55 381.09 381.09 383.89 381.91 384.25 383.84 381.77 381.77 381.77 382.45 379.25
 379.25 379.20 379.20 381.17 381.17 372.73 372.73 372.73 378.90 380.26 380.56 380.30 380.30 381.22 381.22 379.25 378.27 378.27 383.84 381.77 381.77 380.93 379.25 379.25
 378.67 378.09 379.20 381.17 381.17 372.73 372.73 374.78 378.88 378.88 378.88 379.83 380.30 381.22 380.23 378.27 378.27 378.27 378.27 376.50 381.77 380.65 379.25 379.25
 378.09 378.09 378.09 377.46 377.53 375.16 372.73 377.49 377.76 377.76 377.53 377.41 380.30 381.22 379.34 378.27 378.27 378.27 376.50 376.50 376.50 376.79 378.52 378.67
 377.94 378.09 377.64 377.46 377.60 377.65 377.33 377.22 377.49 377.53 377.30 377.30 377.47 377.64 377.64 377.64 377.96 377.07 376.50 376.50 376.50 377.07 377.64 377.64
 377.64 377.74 377.83 377.67 377.74 377.69 377.43 377.22 377.43 377.64 377.47 377.64 377.64 377.64 377.64 377.64 377.64 377.64 377.44 377.23 377.44 377.64 377.64 377.64
 377.64 377.64 377.64 377.64 377.64 377.64 377.64 377.64 377.64 377.64 377.64 377.64 377.64 377.64 377.64 377.64 377.64 377.64 377.64 377.64 377.64 377.64 377.64 377.64
 385.73 385.73 385.73 385.73 385.73 385.73 385.73 385.73 385.73 385.73 385.73 385.73 385.73 385.73 385.73 385.73 385.73 385.73 385.73 385.73 385.73 385.73 385.73 385.73
 386.83 387.92 388.10 386.91 385.73 385.73 385.73 385.73 385.73 385.73 385.73 386.93 386.38 387.04 386.38 385.73 385.73 385.73 385.73 385.73 385.56 385.39 385.53 386.65
 390.41 396.71 390.02 387.39 385.79 385.82 383.17 387.55 391.00 391.13 388.13 388.13 387.75 387.36 387.36 388.08 385.51 387.74 385.98 385.00 385.23 385.39 385.80 386.06
 387.58 398.51 385.24 385.24 385.82 385.82 383.17 387.55 391.00 391.13 387.53 388.13 384.30 384.86 388.08 388.08 385.51 387.74 385.47 385.00 385.00 384.14 383.10 385.82
 383.57 391.04 385.24 384.19 385.82 385.82 383.17 387.29 387.03 386.23 383.92 384.11 384.30 382.36 382.36 388.08 385.51 385.72 383.69 384.34 382.65 383.10 383.10 383.45
 383.57 384.46 381.61 382.08 382.08 382.40 380.69 383.40 384.93 382.84 383.38 382.62 382.23 381.65 381.65 384.87 381.86 384.70 383.69 382.65 382.65 382.65 383.10 379.31
 379.31 381.61 381.61 382.08 382.08 380.69 380.69 380.69 381.29 380.79 380.92 380.74 380.74 382.00 382.00 379.46 378.20 378.20 383.69 382.65 382.65 381.54 379.31 379.31
 378.76 378.21 381.61 382.08 382.08 380.69 380.69 380.04 378.75 378.75 378.75 380.08 380.74 382.00 380.73 378.20 378.20 378.20 378.20 376.79 382.65 381.17 379.31 379.31
 378.21 378.21 378.21 377.79 377.73 379.17 380.69 377.40 377.79 377.79 377.52 377.39 380.74 382.00 379.60 378.20 378.20 378.20 376.79 376.79 376.79 376.96 378.52 378.76
 377.97 378.21 377.77 377.79 377.66 377.58 377.13 377.01 377.39 377.52 377.26 377.26 377.37 377.48 377.48 377.48 377.84 377.13 376.79 376.79 376.79 377.13 377.48 377.48
 377.48 377.61 377.75 377.64 377.53 377.50 377.24 377.01 377.24 377.48 377.37 377.48 377.48 377.48 377.48 377.48 377.48 377.48 377.41 377.35 377.41 377.48 377.48 377.48
 377.48 377.48 377.48 377.48 377.48 377.48 377.48 377.48 377.48 377.48 377.48 377.48 377.48 377.48 377.48 377.48 377.48 377.48 377.48 377.48 377.48 377.48 377.48 377.48
 386.92 386.92 386.92 386.92 386.92 386.92 386.92 386.92 386.92 386.92 386.92 386.92 386.92 386.92 386.92 386.92 386.92 386.92 386.92 386.92 386.92 386.92 386.92 386.92
 387.63 388.80 390.00 388.46 386.92 386.92 386.92 386.92 386.92 386.92 386.92 387.84 387.23 387.53 387.23 386.92 386.92 386.92 386.92 386.92 386.49 386.05 386.66 387.04
 390.01 394.35 390.28 388.41 386.47 386.24 385.08 389.09 392.36 393.78 388.76 388.76 388.38 388.01 388.01 387.23 386.51 388.25 387.08 386.01 386.14 386.05 385.96 385.26
 387.69 396.44 386.48 386.48 386.24 386.24 385.08 389.09 392.36 393.78 389.35 388.76 384.59 385.62 387.23 387.23 386.51 388.25 387.13 386.01 386.01 384.70 383.37 385.51
 383.82 390.13 386.48 384.83 386.24 386.24 385.08 388.14 387.19 387.34 384.92 384.75 384.59 383.22 383.22 387.23 386.51 388.25 387.13 386.01 383.38 383.37 383.37 383.71
 383.82 384.30 381.62 381.54 381.54 379.83 376.63 381.68 385.34 383.48 384.20 382.87 382.41 382.53 382.53 384.88 382.23 388.25 383.38 383.38 383.38 383.38 383.37 378.99
 378.99 381.62 381.62 381.54 381.54 376.63 376.63 376.63 380.40 381.03 380.98 380.11 380.11 382.36 382.36 379.41 377.94 377.94 380.66 383.38 383.38 381.92 378.99 378.99
 378.47 377.95 381.62 381.54 381.54 376.63 376.63 377.28 378.59 378.59 378.59 379.60 380.11 382.36 380.89 377.94 377.94 377.94 377.94 377.71 383.38 381.43 378.99 378.99
 377.95 377.95 377.95 378.02 377.87 377.18 376.63 377.47 377.76 377.76 377.63 377.56 380.11 382.36 379.69 377.94 377.94 377.94 377.71 377.71 377.71 377.67 378.34 378.47
 377.82 377.95 377.92 378.02 377.72 377.60 377.27 377.17 377.48 377.63 377.50 377.50 377.53 377.57 377.57 377.57 377.75 377.64 377.71 377.71 377.71 377.64 377.57 377.57
 377.57 377.70 377.83 377.71 377.41 377.49 377.37 377.17 377.37 377.57 377.53 377.57 377.57 377.57 377.57 377.57 377.57 377.57 377.68 377.79 377.68 377.57 377.57 377.57
 377.57 377.57 377.57 377.57 377.57 377.57 377.57 377.57 377.57 377.57 377.57 377.57 377.57 377.57 377.57 377.57 377.57 377.57 377.57 377.57 377.57 377.57 377.57 377.57
 387.77 387.77 387.77 387.77 387.77 387.77 387.77 387.77 387.77 387.77 387.77 387.77 387.77 387.77 387.77 387.77 387.77 387.77 387.77 387.77 387.77 387.77 387.77 387.77
 387.46 389.65 389.60 388.69 387.77 387.77 387.77 387.77 387.77 387.77 387.77 388.16 387.62 387.48 387.62 387.77 387.77 387.77 387.77 387.77 387.33 386.90 387.54 387.50
 388.38 391.40 389.49 388.54 386.61 386.03 386.92 390.44 393.84 390.04 388.56 388.56 388.73 388.90 388.90 387.92 386.37 387.39 387.03 386.19 386.65 386.90 387.18 386.82
 387.00 394.70 387.46 387.46 386.03 386.03 386.92 390.44 393.84 390.04 387.86 388.56 385.72 386.88 387.92 387.92 386.37 387.39 386.79 386.19 386.19 385.31 384.07 386.28
 384.48 389.59 387.46 385.00 386.03 386.03 386.92 389.35 388.26 387.11 385.67 385.70 385.72 384.85 384.85 387.92 386.37 387.39 386.79 386.19 384.26 384.07 384.07 384.38
 384.48 382.70 378.36 380.07 380.07 378.54 374.80 381.33 386.36 384.45 385.06 383.36 382.94 383.37 383.37 385.64 382.06 387.39 384.26 384.26 384.26 384.26 384.07 378.68
 378.68 378.36 378.36 380.07 380.07 374.80 374.80 374.80 380.20 381.36 381.11 379.73 379.73 382.34 382.34 379.29 377.76 377.76 381.01 384.26 384.26 382.40 378.68 378.68
 378.38 378.09 378.36 380.07 380.07 374.80 374.80 375.96 378.27 378.27 378.27 379.24 379.73 382.34 380.81 377.76 377.76 377.76 377.76 378.04 384.26 381.78 378.68 378.68
 378.09 378.09 378.09 377.92 377.84 376.29 374.80 377.70 377.95 377.95 377.68 377.54 379.73 382.34 379.68 377.76 377.76 377.76 378.04 378.04 378.04 377.98 378.29 378.38
 378.00 378.09 378.01 377.92 377.75 377.72 377.54 377.45 377.68 377.68 377.40 377.40 377.61 377.81 377.81 377.81 377.78 377.93 378.04 378.04 378.04 377.93 377.81 377.81
 377.81 377.96 378.11 377.86 377.58 377.69 377.63 377.45 377.63 377.81 377.61 377.81 377.81 377.81 377.81 377.81 377.81 377.81 377.90 378.00 377.90 377.81 377.81 377.81
 377.81 377.81 377.81 377.81 377.81 377.81 377.81 377.81 377.81 377.81 377.81 377.81 377.81 377.81 377.81 377.81 377.81 377.81 377.81 377.81 377.81 377.81 377.81 377.81
 388.10 388.10 388.10 388.10 388.10 388.10 388.10 388.10 388.10 388.10 388.10 388.10 388.10 388.10 388.10 388.10 388.10 388.10 388.10 388.10 388.10 388.10 388.10 388.10
 386.59 385.93 386.30 387.20 388.11 388.11 388.11 388.11 388.11 388.11 388.11 388.36 388.30 388.50 388.30 388.11 388.11 388.11 388.11 388.11 387.47 386.83 387.04 386.87
 384.44 386.48 386.21 386.42 384.23 382.30 385.62 388.03 393.77 390.10 388.62 388.62 388.88 389.14 389.14 388.88 383.65 386.16 386.28 385.19 386.17 386.83 386.21 387.04
 383.27 395.44 385.84 385.84 382.30 382.30 385.62 388.03 393.77 390.10 388.04 388.62 385.54 387.41 388.88 388.88 383.65 386.16 385.68 385.19 385.19 384.55 384.55 385.04
 385.05 390.25 385.84 383.59 382.30 382.30 385.62 387.30 386.57 386.94 385.98 385.76 385.54 385.67 385.67 388.88 383.65 386.16 385.68 385.19 384.84 383.98 383.98 384.78
 385.05 383.12 378.59 379.10 379.10 378.66 376.84 381.71 385.85 385.13 385.56 383.30 382.43 382.29 382.29 385.59 380.66 386.16 384.84 384.84 384.84 384.84 383.98 379.04
 379.04 378.59 378.59 379.10 379.10 376.84 376.84 376.84 380.45 381.41 381.03 379.47 379.47 382.05 382.05 379.12 377.66 377.66 381.25 384.84 384.84 382.91 379.04 379.04
 378.74 378.44 378.59 379.10 379.10 376.84 376.84 377.12 377.69 377.69 377.69 378.88 379.47 382.05 380.59 377.66 377.66 377.66 377.66 378.33 384.84 382.26 379.04 379.04
 378.44 378.44 378.44 378.24 378.20 377.50 376.84 377.91 378.09 378.09 377.65 377.44 379.47 382.05 379.59 377.66 377.66 377.66 378.33 378.33 378.33 378.26 378.61 378.74
 378.31 378.44 378.31 378.24 378.16 378.12 377.81 377.73 377.84 377.65 377.22 377.22 377.64 378.05 378.05 378.05 377.86 378.19 378.33 378.33 378.33 378.19 378.05 378.05
 378.05 378.21 378.37 378.19 378.09 378.07 377.89 377.73 377.89 378.05 377.64 378.05 378.05 378.05 378.05 378.05 378.05 378.05 378.16 378.27 378.16 378.05 378.05 378.05
 378.05 378.05 378.05 378.05 378.05 378.05 378.05 378.05 378.05 378.05 378.05 378.05 378.05 378.05 378.05 378.05 378.05 378.05 378.05 378.05 378.05 378.05 378.05 378.05
 386.13 386.13 386.13 386.13 386.13 386.13 386.13 386.13 386.13 386.13 386.13 386.13 386.13 386.13 386.13 386.13 386.13 386.13 386.13 386.13 386.13 386.13 386.13 386.13
 383.99 381.64 383.00 384.56 386.13 386.13 386.13 386.13 386.13 386.13 386.13 385.73 386.45 386.78 386.45 386.13 386.13 386.13 386.13 386.13 385.15 384.18 384.35 384.49
 383.47 381.71 381.81 382.36 381.74 379.54 381.18 381.84 389.94 384.47 385.33 385.33 385.27 385.21 385.21 388.39 381.52 379.09 382.81 383.68 384.17 384.18 383.85 383.93
 378.77 391.22 380.71 380.71 379.54 379.54 381.18 381.84 389.94 384.47 384.50 385.33 383.84 384.83 388.39 388.39 381.52 379.09 382.34 383.68 383.68 383.27 383.27 382.04
 383.57 387.39 380.71 380.19 379.54 379.54 381.18 383.31 384.78 384.55 384.53 384.18 383.84 384.45 384.45 388.39 381.52 381.67 384.26 383.97 383.76 382.54 382.54 383.31
 383.57 382.63 379.77 379.16 379.16 377.59 376.61 380.28 384.60 384.42 384.48 382.40 381.49 381.19 381.19 384.79 379.80 382.97 384.26 383.76 383.76 383.76 382.54 379.77
 379.77 379.77 379.77 379.16 379.16 376.61 376.61 376.61 380.09 381.19 380.76 379.44 379.44 381.63 381.63 379.26 378.07 378.07 384.26 383.76 383.76 382.43 379.77 379.77
 379.17 378.58 379.77 379.16 379.16 376.61 376.61 377.06 377.95 377.95 377.95 378.94 379.44 381.63 380.44 378.07 378.07 378.07 378.07 378.87 383.76 381.99 379.77 379.77
 378.58 378.58 378.58 378.64 378.60 377.58 376.61 378.20 378.25 378.25 378.01 377.90 379.44 381.63 379.62 378.07 378.07 378.07 378.87 378.87 378.87 378.74 379.09 379.17
 378.50 378.58 378.61 378.64 378.56 378.48 378.19 378.15 378.16 378.01 377.78 377.78 378.05 378.33 378.33 378.33 378.20 378.60 378.87 378.87 378.87 378.60 378.33 378.33
 378.33 378.45 378.58 378.51 378.48 378.40 378.24 378.15 378.24 378.33 378.05 378.33 378.33 378.33 378.33 378.33 378.33 378.33 378.48 378.63 378.48 378.33 378.33 378.33
 378.33 378.33 378.33 378.33 378.33 378.33 378.33 378.33 378.33 378.33 378.33 378.33 378.33 378.33 378.33 378.33 378.33 378.33 378.33 378.33 378.33 378.33 378.33 378.33
 379.45 379.45 379.45 379.45 379.45 379.45 379.45 379.45 379.45 379.45 379.45 379.45 379.45 379.45 379.45 379.45 379.45 379.45 379.45 379.45 379.45 379.45 379.45 379.45
 378.86 375.39 378.40 378.92 379.45 379.45 379.45 379.45 379.45 379.45 379.45 378.45 379.39 379.33 379.39 379.45 379.45 379.45 379.45 379.45 379.32 379.19 378.78 379.11
 381.10 376.62 377.57 378.07 377.72 376.85 377.51 374.70 386.32 377.51 377.45 377.45 377.85 378.24 378.24 384.28 381.60 378.53 379.83 380.93 380.09 379.19 378.82 378.20
 375.04 384.35 377.70 377.70 376.85 376.85 377.51 374.70 386.32 377.51 379.82 377.45 381.83 380.22 384.28 384.28 381.60 378.53 380.41 380.93 380.93 379.47 379.47 377.83
 381.05 382.70 377.70 378.37 376.85 376.85 377.51 378.61 382.51 381.17 382.14 381.99 381.83 382.20 382.20 384.28 381.60 380.15 381.77 381.35 381.13 380.38 380.38 380.88
 381.05 380.09 378.31 379.70 379.70 376.00 375.58 378.07 382.52 382.53 382.33 381.25 380.96 381.36 381.36 382.82 380.41 380.96 381.77 381.13 381.13 381.13 380.38 380.16
 380.16 378.31 378.31 379.70 379.70 375.58 375.58 375.58 379.48 380.79 380.47 379.70 379.70 381.18 381.18 379.87 379.22 379.22 381.77 381.13 381.13 380.81 380.16 380.16
 379.48 378.80 378.31 379.70 379.70 375.58 375.58 376.74 379.05 379.05 379.05 379.48 379.70 381.18 380.52 379.22 379.22 379.22 379.22 379.36 381.13 380.70 380.16 380.16
 378.80 378.80 378.80 378.87 378.82 377.18 375.58 378.69 378.64 378.64 378.59 378.56 379.70 381.18 379.91 379.22 379.22 379.22 379.36 379.36 379.36 379.20 379.45 379.48
 378.77 378.80 378.93 378.87 378.77 378.73 378.73 378.73 378.67 378.59 378.53 378.53 378.63 378.72 378.72 378.72 378.97 379.04 379.36 379.36 379.36 379.04 378.72 378.72
 378.72 378.86 378.99 378.81 378.67 378.70 378.73 378.73 378.73 378.72 378.63 378.72 378.72 378.72 378.72 378.72 378.72 378.72 378.84 378.96 378.84 378.72 378.72 378.72
 378.72 378.72 378.72 378.72 378.72 378.72 378.72 378.72 378.72 378.72 378.72 378.72 378.72 378.72 378.72 378.72 378.72 378.72 378.72 378.72 378.72 378.72 378.72 378.72
 373.55 373.55 373.55 373.55 373.55 373.55 373.55 373.55 373.55 373.55 373.55 373.55 373.55 373.55 373.55 373.55 373.55 373.55 373.55 373.55 373.55 373.55 373.55 373.55
 373.73 373.00 373.00 373.27 373.55 373.55 373.55 373.55 373.55 373.55 373.55 373.04 373.31 373.08 373.31 373.55 373.55 373.55 373.55 373.55 373.95 374.35 373.76 374.18
 377.75 372.81 374.64 375.35 375.73 376.82 377.65 373.78 376.99 378.61 372.54 372.54 372.50 372.45 372.45 378.74 379.75 383.15 378.46 377.21 375.68 374.35 374.25 373.69
 373.19 386.83 378.12 378.12 376.82 376.82 377.65 373.78 376.99 378.61 379.30 372.54 378.23 376.06 378.74 378.74 379.75 383.15 379.94 377.21 377.21 375.29 375.29 374.72
 379.29 383.06 378.12 378.77 376.82 376.82 377.65 377.19 380.60 379.86 379.99 379.11 378.23 379.68 379.68 378.74 379.75 381.31 379.47 378.34 379.07 378.62 378.62 379.12
 379.29 381.18 379.42 380.07 380.07 376.14 375.80 377.30 380.43 380.25 380.12 379.64 379.64 381.01 381.01 379.87 379.57 380.39 379.47 379.07 379.07 379.07 378.62 380.67
 380.67 379.93 380.07 380.07 380.07 375.80 375.80 375.80 378.91 379.89 379.81 379.69 379.69 380.72 380.72 379.83 379.39 379.39 379.47 379.07 379.07 379.60 380.67 380.67
 379.86 379.04 379.56 380.07 380.07 375.80 375.80 377.04 379.53 379.53 379.53 379.64 379.69 380.72 380.27 379.39 379.39 379.39 379.39 379.56 379.07 379.78 380.67 380.67
 379.04 379.04 379.04 379.20 379.16 377.47 375.80 379.04 379.11 379.11 378.99 378.94 379.69 380.72 379.88 379.39 379.39 379.39 379.56 379.56 379.56 379.45 379.88 379.86
 379.07 379.04 379.27 379.20 379.12 379.10 379.02 378.98 379.03 378.99 378.88 378.88 379.00 379.13 379.13 379.13 379.26 379.34 379.56 379.56 379.56 379.34 379.13 379.13
 379.13 379.24 379.35 379.18 379.04 379.08 379.05 378.98 379.05 379.13 379.00 379.13 379.13 379.13 379.13 379.13 379.13 379.13 379.25 379.36 379.25 379.13 379.13 379.13
 379.13 379.13 379.13 379.13 379.13 379.13 379.13 379.13 379.13 379.13 379.13 379.13 379.13 379.13 379.13 379.13 379.13 379.13 379.13 379.13 379.13 379.13 379.13 379.13
 374.14 374.14 374.14 374.14 374.14 374.14 374.14 374.14 374.14 374.14 374.14 374.14 374.14 374.14 374.14 374.14 374.14 374.14 374.14 374.14 374.14 374.14 374.14 374.14
 374.62 377.28 379.40 376.77 374.14 374.14 374.14 374.14 374.14 374.14 374.14 374.98 375.65 377.17 375.65 374.14 374.14 374.14 374.14 374.14 374.46 374.79 374.45 375.17
 380.99 380.32 379.74 378.67 377.37 378.99 379.76 378.06 380.44 378.82 375.83 375.83 375.92 376.02 376.02 381.58 378.84 380.66 377.57 376.83 375.73 374.79 374.60 374.20
 376.51 390.05 379.51 379.51 378.99 378.99 379.76 378.06 380.44 378.82 378.82 375.83 376.69 377.16 381.58 381.58 378.84 380.66 378.66 376.83 376.83 375.16 375.16 375.74
 377.84 383.94 379.51 379.74 378.99 378.99 379.76 378.74 379.41 379.04 378.36 376.69 376.69 378.30 378.30 381.58 378.84 379.57 378.48 377.65 378.05 378.06 378.06 377.89
 377.84 380.89 379.97 380.20 380.20 377.73 377.10 378.02 379.15 378.90 378.90 378.59 379.01 380.60 380.60 381.09 378.68 379.03 378.48 378.05 378.05 378.05 378.06 381.01
 381.01 380.16 380.20 380.20 380.20 377.10 377.10 377.10 378.64 379.06 379.23 379.74 379.74 380.42 380.42 379.15 378.52 378.52 378.48 378.05 378.05 379.04 381.01 381.01
 380.13 379.26 379.73 380.20 380.20 377.10 377.10 377.81 379.23 379.23 379.23 379.57 379.74 380.42 379.79 378.52 378.52 378.52 378.52 379.68 378.05 379.37 381.01 381.01
 379.26 379.26 379.26 379.48 379.46 378.27 377.10 379.15 379.32 379.32 379.17 379.10 379.74 380.42 379.52 378.52 378.52 378.52 379.68 379.68 379.68 379.60 380.17 380.13
 379.30 379.26 379.47 379.48 379.44 379.41 379.08 378.98 379.16 379.17 379.02 379.02 379.19 379.37 379.37 379.37 378.94 379.52 379.68 379.68 379.68 379.52 379.37 379.37
 379.37 379.41 379.46 379.43 379.40 379.38 379.17 378.98 379.17 379.37 379.19 379.37 379.37 379.37 379.37 379.37 379.37 379.37 379.47 379.58 379.47 379.37 379.37 379.37
 379.37 379.37 379.37 379.37 379.37 379.37 379.37 379.37 379.37 379.37 379.37 379.37 379.37 379.37 379.37 379.37 379.37 379.37 379.37 379.37 379.37 379.37 379.37 379.37
 379.33 379.33 379.33 379.33 379.33 379.33 379.33 379.33 379.33 379.33 379.33 379.33 379.33 379.33 379.33 379.33 379.33 379.33 379.33 379.33 379.33 379.33 379.33 379.33
 379.13 382.35 382.20 380.76 379.33 379.33 379.33 379.33 379.33 379.33 379.33 380.86 381.09 382.85 381.09 379.33 379.33 379.33 379.33 379.33 379.26 379.19 379.54 380.06
 385.73 388.47 384.43 382.60 381.89 383.17 380.96 382.40 385.86 383.87 382.39 382.39 382.50 382.62 382.62 387.25 381.45 383.58 381.13 380.25 379.74 379.19 378.96 379.14
 380.47 392.78 382.61 382.61 383.17 383.17 380.96 382.40 385.86 383.87 383.87 382.39 379.42 380.77 387.25 387.25 381.45 383.58 381.35 380.25 380.25 378.20 378.20 379.27
 378.18 385.48 382.61 381.77 383.17 383.17 380.96 382.29 382.18 381.87 381.18 379.42 379.42 378.93 378.93 387.25 381.45 381.90 380.23 380.24 378.99 379.00 379.00 378.38
 378.18 381.83 380.93 380.09 380.09 381.34 380.42 381.00 380.87 379.55 379.55 379.68 379.92 380.49 380.49 383.87 379.81 381.07 380.23 378.99 378.99 378.99 379.00 381.01
 381.01 380.14 380.09 380.09 380.09 380.42 380.42 380.42 380.00 379.41 379.52 379.84 379.84 380.41 380.41 378.92 378.17 378.17 380.23 378.99 378.99 379.66 381.01 381.01
 380.17 379.33 379.71 380.09 380.09 380.42 380.42 380.04 379.28 379.28 379.28 379.65 379.84 380.41 379.67 378.17 378.17 378.17 378.17 379.75 378.99 379.89 381.01 381.01
 379.33 379.33 379.33 379.42 379.40 379.91 380.42 379.28 379.33 379.33 379.24 379.19 379.84 380.41 379.43 378.17 378.17 378.17 379.75 379.75 379.75 379.68 380.22 380.17
 379.38 379.33 379.48 379.42 379.39 379.41 379.30 379.24 379.29 379.24 379.15 379.15 379.32 379.49 379.49 379.49 378.83 379.62 379.75 379.75 379.75 379.62 379.49 379.49
 379.49 379.51 379.53 379.45 379.36 379.42 379.36 379.24 379.36 379.49 379.32 379.49 379.49 379.49 379.49 379.49 379.49 379.49 379.58 379.67 379.58 379.49 379.49 379.49
 379.49 379.49 379.49 379.49 379.49 379.49 379.49 379.49 379.49 379.49 379.49 379.49 379.49 379.49 379.49 379.49 379.49 379.49 379.49 379.49 379.49 379.49 379.49 379.49
 384.19 384.19 384.19 384.19 384.19 384.19 384.19 384.19 384.19 384.19 384.19 384.19 384.19 384.19 384.19 384.19 384.19 384.19 384.19 384.19 384.19 384.19 384.19 384.19
 384.14 388.94 389.20 386.70 384.19 384.19 384.19 384.19 384.19 384.19 384.19 384.96 384.58 384.96 384.58 384.19 384.19 384.19 384.19 384.19 384.20 384.20 384.13 384.32
 388.08 394.12 389.65 387.33 384.31 384.37 381.67 385.12 393.62 386.99 385.72 385.72 385.62 385.53 385.53 386.56 383.10 389.86 385.62 383.28 383.74 384.20 382.82 382.83
 383.39 400.66 385.64 385.64 384.37 384.37 381.67 385.12 393.62 386.99 384.80 385.72 381.95 383.07 386.56 386.56 383.10 389.86 385.13 383.28 383.28 381.51 381.51 382.39
 380.37 390.51 385.64 383.87 384.37 384.37 381.67 385.15 385.18 384.06 382.61 382.28 381.95 380.60 380.60 386.56 383.10 386.05 382.24 382.76 380.56 380.67 380.67 380.44
 380.37 385.44 382.11 380.34 380.34 381.64 380.28 382.25 383.31 381.44 382.02 381.48 381.08 380.76 380.76 383.66 380.91 384.14 382.24 380.56 380.56 380.56 380.67 380.75
 380.75 380.16 380.34 380.34 380.34 380.28 380.28 380.28 381.04 380.66 380.77 380.52 380.52 380.81 380.81 379.42 378.72 378.72 382.24 380.56 380.56 380.62 380.75 380.75
 380.07 379.40 379.87 380.34 380.34 380.28 380.28 380.15 379.89 379.89 379.89 380.31 380.52 380.81 380.12 378.72 378.72 378.72 378.72 379.13 380.56 380.64 380.75 380.75
 379.40 379.40 379.40 379.36 379.32 379.80 380.28 379.36 379.34 379.34 379.38 379.40 380.52 380.81 379.78 378.72 378.72 378.72 379.13 379.13 379.13 379.22 380.10 380.07
 379.43 379.40 379.46 379.36 379.28 379.31 379.40 379.38 379.38 379.38 379.42 379.42 379.45 379.48 379.48 379.48 379.10 379.30 379.13 379.13 379.13 379.30 379.48 379.48
 379.48 379.51 379.55 379.40 379.21 379.34 379.43 379.38 379.43 379.48 379.45 379.48 379.48 379.48 379.48 379.48 379.48 379.48 379.52 379.56 379.52 379.48 379.48 379.48
 379.48 379.48 379.48 379.48 379.48 379.48 379.48 379.48 379.48 379.48 379.48 379.48 379.48 379.48 379.48 379.48 379.48 379.48 379.48 379.48 379.48 379.48 379.48 379.48
 387.50 387.50 387.50 387.50 387.50 387.50 387.50 387.50 387.50 387.50 387.50 387.50 387.50 387.50 387.50 387.50 387.50 387.50 387.50 387.50 387.50 387.50 387.50 387.50
 387.44 389.86 386.60 387.05 387.50 387.50 387.50 387.50 387.50 387.50 387.50 387.46 387.75 388.01 387.75 387.50 387.50 387.50 387.50 387.50 386.86 386.21 386.24 386.94
 388.31 398.74 391.06 388.65 386.96 386.69 383.33 387.21 394.94 388.27 387.42 387.42 387.30 387.18 387.18 386.42 384.75 389.67 386.93 384.75 385.64 386.21 385.14 385.53
 385.67 403.26 387.84 387.84 386.69 386.69 383.33 387.21 394.94 388.27 385.60 387.42 383.83 384.64 386.42 386.42 384.75 389.67 385.81 384.75 384.75 383.64 383.64 384.77
 382.57 392.91 387.84 385.63 386.69 386.69 383.33 386.66 386.11 385.02 382.92 383.38 383.83 382.10 382.10 386.42 384.75 386.34 383.00 383.87 382.16 382.24 382.24 382.49
 382.57 387.74 383.42 381.21 381.21 379.58 376.03 380.79 384.45 382.79 382.86 382.39 382.18 381.56 381.56 383.99 381.74 384.67 383.00 382.16 382.16 382.16 382.24 380.36
 380.36 380.33 381.21 381.21 381.21 376.03 376.03 376.03 380.44 381.36 381.32 381.15 381.15 381.50 381.50 379.66 378.74 378.74 383.00 382.16 382.16 381.56 380.36 380.36
 379.88 379.41 380.31 381.21 381.21 376.03 376.03 377.33 379.92 379.92 379.92 380.74 381.15 381.50 380.58 378.74 378.74 378.74 378.74 378.51 382.16 381.36 380.36 380.36
 379.41 379.41 379.41 379.34 379.30 377.66 376.03 379.16 379.30 379.30 379.24 379.22 381.15 381.50 380.06 378.74 378.74 378.74 378.51 378.51 378.51 378.73 379.88 379.88
 379.41 379.41 379.38 379.34 379.27 379.28 379.12 379.03 379.20 379.24 379.19 379.19 379.29 379.40 379.40 379.40 379.07 378.95 378.51 378.51 378.51 378.95 379.40 379.40
 379.40 379.41 379.43 379.34 379.20 379.30 379.21 379.03 379.21 379.40 379.29 379.40 379.40 379.40 379.40 379.40 379.40 379.40 379.29 379.18 379.29 379.40 379.40 379.40
 379.40 379.40 379.40 379.40 379.40 379.40 379.40 379.40 379.40 379.40 379.40 379.40 379.40 379.40 379.40 379.40 379.40 379.40 379.40 379.40 379.40 379.40 379.40 379.40
