1994 MONTHLY CO2 (PPMV)   24  12  LON/LAT (N-S/0-360E) IN 15 DEGREE RESOLUTION,  GLB ANNUAL MEAN = 358.36,  GROWTH RATE = 1.28,  MISS DATA = -99.99
 362.30 362.30 362.30 362.30 362.30 362.30 362.30 362.30 362.30 362.30 362.30 362.30 362.30 362.30 362.30 362.30 362.30 362.30 362.30 362.30 362.30 362.30 362.30 362.30
 362.57 365.02 365.70 364.00 362.30 362.30 362.30 362.30 362.30 362.30 362.30 363.62 362.27 362.24 362.27 361.25 362.30 362.30 362.30 362.30 362.30 362.27 362.24 362.08
 362.56 369.52 367.61 365.81 361.90 361.70 358.83 361.99 364.75 369.70 364.94 364.94 363.29 361.65 360.92 360.19 360.23 362.42 364.69 359.87 360.68 361.96 361.65 361.06
 361.09 365.30 366.46 361.70 361.70 361.70 358.83 361.99 364.75 369.70 364.68 364.94 359.39 360.09 362.29 362.29 360.27 362.48 364.69 359.87 359.87 358.99 358.54 361.08
 361.09 363.20 361.34 357.86 361.70 361.70 358.83 361.97 361.94 362.38 359.67 359.53 359.39 358.54 358.54 362.29 360.27 358.92 358.92 359.39 358.38 358.54 358.54 358.54
 358.08 358.93 357.86 357.86 357.86 361.70 358.83 361.02 360.08 358.22 358.95 358.42 358.27 358.46 358.46 360.38 357.42 358.92 358.92 358.38 358.38 358.38 358.54 356.58
 356.58 356.59 357.86 357.86 357.86 356.83 357.15 359.15 358.63 358.01 357.93 356.95 356.95 358.50 358.50 355.89 354.58 354.58 358.92 358.38 358.38 357.78 356.58 356.58
 355.96 355.34 356.60 357.86 356.83 355.80 355.80 357.80 357.80 357.80 357.80 356.32 357.55 358.02 357.04 354.58 354.58 354.58 354.58 356.69 358.38 357.58 356.58 356.58
 355.34 355.34 355.34 355.96 355.80 355.80 355.80 355.36 354.91 354.91 355.03 355.09 356.32 357.17 356.08 354.58 354.58 354.58 355.00 355.41 356.41 355.53 356.02 355.96
 355.40 355.34 355.52 355.96 355.60 355.80 355.71 355.53 355.15 355.00 355.08 355.08 355.64 355.53 355.53 355.53 355.05 355.53 355.44 355.41 355.44 355.53 355.53 355.53
 355.53 355.30 355.08 355.45 355.23 355.38 355.53 355.53 355.53 355.53 355.30 355.53 355.53 355.53 355.53 355.53 355.53 355.53 355.47 355.41 355.47 355.53 355.53 355.53
 355.53 355.53 355.53 355.53 355.53 355.53 355.53 355.53 355.53 355.53 355.53 355.53 355.53 355.53 355.53 355.53 355.53 355.53 355.53 355.53 355.53 355.53 355.53 355.53
 363.41 363.41 363.41 363.41 363.41 363.41 363.41 363.41 363.41 363.41 363.41 363.41 363.41 363.41 363.41 363.41 363.41 363.41 363.41 363.41 363.41 363.41 363.41 363.41
 362.85 365.22 363.90 363.65 363.41 363.41 363.41 363.41 363.41 363.41 363.41 363.38 363.71 364.02 363.71 362.79 363.41 363.41 363.41 363.41 363.41 362.64 361.87 363.37
 369.34 370.73 367.31 365.48 363.87 364.10 361.19 362.79 364.80 366.99 363.36 363.36 363.06 362.77 362.48 362.18 361.88 362.64 363.00 360.87 361.71 362.19 361.74 361.61
 362.68 366.70 367.01 364.10 364.10 364.10 361.19 362.79 364.80 366.99 364.04 363.36 360.56 361.05 363.75 363.75 361.57 362.28 363.00 360.87 360.87 359.66 359.06 362.14
 362.68 364.69 362.08 358.31 364.10 364.10 361.19 362.86 362.93 362.59 361.09 360.82 360.56 359.34 359.34 363.75 361.57 360.34 360.34 360.60 359.08 359.06 359.06 359.06
 358.29 359.45 358.31 358.31 358.31 364.10 361.19 362.00 361.14 359.36 360.23 359.35 358.95 358.88 358.88 361.32 358.25 360.34 360.34 359.08 359.08 359.08 359.06 356.09
 356.09 356.53 358.31 358.31 358.31 357.06 358.02 358.78 358.30 357.71 357.85 357.41 357.41 358.15 358.52 354.93 354.93 354.93 360.34 359.08 359.08 358.08 356.09 356.09
 355.63 355.18 356.75 358.31 357.06 355.80 355.80 356.05 356.05 356.05 356.05 356.05 356.62 356.62 355.77 354.93 354.93 354.93 354.93 357.12 359.08 357.75 356.09 356.09
 355.18 355.18 355.18 355.94 355.80 355.80 355.80 355.37 354.94 354.94 355.15 355.48 356.05 356.34 355.63 354.93 354.93 354.93 355.17 355.39 356.63 355.49 355.74 355.63
 355.28 355.18 355.43 355.94 355.49 355.80 355.70 355.49 355.14 354.99 355.04 355.26 355.60 355.49 355.49 355.49 355.21 355.49 355.41 355.39 355.41 355.49 355.49 355.49
 355.49 355.20 354.92 355.34 355.03 355.26 355.49 355.49 355.49 355.49 355.26 355.49 355.49 355.49 355.49 355.49 355.49 355.49 355.44 355.39 355.44 355.49 355.49 355.49
 355.49 355.49 355.49 355.49 355.49 355.49 355.49 355.49 355.49 355.49 355.49 355.49 355.49 355.49 355.49 355.49 355.49 355.49 355.49 355.49 355.49 355.49 355.49 355.49
 364.44 364.44 364.44 364.44 364.44 364.44 364.44 364.44 364.44 364.44 364.44 364.44 364.44 364.44 364.44 364.44 364.44 364.44 364.44 364.44 364.44 364.44 364.44 364.44
 363.84 365.06 364.10 364.27 364.44 364.44 364.44 364.44 364.44 364.44 364.44 364.17 364.74 365.03 364.74 363.46 364.44 364.44 364.44 364.44 364.44 363.68 362.92 363.82
 365.51 367.86 365.98 365.12 363.88 363.60 362.83 363.34 365.74 369.40 363.90 363.90 363.71 363.53 363.00 362.48 362.46 363.98 365.20 361.98 362.80 363.26 362.85 362.78
 362.67 365.26 365.62 363.60 363.60 363.60 362.83 363.34 365.74 369.40 365.73 363.90 361.31 361.88 362.60 362.60 362.44 363.82 365.20 361.98 361.98 360.42 359.64 362.72
 362.67 363.97 361.26 357.72 363.60 363.60 362.83 363.50 363.67 363.82 362.05 361.68 361.31 360.22 360.22 362.60 362.44 361.93 361.93 361.95 359.70 359.64 359.64 359.64
 357.66 358.86 357.72 357.72 357.72 363.60 362.83 362.71 361.91 360.15 361.10 359.88 359.34 359.31 359.31 360.96 358.86 361.93 361.93 359.70 359.70 359.70 359.64 355.16
 355.16 356.09 357.72 357.72 357.72 356.71 358.41 358.95 358.49 357.90 358.01 357.41 357.41 358.36 358.84 355.29 355.29 355.29 361.93 359.70 359.70 358.19 355.16 355.16
 355.28 355.40 356.56 357.72 356.71 355.70 355.70 355.65 355.65 355.65 355.65 356.26 356.69 356.69 355.99 355.29 355.29 355.29 355.29 357.58 359.70 357.68 355.16 355.16
 355.40 355.40 355.40 355.88 355.70 355.70 355.70 355.50 355.31 355.31 355.35 355.84 356.26 356.48 355.81 355.29 355.29 355.29 355.45 355.62 355.52 355.52 355.31 355.28
 355.43 355.40 355.44 355.88 355.50 355.70 355.63 355.50 355.30 355.10 354.89 355.37 355.71 355.50 355.50 355.50 355.40 355.50 355.59 355.62 355.52 355.52 355.50 355.50
 355.50 355.25 355.00 355.37 355.11 355.31 355.50 355.50 355.50 355.50 355.20 355.50 355.50 355.50 355.50 355.50 355.50 355.50 355.56 355.62 355.52 355.51 355.50 355.50
 355.50 355.50 355.50 355.50 355.50 355.50 355.50 355.50 355.50 355.50 355.50 355.50 355.50 355.50 355.50 355.50 355.50 355.50 355.50 355.50 355.50 355.50 355.50 355.50
 364.29 364.29 364.29 364.29 364.29 364.29 364.29 364.29 364.29 364.29 364.29 364.29 364.29 364.29 364.29 364.29 364.29 364.29 364.29 364.29 364.29 364.29 364.29 364.29
 363.79 364.49 364.20 364.25 364.29 364.29 364.29 364.29 364.29 364.29 364.29 365.01 364.32 364.34 364.32 363.25 364.29 364.29 364.29 364.29 364.29 363.96 363.62 364.13
 366.74 365.69 364.95 364.60 364.43 364.50 363.46 363.63 368.15 371.99 365.72 365.72 364.97 364.21 363.21 362.21 362.46 364.20 365.79 362.91 363.37 363.70 363.44 363.25
 364.33 365.01 364.98 364.50 364.50 364.50 363.46 363.63 368.15 371.99 367.34 365.72 362.60 362.70 362.30 362.30 362.71 364.25 365.79 362.91 362.91 361.41 360.66 363.79
 364.33 364.67 360.38 355.93 364.50 364.50 363.46 363.62 363.61 364.73 362.69 362.64 362.60 361.19 361.19 362.30 362.71 362.31 362.31 362.61 361.00 360.66 360.66 360.66
 358.60 358.73 355.93 355.93 355.93 364.50 363.46 362.87 362.12 360.62 361.65 360.36 359.92 359.94 359.94 361.12 358.78 362.31 362.31 361.00 361.00 361.00 360.66 355.73
 355.73 355.72 355.93 355.93 355.93 355.93 359.69 359.05 358.63 358.13 358.16 357.21 357.21 358.57 359.25 354.85 354.85 354.85 362.31 361.00 361.00 359.24 355.73 355.73
 355.62 355.51 355.72 355.93 355.93 355.93 355.65 355.65 355.65 355.65 355.65 355.89 357.21 357.89 354.85 354.85 354.85 354.85 354.85 358.18 361.00 358.66 355.73 355.73
 355.51 355.51 355.51 356.30 356.06 355.85 355.58 355.58 355.58 355.58 355.52 355.89 355.89 355.89 355.29 354.85 354.85 354.85 355.33 355.85 355.59 355.59 355.64 355.62
 355.53 355.51 355.78 356.30 355.81 355.63 355.58 355.58 355.50 355.33 355.08 355.49 355.65 355.58 355.58 355.58 355.21 355.58 355.78 355.85 355.59 355.59 355.58 355.58
 355.58 355.42 355.26 355.62 355.33 355.45 355.58 355.58 355.58 355.58 355.33 355.58 355.58 355.58 355.58 355.58 355.58 355.58 355.71 355.85 355.59 355.58 355.58 355.58
 355.58 355.58 355.58 355.58 355.58 355.58 355.58 355.58 355.58 355.58 355.58 355.58 355.58 355.58 355.58 355.58 355.58 355.58 355.58 355.58 355.58 355.58 355.58 355.58
 363.90 363.90 363.90 363.90 363.90 363.90 363.90 363.90 363.90 363.90 363.90 363.90 363.90 363.90 363.90 363.90 363.90 363.90 363.90 363.90 363.90 363.90 363.90 363.90
 362.65 363.21 363.50 363.70 363.90 363.90 363.90 363.90 363.90 363.90 363.90 364.77 364.13 364.36 364.13 363.26 363.90 363.90 363.90 363.90 363.90 363.32 362.74 362.84
 362.17 362.79 363.15 363.42 364.17 364.30 362.74 361.63 365.14 370.80 365.64 365.64 364.97 364.29 363.46 362.63 362.66 363.09 362.97 361.94 362.59 362.93 362.54 362.35
 363.05 362.92 363.03 364.30 364.30 364.30 362.74 361.63 365.14 370.80 366.59 365.64 363.41 363.00 360.60 360.60 362.68 362.83 362.97 361.94 361.94 361.37 361.09 362.70
 363.05 362.99 358.84 354.67 364.30 364.30 362.74 362.61 363.58 364.43 362.39 362.90 363.41 361.70 361.70 360.60 362.68 361.74 361.74 361.84 361.48 361.09 361.09 361.09
 358.84 358.05 354.67 354.67 354.67 364.30 362.74 362.43 362.26 360.94 361.66 360.36 360.01 359.76 359.76 360.18 358.58 361.74 361.74 361.48 361.48 361.48 361.09 356.73
 356.73 355.72 354.67 354.67 354.67 354.67 358.71 358.77 358.57 358.13 358.00 356.87 356.87 358.31 359.04 354.47 354.47 354.47 361.74 361.48 361.48 359.90 356.73 356.73
 356.24 355.75 355.21 354.67 354.67 354.67 355.32 355.32 355.32 355.32 355.32 355.83 356.87 357.59 354.47 354.47 354.47 354.47 354.47 358.36 361.48 359.37 356.73 356.73
 355.75 355.75 355.75 356.62 356.33 356.07 355.70 355.74 355.74 355.74 355.67 355.83 355.83 355.83 355.11 354.47 354.47 354.47 355.22 356.02 355.85 355.83 356.21 356.24
 355.72 355.75 356.07 356.62 356.05 355.81 355.66 355.66 355.66 355.59 355.44 355.63 355.71 355.66 355.66 355.66 355.07 355.66 355.93 356.02 355.85 355.80 355.66 355.66
 355.66 355.59 355.52 355.82 355.47 355.57 355.66 355.66 355.66 355.66 355.55 355.66 355.66 355.66 355.66 355.66 355.66 355.66 355.84 356.02 355.85 355.76 355.66 355.66
 355.66 355.66 355.66 355.66 355.66 355.66 355.66 355.66 355.66 355.66 355.66 355.66 355.66 355.66 355.66 355.66 355.66 355.66 355.66 355.66 355.66 355.66 355.66 355.66
 361.92 361.92 361.92 361.92 361.92 361.92 361.92 361.92 361.92 361.92 361.92 361.92 361.92 361.92 361.92 361.92 361.92 361.92 361.92 361.92 361.92 361.92 361.92 361.92
 360.20 359.92 359.50 360.71 361.92 361.92 361.92 361.92 361.92 361.92 361.92 361.90 362.27 362.62 362.27 361.47 361.92 361.92 361.92 361.92 361.92 361.20 360.49 360.69
 361.48 358.05 358.77 359.74 362.31 362.50 359.24 357.05 362.22 368.68 361.89 361.89 361.50 361.11 361.06 361.02 361.30 361.36 360.94 359.32 360.19 360.64 360.07 359.65
 359.43 358.74 358.75 362.50 362.50 362.50 359.24 357.05 362.22 368.68 364.94 361.89 361.02 360.94 358.37 358.37 361.59 361.26 360.94 359.32 359.32 359.81 360.05 359.54
 359.43 359.08 357.33 355.75 362.50 362.50 359.24 358.88 360.72 362.78 361.19 361.11 361.02 360.77 360.77 358.37 361.59 360.71 360.71 360.02 359.95 360.05 360.05 360.05
 358.02 357.31 355.75 355.75 355.75 362.50 359.24 359.75 360.62 360.52 360.86 359.55 359.15 359.33 359.33 358.85 358.27 360.71 360.71 359.95 359.95 359.95 360.05 357.31
 357.31 356.37 355.75 355.75 355.75 356.02 357.19 357.92 358.19 358.16 357.98 357.10 357.10 358.22 358.78 354.95 354.95 354.95 360.71 359.95 359.95 359.07 357.31 357.31
 356.69 356.06 355.90 355.75 356.02 356.30 356.30 355.80 355.80 355.80 355.80 356.23 356.45 356.45 355.70 354.95 354.95 354.95 354.95 357.69 359.95 358.78 357.31 357.31
 356.06 356.06 356.06 356.53 356.30 356.30 356.30 356.13 355.96 355.96 355.89 356.01 356.23 356.34 355.74 354.95 354.95 354.95 355.44 355.93 356.22 356.19 356.65 356.69
 356.03 356.06 356.12 356.53 356.15 356.30 356.19 355.96 355.92 355.83 355.70 355.86 356.02 355.96 355.96 355.96 355.45 355.96 355.94 355.93 356.22 356.15 355.96 355.96
 355.96 355.83 355.71 356.00 355.78 355.87 355.96 355.96 355.96 355.96 355.83 355.96 355.96 355.96 355.96 355.96 355.96 355.96 355.94 355.93 356.22 356.09 355.96 355.96
 355.96 355.96 355.96 355.96 355.96 355.96 355.96 355.96 355.96 355.96 355.96 355.96 355.96 355.96 355.96 355.96 355.96 355.96 355.96 355.96 355.96 355.96 355.96 355.96
 356.08 356.08 356.08 356.08 356.08 356.08 356.08 356.08 356.08 356.08 356.08 356.08 356.08 356.08 356.08 356.08 356.08 356.08 356.08 356.08 356.08 356.08 356.08 356.08
 354.43 354.43 350.30 353.19 356.08 356.08 356.08 356.08 356.08 356.08 356.08 355.75 355.29 354.49 355.29 356.25 356.08 356.08 356.08 356.08 356.08 355.64 355.20 355.66
 359.91 356.89 353.60 353.39 357.56 358.30 355.38 352.68 358.61 369.99 355.41 355.41 353.95 352.49 354.46 356.42 357.75 357.14 356.80 357.41 356.97 355.26 354.88 354.56
 355.68 356.28 354.94 358.30 358.30 358.30 355.38 352.68 358.61 369.99 364.58 355.41 358.09 355.71 355.87 355.87 359.07 357.94 356.80 357.41 357.41 357.70 357.85 355.12
 355.68 355.98 355.92 356.39 358.30 358.30 355.38 356.25 359.81 362.07 359.17 358.63 358.09 358.92 358.92 355.87 359.07 359.23 359.23 358.32 357.56 357.85 357.85 357.85
 357.38 356.76 356.39 356.39 356.39 358.30 355.38 357.90 359.56 359.30 359.24 358.34 358.14 358.96 358.96 357.42 357.54 359.23 359.23 357.56 357.56 357.56 357.85 358.23
 358.23 357.31 356.39 356.39 356.39 356.54 356.21 357.37 357.89 357.81 357.68 357.36 357.36 359.20 359.20 357.07 356.01 356.01 359.23 357.56 357.56 357.78 358.23 358.23
 358.23 357.31 356.39 356.39 356.54 356.70 356.70 356.32 356.32 356.32 356.32 356.88 356.69 357.94 357.72 356.01 356.01 356.01 356.01 356.82 357.56 357.86 358.23 358.23
 357.64 356.46 356.58 356.76 356.70 356.70 356.70 356.59 356.48 356.48 356.57 357.06 356.88 357.41 356.90 356.01 356.01 356.01 356.10 356.16 356.29 356.31 357.64 358.23
 356.45 356.33 356.41 356.76 356.45 356.70 356.62 356.45 356.42 356.32 356.16 356.61 356.64 356.45 356.45 356.45 356.23 356.45 356.23 356.16 356.29 356.33 356.45 356.45
 356.45 356.25 356.06 356.35 356.14 356.29 356.45 356.45 356.45 356.45 356.31 356.45 356.45 356.45 356.45 356.45 356.45 356.45 356.31 356.16 356.29 356.37 356.45 356.45
 356.45 356.45 356.45 356.45 356.45 356.45 356.45 356.45 356.45 356.45 356.45 356.45 356.45 356.45 356.45 356.45 356.45 356.45 356.45 356.45 356.45 356.45 356.45 356.45
 350.47 350.47 350.47 350.47 350.47 350.47 350.47 350.47 350.47 350.47 350.47 350.47 350.47 350.47 350.47 350.47 350.47 350.47 350.47 350.47 350.47 350.47 350.47 350.47
 349.37 351.07 346.40 348.44 350.47 350.47 350.47 350.47 350.47 350.47 350.47 350.61 349.37 348.27 349.37 351.50 350.47 350.47 350.47 350.47 350.47 350.26 350.04 351.05
 359.35 358.05 352.23 350.33 355.89 358.60 354.74 350.21 352.53 366.79 350.75 350.75 349.01 347.28 349.90 352.52 354.13 352.36 351.30 355.19 353.61 350.05 349.85 349.65
 354.85 356.45 354.34 358.60 358.60 358.60 354.74 350.21 352.53 366.79 361.96 350.75 356.14 352.09 356.62 356.62 355.75 353.52 351.30 355.19 355.19 355.22 355.24 352.25
 354.85 355.65 355.26 355.53 358.60 358.60 354.74 354.11 358.00 359.90 357.13 356.63 356.14 356.91 356.91 356.62 355.75 356.49 356.49 355.84 354.95 355.24 355.24 355.24
 357.35 356.33 355.53 355.53 355.53 358.60 354.74 355.98 357.85 357.69 357.41 357.24 357.73 359.86 359.86 358.24 356.19 356.49 356.49 354.95 354.95 354.95 355.24 358.60
 358.60 356.79 355.53 355.53 355.53 356.37 356.10 356.64 357.25 357.19 357.12 357.19 357.19 358.75 358.75 357.34 356.64 356.64 356.49 354.95 354.95 356.17 358.60 358.60
 357.43 356.25 355.89 355.53 356.37 357.20 357.20 356.70 356.70 356.70 356.70 357.37 357.21 357.98 357.79 356.64 356.64 356.64 356.64 355.88 354.95 356.57 358.60 358.60
 356.25 356.25 356.25 357.52 357.20 357.20 357.20 357.10 357.00 357.00 357.15 357.53 357.37 357.68 357.29 356.64 356.64 356.64 356.81 356.96 357.24 357.22 357.69 357.43
 356.52 356.25 357.11 357.52 357.12 357.20 357.15 357.05 357.00 356.96 356.91 357.22 357.21 357.05 357.05 357.05 356.84 357.05 356.98 356.96 357.24 357.19 357.05 357.05
 357.05 356.87 356.69 357.00 356.73 356.89 357.05 357.05 357.05 357.05 356.98 357.05 357.05 357.05 357.05 357.05 357.05 357.05 357.00 356.96 357.24 357.14 357.05 357.05
 357.05 357.05 357.05 357.05 357.05 357.05 357.05 357.05 357.05 357.05 357.05 357.05 357.05 357.05 357.05 357.05 357.05 357.05 357.05 357.05 357.05 357.05 357.05 357.05
 350.49 350.49 350.49 350.49 350.49 350.49 350.49 350.49 350.49 350.49 350.49 350.49 350.49 350.49 350.49 350.49 350.49 350.49 350.49 350.49 350.49 350.49 350.49 350.49
 350.73 354.26 352.40 351.44 350.49 350.49 350.49 350.49 350.49 350.49 350.49 351.78 350.42 350.36 350.42 351.59 350.49 350.49 350.49 350.49 350.49 350.79 351.09 351.87
 359.57 363.44 357.92 354.68 357.90 361.60 356.60 352.96 351.00 364.11 353.08 353.08 351.97 350.86 351.77 352.69 353.88 353.27 354.10 354.13 352.92 350.90 351.02 350.94
 355.56 359.50 358.71 361.60 361.60 361.60 356.60 352.96 351.00 364.11 359.84 353.08 354.72 353.02 361.48 361.48 355.08 354.59 354.10 354.13 354.13 354.38 354.50 353.25
 355.56 357.53 356.82 355.52 361.60 361.60 356.60 354.25 355.53 357.66 355.57 355.14 354.72 355.18 355.18 361.48 355.08 354.05 354.05 354.09 353.95 354.50 354.50 354.50
 357.37 356.83 355.52 355.52 355.52 361.60 356.60 354.87 355.49 355.44 355.50 356.17 356.79 358.39 358.39 359.94 355.85 354.05 354.05 353.95 353.95 353.95 354.50 358.27
 358.27 356.89 355.52 355.52 355.52 356.46 356.82 356.13 356.33 356.31 356.56 357.25 357.25 358.37 358.37 357.20 356.62 356.62 354.05 353.95 353.95 355.39 358.27 358.27
 358.27 356.89 355.52 355.52 356.46 357.40 357.40 357.19 357.19 357.19 357.19 357.65 357.61 357.99 357.66 356.62 356.62 356.62 356.62 356.99 353.95 355.87 358.27 358.27
 358.03 357.58 357.75 357.97 357.40 357.40 357.40 357.32 357.25 357.25 357.43 357.69 357.65 357.82 357.41 356.62 356.62 356.62 356.99 356.99 357.13 357.27 358.03 358.27
 357.54 357.41 357.52 357.97 357.59 357.40 357.45 357.54 357.36 357.30 357.35 357.52 357.57 357.54 357.54 357.54 357.08 357.27 356.99 356.99 357.26 357.40 357.54 357.54
 357.54 357.31 357.07 357.45 357.21 357.38 357.54 357.54 357.54 357.54 357.45 357.54 357.54 357.54 357.54 357.54 357.54 357.54 357.45 357.35 357.54 357.54 357.54 357.54
 357.54 357.54 357.54 357.54 357.54 357.54 357.54 357.54 357.54 357.54 357.54 357.54 357.54 357.54 357.54 357.54 357.54 357.54 357.54 357.54 357.54 357.54 357.54 357.54
 355.67 355.67 355.67 355.67 355.67 355.67 355.67 355.67 355.67 355.67 355.67 355.67 355.67 355.67 355.67 355.67 355.67 355.67 355.67 355.67 355.67 355.67 355.67 355.67
 356.72 359.01 355.90 355.78 355.67 355.67 355.67 355.67 355.67 355.67 355.67 357.06 356.15 356.63 356.15 356.52 355.67 355.67 355.67 355.67 355.67 356.20 356.73 357.19
 363.67 367.74 361.82 358.80 361.36 364.20 357.76 359.34 362.99 367.22 358.46 358.46 357.83 357.21 357.29 357.38 357.69 359.23 363.03 357.11 356.63 356.33 356.46 356.18
 358.31 363.02 362.42 364.20 364.20 364.20 357.76 359.34 362.99 367.22 361.72 358.46 356.09 356.46 363.26 363.26 358.01 360.52 363.03 357.11 357.11 356.22 355.77 357.25
 358.31 360.67 358.87 356.20 364.20 364.20 357.76 358.94 358.54 359.27 356.22 356.15 356.09 355.71 355.71 363.26 358.01 355.24 355.24 356.18 354.69 355.77 355.77 355.77
 358.29 358.10 356.20 356.20 356.20 364.20 357.76 357.88 356.81 355.08 355.65 356.71 357.46 358.75 358.75 361.00 357.21 355.24 355.24 354.69 354.69 354.69 355.77 358.28
 358.28 357.24 356.20 356.20 356.20 356.80 357.32 357.89 357.35 356.77 357.11 357.56 357.56 358.19 358.19 357.00 356.41 356.41 355.24 354.69 354.69 355.89 358.28 358.28
 358.28 357.24 356.20 356.20 356.80 357.40 357.40 358.46 358.46 358.46 358.46 357.71 357.68 357.94 357.51 356.41 356.41 356.41 356.41 357.19 354.69 356.29 358.28 358.28
 358.08 357.57 357.68 357.86 357.40 357.40 357.40 357.35 357.30 357.30 357.46 357.73 357.71 357.82 357.35 356.41 356.41 356.41 357.19 357.19 357.43 357.61 358.08 358.28
 357.67 357.45 357.50 357.86 357.54 357.40 357.49 357.67 357.43 357.33 357.35 357.54 357.64 357.67 357.67 357.67 357.04 357.43 357.19 357.19 357.67 357.79 357.67 357.67
 357.67 357.40 357.14 357.47 357.22 357.44 357.67 357.67 357.67 357.67 357.51 357.67 357.67 357.67 357.67 357.67 357.67 357.67 357.55 357.43 358.15 357.91 357.67 357.67
 357.67 357.67 357.67 357.67 357.67 357.67 357.67 357.67 357.67 357.67 357.67 357.67 357.67 357.67 357.67 357.67 357.67 357.67 357.67 357.67 357.67 357.67 357.67 357.67
 360.28 360.28 360.28 360.28 360.28 360.28 360.28 360.28 360.28 360.28 360.28 360.28 360.28 360.28 360.28 360.28 360.28 360.28 360.28 360.28 360.28 360.28 360.28 360.28
 360.84 364.61 362.80 361.54 360.28 360.28 360.28 360.28 360.28 360.28 360.28 361.10 360.43 360.58 360.43 360.78 360.28 360.28 360.28 360.28 360.28 360.23 360.18 361.32
 368.23 374.51 368.65 365.10 363.09 364.50 358.67 363.02 366.08 370.29 361.93 361.93 361.44 360.96 361.12 361.28 360.56 363.87 369.82 359.74 359.92 360.15 360.06 359.95
 359.81 367.16 367.91 364.50 364.50 364.50 358.67 363.02 366.08 370.29 364.38 361.93 358.08 359.30 362.62 362.62 359.83 364.83 369.82 359.74 359.74 358.11 357.30 359.88
 359.81 363.48 361.24 356.78 364.50 364.50 358.67 361.19 359.36 361.22 358.48 358.28 358.08 357.64 357.64 362.62 359.83 358.86 358.86 359.30 356.57 357.30 357.30 357.30
 358.92 359.20 356.78 356.78 356.78 364.50 358.67 359.62 358.05 356.73 357.61 358.00 358.07 358.04 358.04 362.62 358.13 358.86 358.86 356.57 356.57 356.57 357.30 358.47
 358.47 357.62 356.78 356.78 356.78 357.19 357.82 359.14 358.47 358.03 358.26 358.06 358.06 358.45 358.45 357.10 356.42 356.42 358.86 356.57 356.57 357.20 358.47 358.47
 358.47 357.62 356.78 356.78 357.19 357.60 357.60 359.34 359.34 359.34 359.34 357.93 357.93 358.19 357.69 356.42 356.42 356.42 356.42 357.07 356.57 357.41 358.47 358.47
 358.18 357.61 357.73 357.89 357.60 357.60 357.60 357.42 357.24 357.24 357.23 357.58 357.93 358.06 357.44 356.42 356.42 356.42 357.07 357.07 357.19 357.32 358.18 358.47
 357.61 357.49 357.56 357.89 357.54 357.60 357.60 357.61 357.36 357.23 357.22 357.22 357.59 357.61 357.61 357.61 357.01 357.34 357.07 357.07 357.31 357.44 357.61 357.61
 357.61 357.42 357.23 357.48 357.20 357.40 357.61 357.61 357.61 357.61 357.41 357.61 357.61 357.61 357.61 357.61 357.61 357.61 357.48 357.36 357.55 357.58 357.61 357.61
 357.61 357.61 357.61 357.61 357.61 357.61 357.61 357.61 357.61 357.61 357.61 357.61 357.61 357.61 357.61 357.61 357.61 357.61 357.61 357.61 357.61 357.61 357.61 357.61
 363.25 363.25 363.25 363.25 363.25 363.25 363.25 363.25 363.25 363.25 363.25 363.25 363.25 363.25 363.25 363.25 363.25 363.25 363.25 363.25 363.25 363.25 363.25 363.25
 362.33 366.92 363.25 363.25 363.25 363.25 363.25 363.25 363.25 363.25 363.25 363.98 363.81 364.37 363.81 362.97 363.25 363.25 368.81 363.25 363.25 362.26 361.28 362.56
 364.76 375.19 375.19 369.22 365.42 366.50 360.02 363.60 366.66 370.84 364.72 364.72 363.83 362.94 362.81 362.69 362.51 374.38 374.38 367.57 363.86 361.86 361.46 361.63
 362.38 368.79 371.99 366.50 366.50 366.50 360.02 363.60 366.66 370.84 365.63 364.72 359.23 361.16 364.02 364.02 362.34 367.97 373.61 360.77 360.77 359.34 358.63 362.00
 362.38 365.58 362.97 357.16 366.50 366.50 360.02 362.76 361.93 362.74 360.42 359.83 359.23 359.39 359.39 364.02 362.34 362.57 362.57 361.67 358.44 358.63 358.63 358.63
 359.85 360.12 357.16 357.16 357.16 366.50 360.02 361.30 359.84 357.75 359.09 359.06 358.85 359.22 359.22 364.02 359.89 362.57 362.57 358.44 358.44 358.44 358.63 358.59
 358.59 357.88 357.16 357.16 357.16 357.53 358.48 359.63 358.91 358.22 358.61 358.47 358.47 359.05 359.05 357.98 357.44 357.44 362.57 358.44 358.44 358.49 358.59 358.59
 358.59 357.88 357.16 357.16 357.53 357.90 357.90 358.68 358.68 358.68 358.68 358.52 358.52 358.78 358.42 357.44 357.44 357.44 357.44 356.80 358.44 358.51 358.59 358.59
 358.20 357.37 357.39 357.43 357.90 357.90 357.90 357.54 357.19 357.19 356.99 357.70 358.52 358.65 357.99 357.44 357.44 357.44 356.80 356.80 356.97 357.14 358.20 358.59
 357.43 357.35 357.35 357.43 357.37 357.90 357.74 357.43 357.20 356.99 356.78 356.78 357.58 357.43 357.43 357.43 357.44 357.12 356.80 356.80 357.14 357.30 357.43 357.43
 357.43 357.35 357.26 357.36 357.31 357.37 357.43 357.43 357.43 357.43 357.11 357.43 357.43 357.43 357.43 357.43 357.43 357.43 357.16 356.88 357.49 357.46 357.43 357.43
 357.43 357.43 357.43 357.43 357.43 357.43 357.43 357.43 357.43 357.43 357.43 357.43 357.43 357.43 357.43 357.43 357.43 357.43 357.43 357.43 357.43 357.43 357.43 357.43
