1930-1939 MONTHLY VOLCANIC FORCING IN 45-DEGREE-LAT BANDS FROM N TO S
   81   78   71   65   55   46   56   54   58   53   50   52
   81   78   71   65   55   46   56   54   58   53   50   52
   58   59   57   60   68   70   65   49   33   25   22    1
   58   59   57   60   68   70   65   49   33   25   22    1
   64   64   68   71   71   71   73   66   67   59   56   47
   64   64   68   71   71   71   73   66   67   59   56   47
    1    1    1    1    1    1    1    1    1    1    1   28
    1    1    1    1    1    1    1    1    1    1    1   28
   50   47   44   42   39   53   64   75   90   88   87   91
   50   47   44   42   39   53   64   75   90   88   87   91
   41   66   75   88  105  122  126  128  119  113  107  101
   41   66   75   88  105  122  126  128  119  113  107  101
   93   79   72   69   58   54   48   45   37   28   25   29
   93   79   72   69   58   54   48   45   37   28   25   29
   96   88   85   84   81   73   66   59   39   41   40   37
   96   88   85   84   81   73   66   59   39   41   40   37
   26   27   28   27   25   26   29   32   37   47   59   53
   26   27   28   27   25   26   29   32   37   47   59   53
   34   27   25   24   25   35   43   44   39   39   41   37
   34   27   25   24   25   35   43   44   39   39   41   37
   48   48   46   45   41   37   30   37   35   34   35   36
   48   48   46   45   41   37   30   37   35   34   35   36
   38   39   45   49   52   52   43   34   26    1    1    1
   38   39   45   49   52   52   43   34   26    1    1    1
   37   35   34   34   33   28   28   42   44   51   57   30
   37   35   34   34   33   28   28   42   44   51   57   30
    1    1    1    1    1    1   27    1    1    1    1    1
    1    1    1    1    1    1   27    1    1    1    1    1
   26   23   21   25   26   23   24   40   54   54   55   49
   26   23   21   25   26   23   24   40   54   54   55   49
    1    1    1    1    1    1    1    1    1    1    1    1
    1    1    1    1    1    1    1    1    1    1    1    1
   58   62   64   58   60   60   62   67   73   80   75   55
   58   62   64   58   60   60   62   67   73   80   75   55
    1    1   26   31   33   37   46   36   36   29   30   32
    1    1   26   31   33   37   46   36   36   29   30   32
   56   49   41   30   27   29   23   20    1    1    1    1
   56   49   41   30   27   29   23   20    1    1    1    1
   29   26   42   43   45   48   43   38   37   31   32   36
   29   26   42   43   45   48   43   38   37   31   32   36

     -----     -----     -----     -----     -----
  NOTE: data in (12 months) by (4 lat-zones) by (10 years)
        to get actual values of optical depth use a factor of 1.e-4
