1850-1859 MONTHLY VOLCANIC FORCING IN 45-DEGREE-LAT BANDS FROM N TO S
   43   41   39   38   36   35   33   33   32   31   30   29
   43   41   39   38   36   35   33   33   32   31   30   29
   43   41   39   38   36   35   33   33   32   31   30   29
   43   41   39   38   36   35   33   33   32   31   30   29
   29   28   27   26   25   25   24   23   22   21   20   19
   29   28   27   26   25   25   24   23   22   21   20   19
   29   28   27   26   25   25   24   23   22   21   20   19
   29   28   27   26   25   25   24   23   22   21   20   19
   18   17   17   16   15   14   13   12   10    9    8    7
   18   17   17   16   15   14   13   12   10    9    8    7
   18   17   17   16   15   14   13   12   10    9    8    7
   18   17   17   16   15   14   13   12   10    9    8    7
    5    4    3    2    1    1    1    1    1    1    1    1
    5    4    3    2    1    1    1    1    1    1    1    1
    5    4    3    2    1    1    1    1    1    1    1    1
    5    4    3    2    1    1    1    1    1    1    1    1
    1    1    1    1    1    1    1    1    1    1    1    1
    1    1    1    1    1    1    1    1    1    1    1    1
    1    1    1    1    1    1    1    1    1    1    1    1
    1    1    1    1    1    1    1    1    1    1    1    1
    1    1    1    1    1    1    1    1    1   28   74  121
    1    1    1    1    1    1    1    1    1   28   74  121
    1    1    1    1    1    1    1    1    1   28   74  121
    1    1    1    1    1    1    1    1    1   28   74  121
  167  213  259  305  351  398  432  455  478  500  523  546
  167  213  259  305  351  398  432  455  478  500  523  546
  167  213  259  305  351  398  432  455  478  500  523  546
  167  213  259  305  351  398  432  455  478  500  523  546
  569  592  614  637  660  683  674  635  595  556  516  477
  569  592  614  637  660  683  674  635  595  556  516  477
  569  592  614  637  660  683  674  635  595  556  516  477
  569  592  614  637  660  683  674  635  595  556  516  477
  437  398  358  319  279  240  215  206  196  186  177  167
  437  398  358  319  279  240  215  206  196  186  177  167
  437  398  358  319  279  240  215  206  196  186  177  167
  437  398  358  319  279  240  215  206  196  186  177  167
  158  148  138  129  119  109  102   96   90   85   79   73
  158  148  138  129  119  109  102   96   90   85   79   73
  158  148  138  129  119  109  102   96   90   85   79   73
  158  148  138  129  119  109  102   96   90   85   79   73

     -----     -----     -----     -----     -----
  NOTE: data in (12 months) by (4 lat-zones) by (10 years)
        to get actual values of optical depth use a factor of 1.e-4

