1970-1979 MONTHLY VOLCANIC FORCING IN 45-DEGREE-LAT BANDS FROM N TO S
  291  273  254  236  217  199  180  161  143  124  106   87
  291  273  254  236  217  199  180  161  143  124  106   87
  291  273  254  236  217  199  180  161  143  124  106   87
  291  273  254  236  217  199  180  161  143  124  106   87
   69   50   42   33   25   17    8    1    2    4    6    8
   69   50   42   33   25   17    8    1    2    4    6    8
   69   50   42   33   25   17    8    1    2    4    6    8
   69   50   42   33   25   17    8    1    2    4    6    8
   10   14   18   21   25   29   33   37   41   44   48   52
   10   14   18   21   25   29   33   37   41   44   48   52
   10   14   18   21   25   29   33   37   41   44   48   52
   10   14   18   21   25   29   33   37   41   44   48   52
   56   60   64   67   71   75   79   83   86   90   94   98
   56   60   64   67   71   75   79   83   86   90   94   98
   56   60   64   67   71   75   79   83   86   90   94   98
   56   60   64   67   71   75   79   83   86   90   94   98
  102  106  109  113  117  121  125  129  132  136  140  183
  102  106  109  113  117  121  125  129  132  136  140  183
  102  106  109  113  117  121  125  129  132  136  140  183
  102  106  109  113  117  121  125  129  132  136  140  183
  227  270  313  357  400  337  273  210  147   83   20   20
  227  270  313  357  400  337  273  210  147   83   20   20
  227  270  313  357  400  337  273  210  147   83   20   20
  227  270  313  357  400  337  273  210  147   83   20   20
   19   19   19   18   18   18   17   17   16   16   16   15
   19   19   19   18   18   18   17   17   16   16   16   15
   19   19   19   18   18   18   17   17   16   16   16   15
   19   19   19   18   18   18   17   17   16   16   16   15
   15   15   14   14   14   13   13   13   12   12   11   11
   15   15   14   14   14   13   13   13   12   12   11   11
   15   15   14   14   14   13   13   13   12   12   11   11
   15   15   14   14   14   13   13   13   12   12   11   11
   11   10   10   28   47   65   83  102  120  122  123  125
   11   10   10   28   47   65   83  102  120  122  123  125
   11   10   10   28   47   65   83  102  120  122  123  125
   11   10   10   28   47   65   83  102  120  122  123  125
  127  128   27   25   25   23   22   22   23   24   25   30
  127  128   27   25   25   23   22   22   23   24   25   30
  127  128   22   23   24   24   26   27   29   26   25   25
  127  128   22   23   24   24   26   27   29   26   25   25

     -----     -----     -----     -----     -----
  NOTE: data in (12 months) by (4 lat-zones) by (10 years)
        to get actual values of optical depth use a factor of 1.e-4

