1969 MONTHLY CO2 (PPMV)   24  12  LON/LAT (N-S/0-360E) IN 15 DEGREE RESOLUTION,  GLB ANNUAL MEAN = 323.84,  GROWTH RATE = 1.43,  MISS DATA = -99.99
 324.95 324.95 324.95 324.95 324.95 324.95 324.95 324.95 324.95 324.95 324.95 324.95 324.95 324.95 324.95 324.95 324.95 324.95 324.95 324.95 324.95 324.95 324.95 324.95
 325.72 325.72 325.72 325.72 325.72 325.72 324.72 324.00 324.00 324.00 324.00 324.00 324.00 324.00 324.26 324.53 324.53 324.53 325.06 325.72 325.72 325.72 325.72 325.72
 325.72 325.72 325.72 325.72 325.72 325.72 324.44 324.00 324.00 324.00 324.00 324.00 324.00 324.00 324.24 324.53 324.53 324.53 324.93 325.72 325.72 325.72 325.72 325.72
 325.72 325.72 325.72 325.72 324.60 322.37 323.59 324.00 324.00 324.00 324.00 324.00 324.00 324.00 324.18 324.53 324.53 324.53 324.53 325.32 325.72 325.72 325.72 325.72
 325.72 325.72 324.60 322.37 322.37 322.37 323.19 324.00 324.00 324.00 324.00 324.00 324.00 324.00 324.00 324.35 324.53 324.53 324.53 325.19 325.72 325.72 325.72 325.72
 324.60 322.37 322.37 322.37 322.37 322.37 322.37 322.37 323.46 324.00 324.00 324.00 324.00 324.00 324.00 324.29 324.53 324.53 324.53 325.15 325.72 325.72 325.72 325.72
 322.37 322.37 322.37 322.37 322.37 322.37 322.37 322.37 322.37 322.37 323.46 324.00 324.00 324.00 324.00 324.27 324.53 324.53 323.81 322.37 324.60 325.72 324.60 322.37
 322.37 322.37 322.37 322.37 322.37 322.37 322.37 322.37 322.37 322.37 322.37 322.37 323.46 324.00 323.46 322.37 323.45 322.37 322.37 322.37 322.37 322.37 322.37 322.37
 322.37 322.37 322.37 322.37 322.37 322.37 322.37 322.37 322.37 322.37 322.37 322.37 322.37 322.37 322.37 322.37 322.37 322.37 322.37 322.37 322.37 322.37 322.37 322.37
 322.37 322.37 322.37 322.37 322.37 322.37 322.37 322.37 322.37 322.37 322.37 322.37 322.37 322.37 322.37 322.37 322.37 322.37 322.37 322.37 322.37 322.37 322.37 322.37
 322.37 322.37 322.37 322.37 322.37 322.37 322.37 322.37 322.37 322.37 322.37 322.37 322.37 322.37 322.37 322.37 322.37 322.37 322.37 322.37 322.37 322.37 322.37 322.37
 322.37 322.37 322.37 322.37 322.37 322.37 322.37 322.37 322.37 322.37 322.37 322.37 322.37 322.37 322.37 322.37 322.37 322.37 322.37 322.37 322.37 322.37 322.37 322.37
 325.72 325.72 325.72 325.72 325.72 325.72 325.72 325.72 325.72 325.72 325.72 325.72 325.72 325.72 325.72 325.72 325.72 325.72 325.72 325.72 325.72 325.72 325.72 325.72
 326.48 326.48 326.48 326.48 326.48 326.48 325.34 324.42 324.42 324.42 324.42 324.42 324.42 324.42 325.20 326.04 326.04 326.04 326.24 326.48 326.48 326.48 326.48 326.48
 326.48 326.48 326.48 326.48 326.48 326.48 325.11 324.42 324.42 324.42 324.42 324.42 324.42 324.42 325.14 326.04 326.04 326.04 326.19 326.48 326.48 326.48 326.48 326.48
 326.48 326.48 326.48 326.48 326.48 325.45 324.42 324.42 324.42 324.42 324.42 324.42 324.42 324.42 324.96 326.04 326.04 326.04 326.04 326.33 326.48 326.48 326.48 326.48
 326.48 326.48 326.48 326.48 325.79 324.42 324.42 324.42 324.42 324.42 324.42 324.42 324.42 324.42 324.42 325.50 326.04 326.04 326.04 326.28 326.48 326.48 326.48 326.48
 326.48 326.48 326.48 326.48 325.56 324.42 324.42 324.42 324.42 324.42 324.42 324.42 324.42 324.42 324.42 325.32 326.04 326.04 326.04 326.27 326.48 326.48 326.48 326.48
 326.48 326.48 326.48 326.48 325.49 324.42 324.42 324.42 324.42 324.42 324.42 324.42 324.42 324.42 324.42 325.26 326.04 326.04 326.04 326.26 326.48 326.48 326.48 326.48
 326.48 326.48 326.48 326.48 325.46 324.42 324.42 324.42 324.42 324.42 324.42 324.42 324.42 324.42 324.42 325.24 326.04 326.04 326.04 326.26 326.48 326.48 326.48 326.48
 326.48 326.48 326.48 326.48 325.45 324.42 324.42 324.42 324.42 324.42 324.42 324.42 324.42 324.42 324.42 325.23 326.04 326.04 326.04 326.26 326.48 326.48 326.48 326.48
 326.48 326.48 326.48 326.48 325.45 324.42 324.42 324.42 324.42 324.42 324.42 324.42 324.42 324.42 324.42 325.23 326.04 326.04 326.04 326.26 326.48 326.48 326.48 326.48
 326.48 326.48 326.48 326.48 325.45 324.42 324.42 324.42 324.42 324.42 324.42 324.42 324.42 324.42 324.42 325.23 326.04 326.04 326.04 326.26 326.48 326.48 326.48 326.48
 325.46 325.46 325.46 325.46 325.46 325.46 325.46 325.46 325.46 325.46 325.46 325.46 325.46 325.46 325.46 325.46 325.46 325.46 325.46 325.46 325.46 325.46 325.46 325.46
 326.55 326.55 326.55 326.55 326.55 326.55 326.55 326.55 326.55 326.55 326.55 326.55 326.55 326.55 326.55 326.55 326.55 326.55 326.55 326.55 326.55 326.55 326.55 326.55
 326.97 326.97 326.97 326.97 326.97 326.97 326.14 325.64 325.64 325.64 325.64 325.64 325.64 325.64 326.34 327.10 327.10 327.10 327.04 326.97 326.97 326.97 326.97 326.97
 326.97 326.97 326.97 326.97 326.97 326.97 325.80 325.64 325.64 325.64 325.64 325.64 325.64 325.64 326.29 327.10 327.10 327.10 327.06 326.97 326.97 326.97 326.97 326.97
 326.97 326.97 326.97 326.97 325.40 322.27 324.80 325.64 325.64 325.64 325.64 325.64 325.64 325.64 326.13 327.10 327.10 327.10 327.10 327.01 326.97 326.97 326.97 326.97
 326.97 326.97 325.40 322.27 322.27 322.27 323.95 325.64 325.64 325.64 325.64 325.64 325.64 325.64 325.64 326.61 327.10 327.10 327.10 327.03 326.97 326.97 326.97 326.97
 325.40 322.27 322.27 322.27 322.27 322.27 322.27 322.27 324.52 325.64 325.64 325.64 325.64 325.64 325.64 326.45 327.10 327.10 327.10 327.03 326.97 326.97 326.97 326.97
 322.27 322.27 322.27 322.27 322.27 322.27 322.27 322.27 322.27 322.27 324.52 325.64 325.64 325.64 325.64 326.40 327.10 327.10 325.49 322.27 325.40 326.97 325.40 322.27
 322.27 322.27 322.27 322.27 322.27 322.27 322.27 322.27 322.27 322.27 322.27 322.27 324.52 325.64 324.52 322.27 324.69 322.27 322.27 322.27 322.27 322.27 322.27 322.27
 322.27 322.27 322.27 322.27 322.27 322.27 322.27 322.27 322.27 322.27 322.27 322.27 322.27 322.27 322.27 322.27 322.27 322.27 322.27 322.27 322.27 322.27 322.27 322.27
 322.27 322.27 322.27 322.27 322.27 322.27 322.27 322.27 322.27 322.27 322.27 322.27 322.27 322.27 322.27 322.27 322.27 322.27 322.27 322.27 322.27 322.27 322.27 322.27
 322.27 322.27 322.27 322.27 322.27 322.27 322.27 322.27 322.27 322.27 322.27 322.27 322.27 322.27 322.27 322.27 322.27 322.27 322.27 322.27 322.27 322.27 322.27 322.27
 322.27 322.27 322.27 322.27 322.27 322.27 322.27 322.27 322.27 322.27 322.27 322.27 322.27 322.27 322.27 322.27 322.27 322.27 322.27 322.27 322.27 322.27 322.27 322.27
 327.49 327.49 327.49 327.49 327.49 327.49 327.49 327.49 327.49 327.49 327.49 327.49 327.49 327.49 327.49 327.49 327.49 327.49 327.49 327.49 327.49 327.49 327.49 327.49
 327.88 327.88 327.88 327.88 327.88 327.88 327.08 326.66 326.66 326.66 326.66 326.66 326.66 326.66 327.30 327.99 327.99 327.99 327.94 327.88 327.88 327.88 327.88 327.88
 327.88 327.88 327.88 327.88 327.88 327.88 326.70 326.66 326.66 326.66 326.66 326.66 326.66 326.66 327.25 327.99 327.99 327.99 327.95 327.88 327.88 327.88 327.88 327.88
 327.88 327.88 327.88 327.88 326.02 322.30 325.57 326.66 326.66 326.66 326.66 326.66 326.66 326.66 327.10 327.99 327.99 327.99 327.99 327.92 327.88 327.88 327.88 327.88
 327.88 327.88 326.02 322.30 322.30 322.30 324.48 326.66 326.66 326.66 326.66 326.66 326.66 326.66 326.66 327.54 327.99 327.99 327.99 327.93 327.88 327.88 327.88 327.88
 326.02 322.30 322.30 322.30 322.30 322.30 322.30 322.30 325.21 326.66 326.66 326.66 326.66 326.66 326.66 327.40 327.99 327.99 327.99 327.93 327.88 327.88 327.88 327.88
 322.30 322.30 322.30 322.30 322.30 322.30 322.30 322.30 322.30 322.30 325.21 326.66 326.66 326.66 326.66 327.35 327.99 327.99 326.09 322.30 326.02 327.88 326.02 322.30
 322.30 322.30 322.30 322.30 322.30 322.30 322.30 322.30 322.30 322.30 322.30 322.30 325.21 326.66 325.21 322.30 325.14 322.30 322.30 322.30 322.30 322.30 322.30 322.30
 322.30 322.30 322.30 322.30 322.30 322.30 322.30 322.30 322.30 322.30 322.30 322.30 322.30 322.30 322.30 322.30 322.30 322.30 322.30 322.30 322.30 322.30 322.30 322.30
 322.30 322.30 322.30 322.30 322.30 322.30 322.30 322.30 322.30 322.30 322.30 322.30 322.30 322.30 322.30 322.30 322.30 322.30 322.30 322.30 322.30 322.30 322.30 322.30
 322.30 322.30 322.30 322.30 322.30 322.30 322.30 322.30 322.30 322.30 322.30 322.30 322.30 322.30 322.30 322.30 322.30 322.30 322.30 322.30 322.30 322.30 322.30 322.30
 322.30 322.30 322.30 322.30 322.30 322.30 322.30 322.30 322.30 322.30 322.30 322.30 322.30 322.30 322.30 322.30 322.30 322.30 322.30 322.30 322.30 322.30 322.30 322.30
 327.58 327.58 327.58 327.58 327.58 327.58 327.58 327.58 327.58 327.58 327.58 327.58 327.58 327.58 327.58 327.58 327.58 327.58 327.58 327.58 327.58 327.58 327.58 327.58
 327.86 327.86 327.86 327.86 327.86 327.86 327.46 327.38 327.38 327.38 327.38 327.38 327.38 327.38 327.28 327.18 327.18 327.18 327.48 327.86 327.86 327.86 327.86 327.86
 327.86 327.86 327.86 327.86 327.86 327.86 327.14 327.38 327.38 327.38 327.38 327.38 327.38 327.38 327.29 327.18 327.18 327.18 327.41 327.86 327.86 327.86 327.86 327.86
 327.86 327.86 327.86 327.86 326.10 322.58 326.18 327.38 327.38 327.38 327.38 327.38 327.38 327.38 327.31 327.18 327.18 327.18 327.18 327.63 327.86 327.86 327.86 327.86
 327.86 327.86 326.10 322.58 322.58 322.58 324.98 327.38 327.38 327.38 327.38 327.38 327.38 327.38 327.38 327.25 327.18 327.18 327.18 327.56 327.86 327.86 327.86 327.86
 326.10 322.58 322.58 322.58 322.58 322.58 322.58 322.58 325.78 327.38 327.38 327.38 327.38 327.38 327.38 327.27 327.18 327.18 327.18 327.53 327.86 327.86 327.86 327.86
 322.58 322.58 322.58 322.58 322.58 322.58 322.58 322.58 322.58 322.58 325.78 327.38 327.38 327.38 327.38 327.28 327.18 327.18 325.65 322.58 326.10 327.86 326.10 322.58
 322.58 322.58 322.58 322.58 322.58 322.58 322.58 322.58 322.58 322.58 322.58 322.58 325.78 327.38 325.78 322.58 324.88 322.58 322.58 322.58 322.58 322.58 322.58 322.58
 322.58 322.58 322.58 322.58 322.58 322.58 322.58 322.58 322.58 322.58 322.58 322.58 322.58 322.58 322.58 322.58 322.58 322.58 322.58 322.58 322.58 322.58 322.58 322.58
 322.58 322.58 322.58 322.58 322.58 322.58 322.58 322.58 322.58 322.58 322.58 322.58 322.58 322.58 322.58 322.58 322.58 322.58 322.58 322.58 322.58 322.58 322.58 322.58
 322.58 322.58 322.58 322.58 322.58 322.58 322.58 322.58 322.58 322.58 322.58 322.58 322.58 322.58 322.58 322.58 322.58 322.58 322.58 322.58 322.58 322.58 322.58 322.58
 322.58 322.58 322.58 322.58 322.58 322.58 322.58 322.58 322.58 322.58 322.58 322.58 322.58 322.58 322.58 322.58 322.58 322.58 322.58 322.58 322.58 322.58 322.58 322.58
 325.53 325.53 325.53 325.53 325.53 325.53 325.53 325.53 325.53 325.53 325.53 325.53 325.53 325.53 325.53 325.53 325.53 325.53 325.53 325.53 325.53 325.53 325.53 325.53
 324.69 324.69 324.69 324.69 324.69 324.69 325.70 326.70 326.70 326.70 326.70 326.70 326.70 326.70 326.22 325.70 325.70 325.70 325.25 324.69 324.69 324.69 324.69 324.69
 324.69 324.69 324.69 324.69 324.69 324.69 325.70 326.70 326.70 326.70 326.70 326.70 326.70 326.70 326.25 325.70 325.70 325.70 325.36 324.69 324.69 324.69 324.69 324.69
 324.69 324.69 324.69 324.69 324.06 322.79 325.72 326.70 326.70 326.70 326.70 326.70 326.70 326.70 326.37 325.70 325.70 325.70 325.70 325.02 324.69 324.69 324.69 324.69
 324.69 324.69 324.06 322.79 322.79 322.79 324.75 326.70 326.70 326.70 326.70 326.70 326.70 326.70 326.70 326.03 325.70 325.70 325.70 325.14 324.69 324.69 324.69 324.69
 324.06 322.79 322.79 322.79 322.79 322.79 322.79 322.79 325.40 326.70 326.70 326.70 326.70 326.70 326.70 326.14 325.70 325.70 325.70 325.17 324.69 324.69 324.69 324.69
 322.79 322.79 322.79 322.79 322.79 322.79 322.79 322.79 322.79 322.79 325.40 326.70 326.70 326.70 326.70 326.18 325.70 325.70 324.73 322.79 324.06 324.69 324.06 322.79
 322.79 322.79 322.79 322.79 322.79 322.79 322.79 322.79 322.79 322.79 322.79 322.79 325.40 326.70 325.40 322.79 324.24 322.79 322.79 322.79 322.79 322.79 322.79 322.79
 322.79 322.79 322.79 322.79 322.79 322.79 322.79 322.79 322.79 322.79 322.79 322.79 322.79 322.79 322.79 322.79 322.79 322.79 322.79 322.79 322.79 322.79 322.79 322.79
 322.79 322.79 322.79 322.79 322.79 322.79 322.79 322.79 322.79 322.79 322.79 322.79 322.79 322.79 322.79 322.79 322.79 322.79 322.79 322.79 322.79 322.79 322.79 322.79
 322.79 322.79 322.79 322.79 322.79 322.79 322.79 322.79 322.79 322.79 322.79 322.79 322.79 322.79 322.79 322.79 322.79 322.79 322.79 322.79 322.79 322.79 322.79 322.79
 322.79 322.79 322.79 322.79 322.79 322.79 322.79 322.79 322.79 322.79 322.79 322.79 322.79 322.79 322.79 322.79 322.79 322.79 322.79 322.79 322.79 322.79 322.79 322.79
 322.58 322.58 322.58 322.58 322.58 322.58 322.58 322.58 322.58 322.58 322.58 322.58 322.58 322.58 322.58 322.58 322.58 322.58 322.58 322.58 322.58 322.58 322.58 322.58
 320.84 320.84 320.84 320.84 320.84 320.84 323.57 325.89 325.89 325.89 325.89 325.89 325.89 325.89 323.62 321.18 321.18 321.18 321.03 320.84 320.84 320.84 320.84 320.84
 320.84 320.84 320.84 320.84 320.84 320.84 323.99 325.89 325.89 325.89 325.89 325.89 325.89 325.89 323.80 321.18 321.18 321.18 321.07 320.84 320.84 320.84 320.84 320.84
 320.84 320.84 320.84 320.84 321.64 323.24 325.23 325.89 325.89 325.89 325.89 325.89 325.89 325.89 324.32 321.18 321.18 321.18 321.18 320.95 320.84 320.84 320.84 320.84
 320.84 320.84 321.64 323.24 323.24 323.24 324.56 325.89 325.89 325.89 325.89 325.89 325.89 325.89 325.89 322.75 321.18 321.18 321.18 320.99 320.84 320.84 320.84 320.84
 321.64 323.24 323.24 323.24 323.24 323.24 323.24 323.24 325.01 325.89 325.89 325.89 325.89 325.89 325.89 323.27 321.18 321.18 321.18 321.00 320.84 320.84 320.84 320.84
 323.24 323.24 323.24 323.24 323.24 323.24 323.24 323.24 323.24 323.24 325.01 325.89 325.89 325.89 325.89 323.45 321.18 321.18 321.87 323.24 321.64 320.84 321.64 323.24
 323.24 323.24 323.24 323.24 323.24 323.24 323.24 323.24 323.24 323.24 323.24 323.24 325.01 325.89 325.01 323.24 322.21 323.24 323.24 323.24 323.24 323.24 323.24 323.24
 323.24 323.24 323.24 323.24 323.24 323.24 323.24 323.24 323.24 323.24 323.24 323.24 323.24 323.24 323.24 323.24 323.24 323.24 323.24 323.24 323.24 323.24 323.24 323.24
 323.24 323.24 323.24 323.24 323.24 323.24 323.24 323.24 323.24 323.24 323.24 323.24 323.24 323.24 323.24 323.24 323.24 323.24 323.24 323.24 323.24 323.24 323.24 323.24
 323.24 323.24 323.24 323.24 323.24 323.24 323.24 323.24 323.24 323.24 323.24 323.24 323.24 323.24 323.24 323.24 323.24 323.24 323.24 323.24 323.24 323.24 323.24 323.24
 323.24 323.24 323.24 323.24 323.24 323.24 323.24 323.24 323.24 323.24 323.24 323.24 323.24 323.24 323.24 323.24 323.24 323.24 323.24 323.24 323.24 323.24 323.24 323.24
 319.88 319.88 319.88 319.88 319.88 319.88 319.88 319.88 319.88 319.88 319.88 319.88 319.88 319.88 319.88 319.88 319.88 319.88 319.88 319.88 319.88 319.88 319.88 319.88
 318.06 318.06 318.06 318.06 318.06 318.06 320.98 323.30 323.30 323.30 323.30 323.30 323.30 323.30 320.98 318.49 318.49 318.49 318.30 318.06 318.06 318.06 318.06 318.06
 318.06 318.06 318.06 318.06 318.06 318.06 321.58 323.30 323.30 323.30 323.30 323.30 323.30 323.30 321.16 318.49 318.49 318.49 318.35 318.06 318.06 318.06 318.06 318.06
 318.06 318.06 318.06 318.06 319.91 323.60 323.37 323.30 323.30 323.30 323.30 323.30 323.30 323.30 321.69 318.49 318.49 318.49 318.49 318.20 318.06 318.06 318.06 318.06
 318.06 318.06 319.91 323.60 323.60 323.60 323.45 323.30 323.30 323.30 323.30 323.30 323.30 323.30 323.30 320.09 318.49 318.49 318.49 318.25 318.06 318.06 318.06 318.06
 319.91 323.60 323.60 323.60 323.60 323.60 323.60 323.60 323.40 323.30 323.30 323.30 323.30 323.30 323.30 320.63 318.49 318.49 318.49 318.27 318.06 318.06 318.06 318.06
 323.60 323.60 323.60 323.60 323.60 323.60 323.60 323.60 323.60 323.60 323.40 323.30 323.30 323.30 323.30 320.80 318.49 318.49 320.19 323.60 319.91 318.06 319.91 323.60
 323.60 323.60 323.60 323.60 323.60 323.60 323.60 323.60 323.60 323.60 323.60 323.60 323.40 323.30 323.40 323.60 321.05 323.60 323.60 323.60 323.60 323.60 323.60 323.60
 323.60 323.60 323.60 323.60 323.60 323.60 323.60 323.60 323.60 323.60 323.60 323.60 323.60 323.60 323.60 323.60 323.60 323.60 323.60 323.60 323.60 323.60 323.60 323.60
 323.60 323.60 323.60 323.60 323.60 323.60 323.60 323.60 323.60 323.60 323.60 323.60 323.60 323.60 323.60 323.60 323.60 323.60 323.60 323.60 323.60 323.60 323.60 323.60
 323.60 323.60 323.60 323.60 323.60 323.60 323.60 323.60 323.60 323.60 323.60 323.60 323.60 323.60 323.60 323.60 323.60 323.60 323.60 323.60 323.60 323.60 323.60 323.60
 323.60 323.60 323.60 323.60 323.60 323.60 323.60 323.60 323.60 323.60 323.60 323.60 323.60 323.60 323.60 323.60 323.60 323.60 323.60 323.60 323.60 323.60 323.60 323.60
 319.72 319.72 319.72 319.72 319.72 319.72 319.72 319.72 319.72 319.72 319.72 319.72 319.72 319.72 319.72 319.72 319.72 319.72 319.72 319.72 319.72 319.72 319.72 319.72
 318.37 318.37 318.37 318.37 318.37 318.37 320.38 321.88 321.88 321.88 321.88 321.88 321.88 321.88 320.70 319.43 319.43 319.43 318.96 318.37 318.37 318.37 318.37 318.37
 318.37 318.37 318.37 318.37 318.37 318.37 320.89 321.88 321.88 321.88 321.88 321.88 321.88 321.88 320.79 319.43 319.43 319.43 319.08 318.37 318.37 318.37 318.37 318.37
 318.37 318.37 318.37 318.37 320.29 324.13 322.44 321.88 321.88 321.88 321.88 321.88 321.88 321.88 321.06 319.43 319.43 319.43 319.43 318.72 318.37 318.37 318.37 318.37
 318.37 318.37 320.29 324.13 324.13 324.13 323.00 321.88 321.88 321.88 321.88 321.88 321.88 321.88 321.88 320.25 319.43 319.43 319.43 318.84 318.37 318.37 318.37 318.37
 320.29 324.13 324.13 324.13 324.13 324.13 324.13 324.13 322.63 321.88 321.88 321.88 321.88 321.88 321.88 320.52 319.43 319.43 319.43 318.88 318.37 318.37 318.37 318.37
 324.13 324.13 324.13 324.13 324.13 324.13 324.13 324.13 324.13 324.13 322.63 321.88 321.88 321.88 321.88 320.61 319.43 319.43 321.00 324.13 320.29 318.37 320.29 324.13
 324.13 324.13 324.13 324.13 324.13 324.13 324.13 324.13 324.13 324.13 324.13 324.13 322.63 321.88 322.63 324.13 321.78 324.13 324.13 324.13 324.13 324.13 324.13 324.13
 324.13 324.13 324.13 324.13 324.13 324.13 324.13 324.13 324.13 324.13 324.13 324.13 324.13 324.13 324.13 324.13 324.13 324.13 324.13 324.13 324.13 324.13 324.13 324.13
 324.13 324.13 324.13 324.13 324.13 324.13 324.13 324.13 324.13 324.13 324.13 324.13 324.13 324.13 324.13 324.13 324.13 324.13 324.13 324.13 324.13 324.13 324.13 324.13
 324.13 324.13 324.13 324.13 324.13 324.13 324.13 324.13 324.13 324.13 324.13 324.13 324.13 324.13 324.13 324.13 324.13 324.13 324.13 324.13 324.13 324.13 324.13 324.13
 324.13 324.13 324.13 324.13 324.13 324.13 324.13 324.13 324.13 324.13 324.13 324.13 324.13 324.13 324.13 324.13 324.13 324.13 324.13 324.13 324.13 324.13 324.13 324.13
 321.51 321.51 321.51 321.51 321.51 321.51 321.51 321.51 321.51 321.51 321.51 321.51 321.51 321.51 321.51 321.51 321.51 321.51 321.51 321.51 321.51 321.51 321.51 321.51
 321.06 321.06 321.06 321.06 321.06 321.06 321.24 321.24 321.24 321.24 321.24 321.24 321.24 321.24 322.29 323.41 323.41 323.41 322.37 321.06 321.06 321.06 321.06 321.06
 321.06 321.06 321.06 321.06 321.06 321.06 321.41 321.24 321.24 321.24 321.24 321.24 321.24 321.24 322.21 323.41 323.41 323.41 322.63 321.06 321.06 321.06 321.06 321.06
 321.06 321.06 321.06 321.06 322.02 323.95 321.92 321.24 321.24 321.24 321.24 321.24 321.24 321.24 321.96 323.41 323.41 323.41 323.41 321.84 321.06 321.06 321.06 321.06
 321.06 321.06 322.02 323.95 323.95 323.95 322.60 321.24 321.24 321.24 321.24 321.24 321.24 321.24 321.24 322.69 323.41 323.41 323.41 322.11 321.06 321.06 321.06 321.06
 322.02 323.95 323.95 323.95 323.95 323.95 323.95 323.95 322.14 321.24 321.24 321.24 321.24 321.24 321.24 322.45 323.41 323.41 323.41 322.19 321.06 321.06 321.06 321.06
 323.95 323.95 323.95 323.95 323.95 323.95 323.95 323.95 323.95 323.95 322.14 321.24 321.24 321.24 321.24 322.37 323.41 323.41 323.59 323.95 322.02 321.06 322.02 323.95
 323.95 323.95 323.95 323.95 323.95 323.95 323.95 323.95 323.95 323.95 323.95 323.95 322.14 321.24 322.14 323.95 323.68 323.95 323.95 323.95 323.95 323.95 323.95 323.95
 323.95 323.95 323.95 323.95 323.95 323.95 323.95 323.95 323.95 323.95 323.95 323.95 323.95 323.95 323.95 323.95 323.95 323.95 323.95 323.95 323.95 323.95 323.95 323.95
 323.95 323.95 323.95 323.95 323.95 323.95 323.95 323.95 323.95 323.95 323.95 323.95 323.95 323.95 323.95 323.95 323.95 323.95 323.95 323.95 323.95 323.95 323.95 323.95
 323.95 323.95 323.95 323.95 323.95 323.95 323.95 323.95 323.95 323.95 323.95 323.95 323.95 323.95 323.95 323.95 323.95 323.95 323.95 323.95 323.95 323.95 323.95 323.95
 323.95 323.95 323.95 323.95 323.95 323.95 323.95 323.95 323.95 323.95 323.95 323.95 323.95 323.95 323.95 323.95 323.95 323.95 323.95 323.95 323.95 323.95 323.95 323.95
 323.27 323.27 323.27 323.27 323.27 323.27 323.27 323.27 323.27 323.27 323.27 323.27 323.27 323.27 323.27 323.27 323.27 323.27 323.27 323.27 323.27 323.27 323.27 323.27
 323.64 323.64 323.64 323.64 323.64 323.64 323.00 322.40 322.40 322.40 322.40 322.40 322.40 322.40 323.11 323.87 323.87 323.87 323.77 323.64 323.64 323.64 323.64 323.64
 323.64 323.64 323.64 323.64 323.64 323.64 322.95 322.40 322.40 322.40 322.40 322.40 322.40 322.40 323.06 323.87 323.87 323.87 323.79 323.64 323.64 323.64 323.64 323.64
 323.64 323.64 323.64 323.64 323.75 323.97 322.80 322.40 322.40 322.40 322.40 322.40 322.40 322.40 322.89 323.87 323.87 323.87 323.87 323.72 323.64 323.64 323.64 323.64
 323.64 323.64 323.75 323.97 323.97 323.97 323.19 322.40 322.40 322.40 322.40 322.40 322.40 322.40 322.40 323.38 323.87 323.87 323.87 323.74 323.64 323.64 323.64 323.64
 323.75 323.97 323.97 323.97 323.97 323.97 323.97 323.97 322.93 322.40 322.40 322.40 322.40 322.40 322.40 323.22 323.87 323.87 323.87 323.75 323.64 323.64 323.64 323.64
 323.97 323.97 323.97 323.97 323.97 323.97 323.97 323.97 323.97 323.97 322.93 322.40 322.40 322.40 322.40 323.16 323.87 323.87 323.90 323.97 323.75 323.64 323.75 323.97
 323.97 323.97 323.97 323.97 323.97 323.97 323.97 323.97 323.97 323.97 323.97 323.97 322.93 322.40 322.93 323.97 323.92 323.97 323.97 323.97 323.97 323.97 323.97 323.97
 323.97 323.97 323.97 323.97 323.97 323.97 323.97 323.97 323.97 323.97 323.97 323.97 323.97 323.97 323.97 323.97 323.97 323.97 323.97 323.97 323.97 323.97 323.97 323.97
 323.97 323.97 323.97 323.97 323.97 323.97 323.97 323.97 323.97 323.97 323.97 323.97 323.97 323.97 323.97 323.97 323.97 323.97 323.97 323.97 323.97 323.97 323.97 323.97
 323.97 323.97 323.97 323.97 323.97 323.97 323.97 323.97 323.97 323.97 323.97 323.97 323.97 323.97 323.97 323.97 323.97 323.97 323.97 323.97 323.97 323.97 323.97 323.97
 323.97 323.97 323.97 323.97 323.97 323.97 323.97 323.97 323.97 323.97 323.97 323.97 323.97 323.97 323.97 323.97 323.97 323.97 323.97 323.97 323.97 323.97 323.97 323.97
 325.10 325.10 325.10 325.10 325.10 325.10 325.10 325.10 325.10 325.10 325.10 325.10 325.10 325.10 325.10 325.10 325.10 325.10 325.10 325.10 325.10 325.10 325.10 325.10
 325.78 325.78 325.78 325.78 325.78 325.78 324.76 323.94 323.94 323.94 323.94 323.94 323.94 323.94 324.65 325.42 325.42 325.42 325.58 325.78 325.78 325.78 325.78 325.78
 325.78 325.78 325.78 325.78 325.78 325.78 324.55 323.94 323.94 323.94 323.94 323.94 323.94 323.94 324.60 325.42 325.42 325.42 325.54 325.78 325.78 325.78 325.78 325.78
 325.78 325.78 325.78 325.78 325.78 324.86 323.94 323.94 323.94 323.94 323.94 323.94 323.94 323.94 324.43 325.42 325.42 325.42 325.42 325.66 325.78 325.78 325.78 325.78
 325.78 325.78 325.78 325.78 325.17 323.94 323.94 323.94 323.94 323.94 323.94 323.94 323.94 323.94 323.94 324.93 325.42 325.42 325.42 325.62 325.78 325.78 325.78 325.78
 325.78 325.78 325.78 325.78 324.96 323.94 323.94 323.94 323.94 323.94 323.94 323.94 323.94 323.94 323.94 324.76 325.42 325.42 325.42 325.61 325.78 325.78 325.78 325.78
 325.78 325.78 325.78 325.78 324.89 323.94 323.94 323.94 323.94 323.94 323.94 323.94 323.94 323.94 323.94 324.71 325.42 325.42 325.42 325.60 325.78 325.78 325.78 325.78
 325.78 325.78 325.78 325.78 324.87 323.94 323.94 323.94 323.94 323.94 323.94 323.94 323.94 323.94 323.94 324.69 325.42 325.42 325.42 325.60 325.78 325.78 325.78 325.78
 325.78 325.78 325.78 325.78 324.86 323.94 323.94 323.94 323.94 323.94 323.94 323.94 323.94 323.94 323.94 324.68 325.42 325.42 325.42 325.60 325.78 325.78 325.78 325.78
 325.78 325.78 325.78 325.78 324.86 323.94 323.94 323.94 323.94 323.94 323.94 323.94 323.94 323.94 323.94 324.68 325.42 325.42 325.42 325.60 325.78 325.78 325.78 325.78
 325.78 325.78 325.78 325.78 324.86 323.94 323.94 323.94 323.94 323.94 323.94 323.94 323.94 323.94 323.94 324.68 325.42 325.42 325.42 325.60 325.78 325.78 325.78 325.78
 324.88 324.88 324.88 324.88 324.88 324.88 324.88 324.88 324.88 324.88 324.88 324.88 324.88 324.88 324.88 324.88 324.88 324.88 324.88 324.88 324.88 324.88 324.88 324.88
