1971 MONTHLY CO2 (PPMV)   24  12  LON/LAT (N-S/0-360E) IN 15 DEGREE RESOLUTION,  GLB ANNUAL MEAN = 325.60,  GROWTH RATE = 0.44,  MISS DATA = -99.99
 327.97 327.97 327.97 327.97 327.97 327.97 327.97 327.97 327.97 327.97 327.97 327.97 327.97 327.97 327.97 327.97 327.97 327.97 327.97 327.97 327.97 327.97 327.97 327.97
 328.97 328.97 328.97 328.97 328.97 328.97 327.38 326.17 326.17 326.17 326.17 326.17 326.17 326.17 327.33 328.59 328.59 328.59 328.76 328.97 328.97 328.97 328.97 328.97
 328.97 328.97 328.97 328.97 328.97 328.97 326.99 326.17 326.17 326.17 326.17 326.17 326.17 326.17 327.24 328.59 328.59 328.59 328.71 328.97 328.97 328.97 328.97 328.97
 328.97 328.97 328.97 328.97 327.58 324.80 325.83 326.17 326.17 326.17 326.17 326.17 326.17 326.17 326.98 328.59 328.59 328.59 328.59 328.84 328.97 328.97 328.97 328.97
 328.97 328.97 327.58 324.80 324.80 324.80 325.49 326.17 326.17 326.17 326.17 326.17 326.17 326.17 326.17 327.78 328.59 328.59 328.59 328.80 328.97 328.97 328.97 328.97
 327.58 324.80 324.80 324.80 324.80 324.80 324.80 324.80 325.50 325.52 325.57 325.72 326.17 326.17 326.17 327.51 328.59 328.59 328.59 328.78 328.97 328.97 328.97 328.97
 324.80 324.80 324.80 324.80 324.80 324.80 324.80 324.80 324.82 324.82 324.82 324.82 325.50 326.17 326.17 327.42 328.59 328.59 327.32 324.80 327.58 328.97 327.58 324.80
 324.80 324.80 324.80 324.80 324.80 324.80 324.80 324.80 324.81 324.82 324.82 324.82 324.82 325.27 325.42 324.80 326.69 324.80 324.80 324.80 324.80 324.80 324.80 324.80
 324.80 324.80 324.80 324.80 324.80 324.80 324.80 324.80 324.81 324.82 324.82 324.82 324.82 324.82 324.81 324.80 324.80 324.80 324.80 324.80 324.80 324.80 324.80 324.80
 324.80 324.80 324.80 324.80 324.80 324.80 324.80 324.80 324.80 324.80 324.81 324.82 324.81 324.80 324.80 324.80 324.80 324.80 324.80 324.80 324.80 324.80 324.80 324.80
 324.80 324.80 324.80 324.80 324.80 324.80 324.80 324.80 324.80 324.80 324.80 324.80 324.80 324.80 324.80 324.80 324.80 324.80 324.80 324.80 324.80 324.80 324.80 324.80
 324.80 324.80 324.80 324.80 324.80 324.80 324.80 324.80 324.80 324.80 324.80 324.80 324.80 324.80 324.80 324.80 324.80 324.80 324.80 324.80 324.80 324.80 324.80 324.80
 329.27 329.27 329.27 329.27 329.27 329.27 329.27 329.27 329.27 329.27 329.27 329.27 329.27 329.27 329.27 329.27 329.27 329.27 329.27 329.27 329.27 329.27 329.27 329.27
 331.13 331.13 331.13 331.13 331.13 331.13 328.60 326.68 326.68 326.68 326.68 326.68 326.68 326.68 327.75 328.90 328.90 328.90 329.89 331.13 331.13 331.13 331.13 331.13
 331.13 331.13 331.13 331.13 331.13 331.13 327.99 326.68 326.68 326.68 326.68 326.68 326.68 326.68 327.67 328.90 328.90 328.90 329.65 331.13 331.13 331.13 331.13 331.13
 331.13 331.13 331.13 331.13 328.96 324.61 326.16 326.68 326.68 326.68 326.68 326.68 326.68 326.68 327.42 328.90 328.90 328.90 328.90 330.39 331.13 331.13 331.13 331.13
 331.13 331.13 328.96 324.61 324.61 324.61 325.64 326.68 326.68 326.68 326.68 326.68 326.68 326.68 326.68 328.16 328.90 328.90 328.90 330.14 331.13 331.13 331.13 331.13
 328.96 324.61 324.61 324.61 324.61 324.61 324.61 324.61 325.70 325.73 325.80 326.02 326.68 326.68 326.68 327.92 328.90 328.90 328.90 330.06 331.13 331.13 331.13 331.13
 324.61 324.61 324.61 324.61 324.61 324.61 324.61 324.61 324.69 324.70 324.70 324.70 325.69 326.68 326.68 327.83 328.90 328.90 327.47 324.61 328.96 331.13 328.96 324.61
 324.61 324.61 324.61 324.61 324.61 324.61 324.61 324.61 324.68 324.70 324.70 324.70 324.70 325.36 325.56 324.61 326.76 324.61 324.61 324.61 324.61 324.61 324.61 324.61
 324.61 324.61 324.61 324.61 324.61 324.61 324.61 324.61 324.65 324.70 324.70 324.70 324.70 324.70 324.65 324.61 324.61 324.61 324.61 324.61 324.61 324.61 324.61 324.61
 324.61 324.61 324.61 324.61 324.61 324.61 324.61 324.61 324.61 324.61 324.67 324.70 324.67 324.61 324.61 324.61 324.61 324.61 324.61 324.61 324.61 324.61 324.61 324.61
 324.61 324.61 324.61 324.61 324.61 324.61 324.61 324.61 324.61 324.61 324.61 324.61 324.61 324.61 324.61 324.61 324.61 324.61 324.61 324.61 324.61 324.61 324.61 324.61
 324.61 324.61 324.61 324.61 324.61 324.61 324.61 324.61 324.61 324.61 324.61 324.61 324.61 324.61 324.61 324.61 324.61 324.61 324.61 324.61 324.61 324.61 324.61 324.61
 329.83 329.83 329.83 329.83 329.83 329.83 329.83 329.83 329.83 329.83 329.83 329.83 329.83 329.83 329.83 329.83 329.83 329.83 329.83 329.83 329.83 329.83 329.83 329.83
 331.53 331.53 331.53 331.53 331.53 331.53 329.03 327.18 327.18 327.18 327.18 327.18 327.18 327.18 328.57 330.07 330.07 330.07 330.72 331.53 331.53 331.53 331.53 331.53
 331.53 331.53 331.53 331.53 331.53 331.53 328.39 327.18 327.18 327.18 327.18 327.18 327.18 327.18 328.46 330.07 330.07 330.07 330.55 331.53 331.53 331.53 331.53 331.53
 331.53 331.53 331.53 331.53 329.13 324.33 326.47 327.18 327.18 327.18 327.18 327.18 327.18 327.18 328.14 330.07 330.07 330.07 330.07 331.04 331.53 331.53 331.53 331.53
 331.53 331.53 329.13 324.33 324.33 324.33 325.75 327.18 327.18 327.18 327.18 327.18 327.18 327.18 327.18 329.10 330.07 330.07 330.07 330.88 331.53 331.53 331.53 331.53
 329.13 324.33 324.33 324.33 324.33 324.33 324.33 324.33 325.84 325.88 325.98 326.28 327.18 327.18 327.18 328.78 330.07 330.07 330.07 330.82 331.53 331.53 331.53 331.53
 324.33 324.33 324.33 324.33 324.33 324.33 324.33 324.33 324.45 324.47 324.47 324.47 325.83 327.18 327.18 328.68 330.07 330.07 328.15 324.33 329.13 331.53 329.13 324.33
 324.33 324.33 324.33 324.33 324.33 324.33 324.33 324.33 324.44 324.47 324.47 324.47 324.47 325.37 325.65 324.33 327.20 324.33 324.33 324.33 324.33 324.33 324.33 324.33
 324.33 324.33 324.33 324.33 324.33 324.33 324.33 324.33 324.40 324.47 324.47 324.47 324.47 324.47 324.40 324.33 324.33 324.33 324.33 324.33 324.33 324.33 324.33 324.33
 324.33 324.33 324.33 324.33 324.33 324.33 324.33 324.33 324.33 324.33 324.42 324.47 324.42 324.33 324.33 324.33 324.33 324.33 324.33 324.33 324.33 324.33 324.33 324.33
 324.33 324.33 324.33 324.33 324.33 324.33 324.33 324.33 324.33 324.33 324.33 324.33 324.33 324.33 324.33 324.33 324.33 324.33 324.33 324.33 324.33 324.33 324.33 324.33
 324.33 324.33 324.33 324.33 324.33 324.33 324.33 324.33 324.33 324.33 324.33 324.33 324.33 324.33 324.33 324.33 324.33 324.33 324.33 324.33 324.33 324.33 324.33 324.33
 329.90 329.90 329.90 329.90 329.90 329.90 329.90 329.90 329.90 329.90 329.90 329.90 329.90 329.90 329.90 329.90 329.90 329.90 329.90 329.90 329.90 329.90 329.90 329.90
 331.16 331.16 331.16 331.16 331.16 331.16 329.19 327.78 327.78 327.78 327.78 327.78 327.78 327.78 329.03 330.38 330.38 330.38 330.73 331.16 331.16 331.16 331.16 331.16
 331.16 331.16 331.16 331.16 331.16 331.16 328.63 327.78 327.78 327.78 327.78 327.78 327.78 327.78 328.94 330.38 330.38 330.38 330.64 331.16 331.16 331.16 331.16 331.16
 331.16 331.16 331.16 331.16 328.93 324.47 326.95 327.78 327.78 327.78 327.78 327.78 327.78 327.78 328.65 330.38 330.38 330.38 330.38 330.90 331.16 331.16 331.16 331.16
 331.16 331.16 328.93 324.47 324.47 324.47 326.12 327.78 327.78 327.78 327.78 327.78 327.78 327.78 327.78 329.51 330.38 330.38 330.38 330.81 331.16 331.16 331.16 331.16
 328.93 324.47 324.47 324.47 324.47 324.47 324.47 324.47 326.23 326.27 326.39 326.74 327.78 327.78 327.78 329.22 330.38 330.38 330.38 330.78 331.16 331.16 331.16 331.16
 324.47 324.47 324.47 324.47 324.47 324.47 324.47 324.47 324.63 324.65 324.65 324.65 326.21 327.78 327.78 329.13 330.38 330.38 328.41 324.47 328.93 331.16 328.93 324.47
 324.47 324.47 324.47 324.47 324.47 324.47 324.47 324.47 324.61 324.65 324.65 324.65 324.65 325.69 326.01 324.47 327.43 324.47 324.47 324.47 324.47 324.47 324.47 324.47
 324.47 324.47 324.47 324.47 324.47 324.47 324.47 324.47 324.56 324.65 324.65 324.65 324.65 324.65 324.56 324.47 324.47 324.47 324.47 324.47 324.47 324.47 324.47 324.47
 324.47 324.47 324.47 324.47 324.47 324.47 324.47 324.47 324.47 324.47 324.59 324.65 324.59 324.47 324.47 324.47 324.47 324.47 324.47 324.47 324.47 324.47 324.47 324.47
 324.47 324.47 324.47 324.47 324.47 324.47 324.47 324.47 324.47 324.47 324.47 324.47 324.47 324.47 324.47 324.47 324.47 324.47 324.47 324.47 324.47 324.47 324.47 324.47
 324.47 324.47 324.47 324.47 324.47 324.47 324.47 324.47 324.47 324.47 324.47 324.47 324.47 324.47 324.47 324.47 324.47 324.47 324.47 324.47 324.47 324.47 324.47 324.47
 330.95 330.95 330.95 330.95 330.95 330.95 330.95 330.95 330.95 330.95 330.95 330.95 330.95 330.95 330.95 330.95 330.95 330.95 330.95 330.95 330.95 330.95 330.95 330.95
 329.97 329.97 329.97 329.97 329.97 332.20 332.20 332.20 332.20 332.20 332.20 332.20 332.20 332.20 332.20 332.20 329.55 329.55 329.73 329.97 329.97 329.97 329.97 329.97
 329.97 329.97 329.97 329.97 329.97 329.97 332.20 332.20 332.20 332.20 332.20 332.20 332.20 332.20 332.20 329.55 329.55 329.55 329.69 329.97 329.97 329.97 329.97 329.97
 329.97 329.97 329.97 329.97 328.20 324.67 327.86 328.92 328.92 328.92 328.92 328.92 328.92 328.92 329.13 329.55 329.55 329.55 329.55 329.83 329.97 329.97 329.97 329.97
 329.97 329.97 328.20 324.67 324.67 324.67 326.80 328.92 328.92 328.92 328.92 328.92 328.92 328.92 328.92 329.34 329.55 329.55 329.55 329.78 329.97 329.97 329.97 329.97
 328.20 324.67 324.67 324.67 324.67 324.67 324.67 324.67 326.90 326.96 327.11 327.56 328.92 328.92 328.92 329.27 329.55 329.55 329.55 329.77 329.97 329.97 329.97 329.97
 324.67 324.67 324.67 324.67 324.67 324.67 324.67 324.67 324.83 324.85 324.85 324.85 326.88 328.92 328.92 329.24 329.55 329.55 327.92 324.67 328.20 329.97 328.20 324.67
 324.67 324.67 324.67 324.67 324.67 324.67 324.67 324.67 324.81 324.85 324.85 324.85 324.85 326.21 326.63 324.67 327.11 324.67 324.67 324.67 324.67 324.67 324.67 324.67
 324.67 324.67 324.67 324.67 324.67 324.67 324.67 324.67 324.76 324.85 324.85 324.85 324.85 324.85 324.76 324.67 324.67 324.67 324.67 324.67 324.67 324.67 324.67 324.67
 324.67 324.67 324.67 324.67 324.67 324.67 324.67 324.67 324.67 324.67 324.79 324.85 324.79 324.67 324.67 324.67 324.67 324.67 324.67 324.67 324.67 324.67 324.67 324.67
 324.67 324.67 324.67 324.67 324.67 324.67 324.67 324.67 324.67 324.67 324.67 324.67 324.67 324.67 324.67 324.67 324.67 324.67 324.67 324.67 324.67 324.67 324.67 324.67
 324.67 324.67 324.67 324.67 324.67 324.67 324.67 324.67 324.67 324.67 324.67 324.67 324.67 324.67 324.67 324.67 324.67 324.67 324.67 324.67 324.67 324.67 324.67 324.67
 328.33 328.33 328.33 328.33 328.33 328.33 328.33 328.33 328.33 328.33 328.33 328.33 328.33 328.33 328.33 328.33 328.33 328.33 328.33 328.33 328.33 328.33 328.33 328.33
 326.89 326.89 326.89 326.89 326.89 330.56 330.56 330.56 330.56 330.56 330.56 330.56 330.56 330.56 330.56 330.56 324.60 324.60 325.62 326.89 326.89 326.89 326.89 326.89
 326.89 326.89 326.89 326.89 326.89 326.89 330.56 330.56 330.56 330.56 330.56 330.56 330.56 330.56 330.56 324.60 324.60 324.60 325.36 326.89 326.89 326.89 326.89 326.89
 326.89 326.89 326.89 326.89 326.23 324.91 327.65 328.57 328.57 328.57 328.57 328.57 328.57 328.57 327.25 324.60 324.60 324.60 324.60 326.13 326.89 326.89 326.89 326.89
 326.89 326.89 326.23 324.91 324.91 324.91 326.74 328.57 328.57 328.57 328.57 328.57 328.57 328.57 328.57 325.92 324.60 324.60 324.60 325.87 326.89 326.89 326.89 326.89
 326.23 324.91 324.91 324.91 324.91 324.91 324.91 324.91 326.74 326.79 326.93 327.34 328.57 328.57 328.57 326.36 324.60 324.60 324.60 325.79 326.89 326.89 326.89 326.89
 324.91 324.91 324.91 324.91 324.91 324.91 324.91 324.91 324.88 324.87 324.87 324.87 326.72 328.57 328.57 326.51 324.60 324.60 324.70 324.91 326.23 326.89 326.23 324.91
 324.91 324.91 324.91 324.91 324.91 324.91 324.91 324.91 324.88 324.87 324.87 324.87 324.87 326.10 326.52 324.91 324.75 324.91 324.91 324.91 324.91 324.91 324.91 324.91
 324.91 324.91 324.91 324.91 324.91 324.91 324.91 324.91 324.89 324.87 324.87 324.87 324.87 324.87 324.89 324.91 324.91 324.91 324.91 324.91 324.91 324.91 324.91 324.91
 324.91 324.91 324.91 324.91 324.91 324.91 324.91 324.91 324.91 324.91 324.88 324.87 324.88 324.91 324.91 324.91 324.91 324.91 324.91 324.91 324.91 324.91 324.91 324.91
 324.91 324.91 324.91 324.91 324.91 324.91 324.91 324.91 324.91 324.91 324.91 324.91 324.91 324.91 324.91 324.91 324.91 324.91 324.91 324.91 324.91 324.91 324.91 324.91
 324.91 324.91 324.91 324.91 324.91 324.91 324.91 324.91 324.91 324.91 324.91 324.91 324.91 324.91 324.91 324.91 324.91 324.91 324.91 324.91 324.91 324.91 324.91 324.91
 322.83 322.83 322.83 322.83 322.83 322.83 322.83 322.83 322.83 322.83 322.83 322.83 322.83 322.83 322.83 322.83 322.83 322.83 322.83 322.83 322.83 322.83 322.83 322.83
 322.61 322.61 322.61 322.61 322.61 323.52 323.52 323.52 323.52 323.52 323.52 323.52 323.52 323.52 323.52 323.52 320.75 320.75 321.58 322.61 322.61 322.61 322.61 322.61
 322.61 322.61 322.61 322.61 322.61 322.61 323.52 323.52 323.52 323.52 323.52 323.52 323.52 323.52 323.52 320.75 320.75 320.75 321.37 322.61 322.61 322.61 322.61 322.61
 322.61 322.61 322.61 322.61 323.46 325.15 326.81 327.37 327.37 327.37 327.37 327.37 327.37 327.37 325.16 320.75 320.75 320.75 320.75 321.99 322.61 322.61 322.61 322.61
 322.61 322.61 323.46 325.15 325.15 325.15 326.26 327.37 327.37 327.37 327.37 327.37 327.37 327.37 327.37 322.96 320.75 320.75 320.75 321.78 322.61 322.61 322.61 322.61
 323.46 325.15 325.15 325.15 325.15 325.15 325.15 325.15 326.23 326.25 326.34 326.60 327.37 327.37 327.37 323.69 320.75 320.75 320.75 321.71 322.61 322.61 322.61 322.61
 325.15 325.15 325.15 325.15 325.15 325.15 325.15 325.15 325.06 325.05 325.05 325.05 326.21 327.37 327.37 323.94 320.75 320.75 322.22 325.15 323.46 322.61 323.46 325.15
 325.15 325.15 325.15 325.15 325.15 325.15 325.15 325.15 325.08 325.05 325.05 325.05 325.05 325.82 326.10 325.15 322.95 325.15 325.15 325.15 325.15 325.15 325.15 325.15
 325.15 325.15 325.15 325.15 325.15 325.15 325.15 325.15 325.10 325.05 325.05 325.05 325.05 325.05 325.10 325.15 325.15 325.15 325.15 325.15 325.15 325.15 325.15 325.15
 325.15 325.15 325.15 325.15 325.15 325.15 325.15 325.15 325.15 325.15 325.08 325.05 325.08 325.15 325.15 325.15 325.15 325.15 325.15 325.15 325.15 325.15 325.15 325.15
 325.15 325.15 325.15 325.15 325.15 325.15 325.15 325.15 325.15 325.15 325.15 325.15 325.15 325.15 325.15 325.15 325.15 325.15 325.15 325.15 325.15 325.15 325.15 325.15
 325.15 325.15 325.15 325.15 325.15 325.15 325.15 325.15 325.15 325.15 325.15 325.15 325.15 325.15 325.15 325.15 325.15 325.15 325.15 325.15 325.15 325.15 325.15 325.15
 318.48 318.48 318.48 318.48 318.48 318.48 318.48 318.48 318.48 318.48 318.48 318.48 318.48 318.48 318.48 318.48 318.48 318.48 318.48 318.48 318.48 318.48 318.48 318.48
 319.02 319.02 319.02 319.02 319.02 317.68 317.68 317.68 317.68 317.68 317.68 317.68 317.68 317.68 317.68 317.68 319.69 319.69 319.39 319.02 319.02 319.02 319.02 319.02
 319.02 319.02 319.02 319.02 319.02 319.02 317.68 317.68 317.68 317.68 317.68 317.68 317.68 317.68 317.68 319.69 319.69 319.69 319.47 319.02 319.02 319.02 319.02 319.02
 319.02 319.02 319.02 319.02 319.02 322.23 325.43 325.43 325.43 325.43 325.43 325.43 325.43 325.43 323.52 319.69 319.69 319.69 319.69 319.24 319.02 319.02 319.02 319.02
 319.02 319.02 319.02 319.02 321.16 325.43 325.43 325.43 325.43 325.43 325.43 325.43 325.43 325.43 325.43 321.60 319.69 319.69 319.69 319.32 319.02 319.02 319.02 319.02
 319.02 319.02 319.02 319.02 322.73 325.40 325.40 325.40 325.40 325.40 325.40 325.41 325.43 325.43 325.43 322.24 319.69 319.69 319.69 319.34 319.02 319.02 319.02 319.02
 319.02 319.02 319.02 322.19 325.36 325.36 325.36 325.36 325.36 325.36 325.36 325.36 325.39 325.43 325.43 322.45 319.69 319.69 319.69 319.35 319.02 319.02 319.02 319.02
 319.02 319.02 322.19 325.36 325.36 325.36 325.36 325.36 325.36 325.36 325.36 325.36 325.36 325.38 325.39 323.22 319.69 319.69 319.69 319.35 319.02 319.02 319.02 319.02
 319.02 321.13 325.36 325.36 325.36 325.36 325.36 325.36 325.36 325.36 325.36 325.36 325.36 325.36 325.36 325.36 322.52 321.11 320.40 319.59 319.02 319.02 319.02 319.02
 319.02 321.84 325.36 325.36 325.36 325.36 325.36 325.36 325.36 325.36 325.36 325.36 325.36 325.36 325.36 325.36 323.94 322.52 321.46 320.02 319.02 319.02 319.02 319.02
 319.02 322.07 325.36 325.36 325.36 325.36 325.36 325.36 325.36 325.36 325.36 325.36 325.36 325.36 325.36 325.36 324.65 323.59 322.52 320.52 319.02 319.02 319.02 319.02
 323.58 323.58 323.58 323.58 323.58 323.58 323.58 323.58 323.58 323.58 323.58 323.58 323.58 323.58 323.58 323.58 323.58 323.58 323.58 323.58 323.58 323.58 323.58 323.58
 319.31 319.31 319.31 319.31 319.31 319.31 319.31 319.31 319.31 319.31 319.31 319.31 319.31 319.31 319.31 319.31 319.31 319.31 319.31 319.31 319.31 319.31 319.31 319.31
 319.59 319.59 319.59 319.59 319.59 318.84 318.84 318.84 318.84 318.84 318.84 318.84 318.84 318.84 318.84 318.84 320.17 320.17 319.91 319.59 319.59 319.59 319.59 319.59
 319.59 319.59 319.59 319.59 319.59 319.59 318.84 318.84 318.84 318.84 318.84 318.84 318.84 318.84 318.84 320.17 320.17 320.17 319.98 319.59 319.59 319.59 319.59 319.59
 319.59 319.59 319.59 319.59 321.65 325.77 323.96 323.36 323.36 323.36 323.36 323.36 323.36 323.36 322.30 320.17 320.17 320.17 320.17 319.78 319.59 319.59 319.59 319.59
 319.59 319.59 321.65 325.77 325.77 325.77 324.56 323.36 323.36 323.36 323.36 323.36 323.36 323.36 323.36 321.23 320.17 320.17 320.17 319.85 319.59 319.59 319.59 319.59
 321.65 325.77 325.77 325.77 325.77 325.77 325.77 325.77 324.32 324.28 324.21 324.00 323.36 323.36 323.36 321.59 320.17 320.17 320.17 319.87 319.59 319.59 319.59 319.59
 325.77 325.77 325.77 325.77 325.77 325.77 325.77 325.77 325.33 325.27 325.27 325.27 324.31 323.36 323.36 321.71 320.17 320.17 322.04 325.77 321.65 319.59 321.65 325.77
 325.77 325.77 325.77 325.77 325.77 325.77 325.77 325.77 325.39 325.27 325.27 325.27 325.27 324.63 324.50 325.77 322.97 325.77 325.77 325.77 325.77 325.77 325.77 325.77
 325.77 325.77 325.77 325.77 325.77 325.77 325.77 325.77 325.52 325.27 325.27 325.27 325.27 325.27 325.52 325.77 325.77 325.77 325.77 325.77 325.77 325.77 325.77 325.77
 325.77 325.77 325.77 325.77 325.77 325.77 325.77 325.77 325.77 325.77 325.44 325.27 325.44 325.77 325.77 325.77 325.77 325.77 325.77 325.77 325.77 325.77 325.77 325.77
 325.77 325.77 325.77 325.77 325.77 325.77 325.77 325.77 325.77 325.77 325.77 325.77 325.77 325.77 325.77 325.77 325.77 325.77 325.77 325.77 325.77 325.77 325.77 325.77
 325.77 325.77 325.77 325.77 325.77 325.77 325.77 325.77 325.77 325.77 325.77 325.77 325.77 325.77 325.77 325.77 325.77 325.77 325.77 325.77 325.77 325.77 325.77 325.77
 323.48 323.48 323.48 323.48 323.48 323.48 323.48 323.48 323.48 323.48 323.48 323.48 323.48 323.48 323.48 323.48 323.48 323.48 323.48 323.48 323.48 323.48 323.48 323.48
 324.17 324.17 324.17 324.17 324.17 322.92 322.92 322.92 322.92 322.92 322.92 322.92 322.92 322.92 322.92 322.92 323.01 323.01 323.53 324.17 324.17 324.17 324.17 324.17
 324.17 324.17 324.17 324.17 324.17 324.17 322.92 322.92 322.92 322.92 322.92 322.92 322.92 322.92 322.92 323.01 323.01 323.01 323.40 324.17 324.17 324.17 324.17 324.17
 324.17 324.17 324.17 324.17 324.17 323.87 323.56 323.56 323.56 323.56 323.56 323.56 323.56 323.56 323.38 323.01 323.01 323.01 323.01 323.78 324.17 324.17 324.17 324.17
 324.17 324.17 324.17 324.17 323.97 323.56 323.56 323.56 323.56 323.56 323.56 323.56 323.56 323.56 323.56 323.19 323.01 323.01 323.01 323.65 324.17 324.17 324.17 324.17
 324.17 324.17 324.17 324.17 324.59 324.60 324.60 324.60 324.59 324.56 324.48 324.25 323.56 323.56 323.56 323.25 323.01 323.01 323.01 323.61 324.17 324.17 324.17 324.17
 324.17 324.17 324.17 324.90 325.64 325.64 325.64 325.64 325.64 325.64 325.64 325.64 324.60 323.56 323.56 323.27 323.01 323.01 323.01 323.60 324.17 324.17 324.17 324.17
 324.17 324.17 324.90 325.64 325.64 325.64 325.64 325.64 325.64 325.64 325.64 325.64 325.64 324.95 324.72 324.16 323.01 323.01 323.01 323.59 324.17 324.17 324.17 324.17
 324.17 324.66 325.64 325.64 325.64 325.64 325.64 325.64 325.64 325.64 325.64 325.64 325.64 325.64 325.64 325.64 324.32 323.67 323.34 323.70 324.17 324.17 324.17 324.17
 324.17 324.82 325.64 325.64 325.64 325.64 325.64 325.64 325.64 325.64 325.64 325.64 325.64 325.64 325.64 325.64 324.98 324.32 323.83 323.90 324.17 324.17 324.17 324.17
 324.17 324.88 325.64 325.64 325.64 325.64 325.64 325.64 325.64 325.64 325.64 325.64 325.64 325.64 325.64 325.64 325.31 324.82 324.32 324.13 324.17 324.17 324.17 324.17
 325.18 325.18 325.18 325.18 325.18 325.18 325.18 325.18 325.18 325.18 325.18 325.18 325.18 325.18 325.18 325.18 325.18 325.18 325.18 325.18 325.18 325.18 325.18 325.18
 327.15 327.15 327.15 327.15 327.15 327.15 327.15 327.15 327.15 327.15 327.15 327.15 327.15 327.15 327.15 327.15 327.15 327.15 327.15 327.15 327.15 327.15 327.15 327.15
 327.27 327.27 327.27 327.27 327.27 327.38 327.38 327.38 327.38 327.38 327.38 327.38 327.38 327.38 327.38 327.38 325.61 325.61 326.35 327.27 327.27 327.27 327.27 327.27
 327.27 327.27 327.27 327.27 327.27 327.27 327.38 327.38 327.38 327.38 327.38 327.38 327.38 327.38 327.38 325.61 325.61 325.61 326.16 327.27 327.27 327.27 327.27 327.27
 327.27 327.27 327.27 327.27 326.76 325.74 325.03 324.80 324.80 324.80 324.80 324.80 324.80 324.80 325.07 325.61 325.61 325.61 325.61 326.72 327.27 327.27 327.27 327.27
 327.27 327.27 326.76 325.74 325.74 325.74 325.27 324.80 324.80 324.80 324.80 324.80 324.80 324.80 324.80 325.34 325.61 325.61 325.61 326.53 327.27 327.27 327.27 327.27
 326.76 325.74 325.74 325.74 325.74 325.74 325.74 325.74 325.18 325.17 325.14 325.05 324.80 324.80 324.80 325.25 325.61 325.61 325.61 326.47 327.27 327.27 327.27 327.27
 325.74 325.74 325.74 325.74 325.74 325.74 325.74 325.74 325.58 325.56 325.56 325.56 325.18 324.80 324.80 325.22 325.61 325.61 325.65 325.74 326.76 327.27 326.76 325.74
 325.74 325.74 325.74 325.74 325.74 325.74 325.74 325.74 325.61 325.56 325.56 325.56 325.56 325.31 325.25 325.74 325.68 325.74 325.74 325.74 325.74 325.74 325.74 325.74
 325.74 325.74 325.74 325.74 325.74 325.74 325.74 325.74 325.65 325.56 325.56 325.56 325.56 325.56 325.65 325.74 325.74 325.74 325.74 325.74 325.74 325.74 325.74 325.74
 325.74 325.74 325.74 325.74 325.74 325.74 325.74 325.74 325.74 325.74 325.62 325.56 325.62 325.74 325.74 325.74 325.74 325.74 325.74 325.74 325.74 325.74 325.74 325.74
 325.74 325.74 325.74 325.74 325.74 325.74 325.74 325.74 325.74 325.74 325.74 325.74 325.74 325.74 325.74 325.74 325.74 325.74 325.74 325.74 325.74 325.74 325.74 325.74
 325.74 325.74 325.74 325.74 325.74 325.74 325.74 325.74 325.74 325.74 325.74 325.74 325.74 325.74 325.74 325.74 325.74 325.74 325.74 325.74 325.74 325.74 325.74 325.74
 329.88 329.88 329.88 329.88 329.88 329.88 329.88 329.88 329.88 329.88 329.88 329.88 329.88 329.88 329.88 329.88 329.88 329.88 329.88 329.88 329.88 329.88 329.88 329.88
 329.43 329.43 329.43 329.43 329.43 331.12 331.12 331.12 331.12 331.12 331.12 331.12 331.12 331.12 331.12 331.12 326.29 326.29 327.69 329.43 329.43 329.43 329.43 329.43
 329.43 329.43 329.43 329.43 329.43 329.43 331.12 331.12 331.12 331.12 331.12 331.12 331.12 331.12 331.12 326.29 326.29 326.29 327.34 329.43 329.43 329.43 329.43 329.43
 329.43 329.43 329.43 329.43 329.43 327.72 326.01 326.01 326.01 326.01 326.01 326.01 326.01 326.01 326.10 326.29 326.29 326.29 326.29 328.38 329.43 329.43 329.43 329.43
 329.43 329.43 329.43 329.43 328.29 326.01 326.01 326.01 326.01 326.01 326.01 326.01 326.01 326.01 326.01 326.20 326.29 326.29 326.29 328.03 329.43 329.43 329.43 329.43
 329.43 329.43 329.43 329.43 327.30 325.83 325.83 325.83 325.83 325.83 325.85 325.89 326.01 326.01 326.01 326.17 326.29 326.29 326.29 327.92 329.43 329.43 329.43 329.43
 329.43 329.43 329.43 327.53 325.64 325.64 325.64 325.64 325.64 325.64 325.64 325.64 325.82 326.01 326.01 326.16 326.29 326.29 326.29 327.88 329.43 329.43 329.43 329.43
 329.43 329.43 327.53 325.64 325.64 325.64 325.64 325.64 325.64 325.64 325.64 325.64 325.64 325.76 325.80 325.97 326.29 326.29 326.29 327.87 329.43 329.43 329.43 329.43
 329.43 328.17 325.64 325.64 325.64 325.64 325.64 325.64 325.64 325.64 325.64 325.64 325.64 325.64 325.64 325.64 325.97 326.13 326.21 327.84 329.43 329.43 329.43 329.43
 329.43 327.75 325.64 325.64 325.64 325.64 325.64 325.64 325.64 325.64 325.64 325.64 325.64 325.64 325.64 325.64 325.80 325.97 326.09 327.78 329.43 329.43 329.43 329.43
 329.43 327.61 325.64 325.64 325.64 325.64 325.64 325.64 325.64 325.64 325.64 325.64 325.64 325.64 325.64 325.64 325.72 325.84 325.97 327.73 329.43 329.43 329.43 329.43
 326.61 326.61 326.61 326.61 326.61 326.61 326.61 326.61 326.61 326.61 326.61 326.61 326.61 326.61 326.61 326.61 326.61 326.61 326.61 326.61 326.61 326.61 326.61 326.61
