2005 MONTHLY CO2 (PPMV)   24  12  LON/LAT (N-S/0-360E) IN 15 DEGREE RESOLUTION,  GLB ANNUAL MEAN = 379.00,  GROWTH RATE = 1.94,  MISS DATA = -99.99
 384.43 384.43 384.43 384.43 384.43 384.43 384.43 384.43 384.43 384.43 384.43 384.43 384.43 384.43 384.43 384.43 384.43 384.43 384.43 384.43 384.43 384.43 384.43 384.43
 382.51 387.18 387.80 386.12 384.43 384.43 384.43 384.43 384.43 384.43 384.43 383.73 384.05 383.66 384.05 384.43 384.43 384.43 384.43 384.43 383.70 382.97 382.57 382.93
 384.36 392.03 387.94 386.02 383.94 383.70 383.51 384.30 388.95 389.47 383.03 383.03 383.32 383.61 383.61 384.72 381.76 384.73 383.48 381.81 382.57 382.97 380.48 381.30
 383.01 385.53 384.00 384.00 383.70 383.70 383.51 384.30 388.95 389.47 385.09 383.03 380.58 381.07 384.72 384.72 381.76 384.73 382.95 381.81 381.81 377.57 377.57 381.02
 379.94 382.74 384.00 382.10 383.70 383.70 383.51 383.04 383.69 383.41 380.70 380.64 380.58 378.53 378.53 384.72 381.76 383.52 382.31 382.06 379.76 379.15 379.15 379.74
 379.94 381.34 380.19 378.29 378.29 379.02 378.17 381.14 381.54 379.79 380.25 379.19 378.77 378.65 378.65 381.69 378.65 382.91 382.31 379.76 379.76 379.76 379.15 376.36
 376.36 376.78 378.29 378.29 378.29 375.20 375.20 378.17 378.36 377.84 377.77 377.09 377.09 378.76 378.76 376.62 375.55 375.55 382.31 379.76 379.76 378.63 376.36 376.36
 376.03 375.70 377.00 378.29 376.83 375.36 375.20 376.42 375.89 375.89 375.89 376.69 377.09 378.76 377.69 375.55 375.55 375.55 375.55 374.85 379.76 378.25 376.36 376.36
 375.70 375.70 375.70 375.36 375.36 375.36 375.36 375.24 375.30 375.30 375.03 374.89 377.09 378.76 376.83 375.55 375.55 375.55 374.85 374.85 374.90 374.98 375.90 376.03
 375.57 375.70 375.46 375.36 375.22 375.36 375.25 375.08 375.15 375.03 374.76 374.76 375.04 375.32 375.32 375.32 375.44 375.09 374.85 374.85 374.95 375.07 375.32 375.32
 375.32 375.44 375.55 375.33 375.08 375.20 375.20 375.08 375.20 375.32 375.04 375.32 375.32 375.32 375.32 375.32 375.32 375.32 375.26 375.20 375.05 375.19 375.32 375.32
 375.32 375.32 375.32 375.32 375.32 375.32 375.32 375.32 375.32 375.32 375.32 375.32 375.32 375.32 375.32 375.32 375.32 375.32 375.32 375.32 375.32 375.32 375.32 375.32
 384.27 384.27 384.27 384.27 384.27 384.27 384.27 384.27 384.27 384.27 384.27 384.27 384.27 384.27 384.27 384.27 384.27 384.27 384.27 384.27 384.27 384.27 384.27 384.27
 382.68 387.40 387.00 385.63 384.27 384.27 384.27 384.27 384.27 384.27 384.27 384.39 384.60 384.94 384.60 384.27 384.27 384.27 384.27 384.27 383.76 383.25 382.43 383.50
 389.15 393.76 388.65 386.49 384.96 385.30 384.21 384.69 390.00 387.94 384.52 384.52 384.52 384.53 384.53 384.67 383.13 384.13 383.65 383.07 383.29 383.25 381.06 381.26
 384.85 380.74 385.18 385.18 385.30 385.30 384.21 384.69 390.00 387.94 384.80 384.52 382.21 382.43 384.67 384.67 383.13 384.13 383.14 383.07 383.07 379.48 379.48 382.08
 380.77 380.75 385.18 383.38 385.30 385.30 384.21 383.67 384.90 383.80 381.66 381.94 382.21 380.32 380.32 384.67 383.13 383.18 382.22 382.64 380.75 381.05 381.05 380.84
 380.77 379.37 377.97 379.79 379.79 382.16 380.87 381.41 382.34 380.70 381.18 379.95 379.59 379.45 379.45 382.06 379.48 382.70 382.22 380.75 380.75 380.75 381.05 376.34
 376.34 377.97 377.97 379.79 379.79 380.32 380.32 380.87 379.46 378.44 378.23 377.10 377.10 379.52 379.52 377.06 375.82 375.82 382.22 380.75 380.75 379.28 376.34 376.34
 375.92 375.50 377.97 379.79 377.34 374.89 380.32 379.12 376.19 376.19 376.19 376.80 377.10 379.52 378.29 375.82 375.82 375.82 375.82 375.12 380.75 378.79 376.34 376.34
 375.50 375.50 375.50 375.30 374.89 374.89 374.89 375.05 375.28 375.28 375.15 375.09 377.10 379.52 377.20 375.82 375.82 375.82 375.12 375.12 375.19 375.24 375.80 375.92
 375.38 375.50 375.49 375.30 375.19 374.89 374.95 374.97 375.12 375.15 375.03 375.03 375.09 375.15 375.15 375.15 375.49 375.13 375.12 375.12 375.27 375.28 375.15 375.15
 375.15 375.41 375.67 375.30 375.07 375.11 375.06 374.97 375.06 375.15 375.09 375.15 375.15 375.15 375.15 375.15 375.15 375.15 375.15 375.15 375.42 375.29 375.15 375.15
 375.15 375.15 375.15 375.15 375.15 375.15 375.15 375.15 375.15 375.15 375.15 375.15 375.15 375.15 375.15 375.15 375.15 375.15 375.15 375.15 375.15 375.15 375.15 375.15
 384.31 384.31 384.31 384.31 384.31 384.31 384.31 384.31 384.31 384.31 384.31 384.31 384.31 384.31 384.31 384.31 384.31 384.31 384.31 384.31 384.31 384.31 384.31 384.31
 384.11 385.80 382.00 383.15 384.31 384.31 384.31 384.31 384.31 384.31 384.31 385.17 384.85 385.40 384.85 384.31 384.31 384.31 384.31 384.31 383.83 383.36 383.18 384.17
 387.60 393.12 386.55 384.75 384.08 383.97 383.59 384.05 390.58 390.63 386.04 386.04 385.66 385.28 385.28 383.90 383.94 382.15 383.52 384.58 384.09 383.36 382.62 382.88
 384.79 381.16 384.54 384.54 383.97 383.97 383.59 384.05 390.58 390.63 386.72 386.04 382.93 383.53 383.90 383.90 383.94 382.15 383.06 384.58 384.58 381.81 381.81 383.13
 381.62 381.39 384.54 382.95 383.97 383.97 383.59 384.41 385.01 384.91 382.80 382.87 382.93 381.78 381.78 383.90 383.94 382.30 382.45 383.51 381.31 381.22 381.22 381.52
 381.62 380.43 379.36 379.78 379.78 382.23 382.30 384.17 383.47 381.22 382.01 380.74 380.14 379.53 379.53 381.72 379.88 382.38 382.45 381.31 381.31 381.31 381.22 376.92
 376.92 379.36 379.36 379.78 379.78 380.43 380.43 382.30 380.10 378.62 378.65 377.95 377.95 380.04 380.04 377.22 375.82 375.82 382.45 381.31 381.31 379.85 376.92 376.92
 376.36 375.80 379.36 379.78 377.46 375.14 380.43 379.58 376.02 376.02 376.02 377.31 377.95 380.04 378.63 375.82 375.82 375.82 375.82 375.54 381.31 379.36 376.92 376.92
 375.80 375.80 375.80 375.34 375.14 375.14 375.14 375.21 375.34 375.34 375.17 375.09 377.95 380.04 377.43 375.82 375.82 375.82 375.54 375.54 375.33 375.19 376.17 376.36
 375.61 375.80 375.56 375.34 375.19 375.14 375.16 375.16 375.22 375.17 375.00 375.00 375.11 375.22 375.22 375.22 375.52 375.38 375.54 375.54 375.12 375.05 375.22 375.22
 375.22 375.51 375.79 375.35 375.04 375.13 375.19 375.16 375.19 375.22 375.11 375.22 375.22 375.22 375.22 375.22 375.22 375.22 375.31 375.39 374.71 374.97 375.22 375.22
 375.22 375.22 375.22 375.22 375.22 375.22 375.22 375.22 375.22 375.22 375.22 375.22 375.22 375.22 375.22 375.22 375.22 375.22 375.22 375.22 375.22 375.22 375.22 375.22
 385.52 385.52 385.52 385.52 385.52 385.52 385.52 385.52 385.52 385.52 385.52 385.52 385.52 385.52 385.52 385.52 385.52 385.52 385.52 385.52 385.52 385.52 385.52 385.52
 384.95 386.20 382.20 383.86 385.52 385.52 385.52 385.52 385.52 385.52 385.52 386.10 385.51 385.50 385.51 385.52 385.52 385.52 385.52 385.52 384.92 384.31 384.49 385.07
 386.55 388.66 384.93 384.25 384.73 384.34 384.66 384.96 389.52 391.28 386.68 386.68 386.05 385.42 385.42 386.19 383.93 381.69 383.85 384.82 384.72 384.31 384.14 384.29
 384.45 380.48 383.94 383.94 384.34 384.34 384.66 384.96 389.52 391.28 387.36 386.68 383.54 384.00 386.19 386.19 383.93 381.69 383.37 384.82 384.82 383.64 383.64 383.86
 382.06 381.27 383.94 381.78 384.34 384.34 384.66 384.80 385.46 385.55 383.44 383.49 383.54 382.59 382.59 386.19 383.93 382.64 383.60 384.21 382.14 381.29 381.29 381.87
 382.06 379.63 377.60 377.45 377.45 380.28 380.16 383.98 383.82 382.03 382.74 381.10 380.31 379.53 379.53 382.86 379.66 383.12 383.60 382.14 382.14 382.14 381.29 377.15
 377.15 377.60 377.60 377.45 377.45 376.34 376.34 380.16 379.85 379.14 379.00 377.85 377.85 380.35 380.35 377.04 375.39 375.39 383.60 382.14 382.14 380.48 377.15 377.15
 376.57 376.00 377.60 377.45 376.38 375.32 376.34 377.59 376.26 376.26 376.26 377.32 377.85 380.35 378.69 375.39 375.39 375.39 375.39 376.08 382.14 379.92 377.15 377.15
 376.00 376.00 376.00 375.69 375.32 375.32 375.32 375.41 375.50 375.50 375.12 374.93 377.85 380.35 377.49 375.39 375.39 375.39 376.08 376.08 376.08 375.94 376.42 376.57
 375.84 376.00 375.86 375.69 375.48 375.32 375.38 375.40 375.37 375.12 374.74 374.74 375.14 375.53 375.53 375.53 375.46 375.81 376.08 376.08 376.08 375.81 375.53 375.53
 375.53 375.78 376.03 375.63 375.27 375.40 375.47 375.40 375.47 375.53 375.14 375.53 375.53 375.53 375.53 375.53 375.53 375.53 375.67 375.80 375.67 375.53 375.53 375.53
 375.53 375.53 375.53 375.53 375.53 375.53 375.53 375.53 375.53 375.53 375.53 375.53 375.53 375.53 375.53 375.53 375.53 375.53 375.53 375.53 375.53 375.53 375.53 375.53
 385.36 385.36 385.36 385.36 385.36 385.36 385.36 385.36 385.36 385.36 385.36 385.36 385.36 385.36 385.36 385.36 385.36 385.36 385.36 385.36 385.36 385.36 385.36 385.36
 384.43 384.53 383.80 384.58 385.36 385.36 385.36 385.36 385.36 385.36 385.36 385.63 385.47 385.57 385.47 385.36 385.36 385.36 385.36 385.36 385.00 384.64 384.59 384.43
 384.26 381.46 382.61 383.26 382.30 380.77 383.93 384.67 393.48 391.02 385.90 385.90 385.41 384.92 384.92 388.58 381.51 384.10 384.03 383.19 384.00 384.64 384.34 383.50
 381.50 373.68 382.58 382.58 380.77 380.77 383.93 384.67 393.48 391.02 387.15 385.90 383.87 383.99 388.58 388.58 381.51 384.10 383.49 383.19 383.19 384.93 384.93 382.91
 382.49 378.09 382.58 380.73 380.77 380.77 383.93 381.24 384.86 385.39 383.28 383.57 383.87 383.05 383.05 388.58 381.51 383.63 383.17 383.18 382.48 381.53 381.53 382.25
 382.49 378.18 376.08 377.04 377.04 375.44 373.25 374.19 380.49 382.41 382.85 381.00 380.39 380.12 380.12 384.35 378.74 383.40 383.17 382.48 382.48 382.48 381.53 377.28
 377.28 376.08 376.08 377.04 377.04 372.30 372.30 373.25 377.85 380.02 379.42 377.18 377.18 380.46 380.46 377.46 375.96 375.96 383.17 382.48 382.48 380.75 377.28 377.28
 376.89 376.50 376.08 377.04 376.38 375.72 372.30 374.39 377.64 377.64 377.64 377.33 377.18 380.46 378.96 375.96 375.96 375.96 375.96 376.50 382.48 380.17 377.28 377.28
 376.50 376.50 376.50 376.14 375.72 375.72 375.72 375.85 376.09 376.09 375.68 375.47 377.18 380.46 377.83 375.96 375.96 375.96 376.50 376.50 376.50 376.37 376.71 376.89
 376.32 376.50 376.28 376.14 375.99 375.72 375.76 375.75 375.84 375.68 375.27 375.27 375.62 375.97 375.97 375.97 375.96 376.23 376.50 376.50 376.50 376.23 375.97 375.97
 375.97 376.20 376.43 376.09 375.84 375.90 375.86 375.75 375.86 375.97 375.62 375.97 375.97 375.97 375.97 375.97 375.97 375.97 376.15 376.33 376.15 375.97 375.97 375.97
 375.97 375.97 375.97 375.97 375.97 375.97 375.97 375.97 375.97 375.97 375.97 375.97 375.97 375.97 375.97 375.97 375.97 375.97 375.97 375.97 375.97 375.97 375.97 375.97
 382.80 382.80 382.80 382.80 382.80 382.80 382.80 382.80 382.80 382.80 382.80 382.80 382.80 382.80 382.80 382.80 382.80 382.80 382.80 382.80 382.80 382.80 382.80 382.80
 381.43 377.59 382.20 382.50 382.79 382.79 382.79 382.79 382.79 382.79 382.79 382.36 383.02 383.25 383.02 382.79 382.79 382.79 382.79 382.79 382.09 381.39 380.91 381.51
 381.56 378.83 379.77 380.18 379.10 377.26 380.26 378.47 385.36 392.78 381.93 381.93 381.74 381.54 381.54 385.55 379.44 381.48 381.55 380.89 381.32 381.39 380.75 380.60
 378.75 369.66 378.28 378.28 377.26 377.26 380.26 378.47 385.36 392.78 387.60 381.93 381.90 381.87 385.55 385.55 379.44 381.48 381.05 380.89 380.89 380.49 379.85 380.40
 381.64 375.65 378.28 378.20 377.26 377.26 380.26 380.36 382.25 384.76 382.42 382.16 381.90 382.20 382.20 385.55 379.44 381.12 380.77 380.83 381.47 379.85 379.85 381.19
 381.64 377.66 376.67 378.05 378.05 374.03 372.41 376.77 381.92 381.59 382.00 380.44 379.98 380.41 380.41 382.98 378.13 380.95 380.77 381.47 381.47 381.47 379.85 378.54
 378.54 376.67 376.67 378.05 378.05 372.41 372.41 372.41 378.25 380.08 379.57 377.63 377.63 380.34 380.34 377.99 376.82 376.82 380.77 381.47 381.47 380.49 378.54 378.54
 377.67 376.80 376.67 378.05 377.13 376.21 372.41 374.47 378.58 378.58 378.58 377.95 377.63 380.34 379.17 376.82 376.82 376.82 376.82 379.19 381.47 380.17 378.54 378.54
 376.80 376.80 376.80 376.64 376.21 376.21 376.21 376.48 376.85 376.85 376.56 376.42 377.63 380.34 378.21 376.82 376.82 376.82 376.89 377.02 378.46 376.51 377.57 377.67
 376.70 376.80 376.73 376.64 376.56 376.21 376.31 376.39 376.56 376.56 376.28 376.28 376.39 376.51 376.51 376.51 376.66 376.51 376.89 377.02 376.89 376.51 376.51 376.51
 376.51 376.66 376.82 376.61 376.48 376.49 376.45 376.39 376.45 376.51 376.39 376.51 376.51 376.51 376.51 376.51 376.51 376.51 376.76 377.02 376.76 376.51 376.51 376.51
 376.51 376.51 376.51 376.51 376.51 376.51 376.51 376.51 376.51 376.51 376.51 376.51 376.51 376.51 376.51 376.51 376.51 376.51 376.51 376.51 376.51 376.51 376.51 376.51
 376.21 376.21 376.21 376.21 376.21 376.21 376.21 376.21 376.21 376.21 376.21 376.21 376.21 376.21 376.21 376.21 376.21 376.21 376.21 376.21 376.21 376.21 376.21 376.21
 375.52 372.22 374.50 375.35 376.21 376.21 376.21 376.21 376.21 376.21 376.21 374.97 375.91 375.61 375.91 376.21 376.21 376.21 376.21 376.21 375.64 375.07 374.82 375.98
 377.94 375.75 375.45 375.64 374.64 373.85 375.49 370.82 383.06 386.71 373.74 373.74 373.81 373.88 373.88 378.75 379.11 375.42 376.94 378.44 376.90 375.07 375.32 375.82
 375.27 369.70 376.11 376.11 373.85 373.85 375.49 370.82 383.06 386.71 383.56 373.74 379.13 377.00 378.75 378.75 379.11 375.42 377.71 378.44 378.44 376.75 376.75 376.51
 379.14 374.42 376.11 376.83 373.85 373.85 375.49 375.88 380.93 382.03 380.42 379.77 379.13 380.12 380.12 378.75 379.11 377.35 379.27 378.86 379.50 376.75 376.75 378.54
 379.14 376.05 375.32 378.28 378.28 374.11 374.24 376.22 380.50 380.08 380.25 379.33 379.11 380.02 380.02 379.38 378.00 378.31 379.27 379.50 379.50 379.50 376.75 379.44
 379.44 375.32 375.32 378.28 378.28 374.24 374.24 374.24 378.01 379.12 378.93 378.18 378.18 380.00 380.00 377.93 376.90 376.90 379.27 379.50 379.50 379.48 379.44 379.44
 378.37 377.30 375.32 378.28 377.48 376.68 374.24 375.55 378.16 378.16 378.16 378.17 378.18 380.00 378.96 376.90 376.90 376.90 376.90 378.36 379.50 379.47 379.44 379.44
 377.30 377.30 377.30 377.21 376.68 376.68 376.68 376.97 377.19 377.19 377.05 376.98 378.18 380.00 378.22 376.90 376.90 376.90 377.18 377.53 378.15 377.04 378.28 378.37
 377.21 377.30 377.26 377.21 377.12 376.68 376.86 377.04 377.08 377.05 376.91 376.91 376.98 377.04 377.04 377.04 376.97 377.04 377.41 377.53 377.41 377.04 377.04 377.04
 377.04 377.18 377.32 377.15 377.04 377.04 377.04 377.04 377.04 377.04 376.98 377.04 377.04 377.04 377.04 377.04 377.04 377.04 377.28 377.53 377.28 377.04 377.04 377.04
 377.04 377.04 377.04 377.04 377.04 377.04 377.04 377.04 377.04 377.04 377.04 377.04 377.04 377.04 377.04 377.04 377.04 377.04 377.04 377.04 377.04 377.04 377.04 377.04
 370.66 370.66 370.66 370.66 370.66 370.66 370.66 370.66 370.66 370.66 370.66 370.66 370.66 370.66 370.66 370.66 370.66 370.66 370.66 370.66 370.66 370.66 370.66 370.66
 370.51 372.86 369.50 370.08 370.66 370.66 370.66 370.66 370.66 370.66 370.66 370.66 370.17 369.69 370.17 370.66 370.66 370.66 370.66 370.66 371.03 371.40 370.49 371.43
 375.96 373.72 373.02 372.98 373.72 375.26 373.33 370.02 382.49 382.72 377.90 370.28 369.90 369.90 369.90 374.50 376.00 377.70 375.43 375.80 373.51 371.40 371.96 371.31
 372.92 373.75 375.85 375.85 375.26 375.26 373.33 370.02 382.49 382.72 380.33 378.00 376.46 373.80 374.50 374.50 376.00 377.70 377.55 375.80 375.80 374.08 374.08 373.24
 376.89 375.32 375.85 376.70 375.26 375.26 373.33 374.56 379.10 379.59 377.94 377.20 376.46 377.69 377.69 374.50 376.00 378.43 379.16 377.48 377.32 375.31 375.31 376.50
 376.89 375.96 375.81 378.39 378.39 374.49 374.10 375.40 378.85 378.60 378.27 377.96 378.05 379.38 379.38 376.94 376.19 378.80 379.16 377.32 377.32 377.32 375.31 379.00
 379.00 375.81 375.81 378.39 378.39 374.10 374.10 374.10 377.24 378.21 378.15 378.32 378.32 379.42 379.42 377.39 376.37 376.37 379.16 377.32 377.32 377.88 379.00 379.00
 378.25 377.50 375.81 378.39 377.69 376.99 374.10 375.34 377.81 377.81 377.81 378.15 378.32 379.42 378.40 376.37 376.37 376.37 376.37 377.23 377.32 378.07 379.00 379.00
 377.50 377.50 377.50 377.68 376.99 376.99 376.99 377.30 377.48 377.48 377.28 377.19 378.32 379.42 377.92 376.37 376.37 376.37 377.11 377.91 377.68 377.48 378.24 378.25
 377.49 377.50 377.68 377.68 377.59 376.99 377.21 377.42 377.41 377.28 377.09 377.09 377.28 377.48 377.48 377.48 376.93 377.48 377.80 377.91 377.80 377.48 377.48 377.48
 377.48 377.58 377.68 377.59 377.50 377.49 377.45 377.42 377.45 377.48 377.28 377.48 377.48 377.48 377.48 377.48 377.48 377.48 377.70 377.91 377.70 377.48 377.48 377.48
 377.48 377.48 377.48 377.48 377.48 377.48 377.48 377.48 377.48 377.48 377.48 377.48 377.48 377.48 377.48 377.48 377.48 377.48 377.48 377.48 377.48 377.48 377.48 377.48
 371.26 371.26 371.26 371.26 371.26 371.26 371.26 371.26 371.26 371.26 371.26 371.26 371.26 371.26 371.26 371.26 371.26 371.26 371.26 371.26 371.26 371.26 371.26 371.26
 371.92 374.76 373.30 372.28 371.26 371.26 371.26 371.26 371.26 371.26 371.26 371.26 372.06 372.85 372.06 371.26 371.26 371.26 371.26 371.26 372.01 372.76 371.59 373.06
 380.24 378.10 376.22 375.25 374.37 375.92 376.16 375.28 384.01 383.52 378.26 372.77 374.27 374.27 374.27 379.11 375.09 381.07 376.23 374.71 373.55 372.76 373.00 373.16
 376.39 375.00 377.26 377.26 375.92 375.92 376.16 375.28 384.01 383.52 379.99 376.91 375.01 375.27 379.11 379.11 375.09 381.07 377.90 374.71 374.71 374.25 374.25 374.84
 375.67 375.34 377.26 377.67 375.92 375.92 376.16 376.18 377.09 378.64 376.46 375.74 375.01 376.27 376.27 379.11 375.09 379.50 377.92 376.31 375.44 375.12 375.12 375.53
 375.67 375.50 378.08 378.49 378.49 374.76 374.18 375.46 377.29 377.50 376.98 377.06 377.37 378.93 378.93 379.02 375.59 378.71 377.92 375.44 375.44 375.44 375.12 378.65
 378.65 378.21 378.49 378.49 378.49 374.18 374.18 374.18 376.62 377.50 377.54 378.17 378.17 378.92 378.92 377.03 376.08 376.08 377.92 375.44 375.44 376.51 378.65 378.65
 378.07 377.50 378.00 378.49 377.84 377.18 374.18 375.29 377.51 377.51 377.51 377.95 378.17 378.92 377.97 376.08 376.08 376.08 376.08 377.86 375.44 376.87 378.65 378.65
 377.50 377.50 377.50 377.87 377.18 377.18 377.18 377.50 377.69 377.69 377.45 377.32 378.17 378.92 377.69 376.08 376.08 376.08 377.86 377.86 377.83 377.80 378.16 378.07
 377.59 377.50 377.89 377.87 377.78 377.18 377.41 377.61 377.61 377.45 377.20 377.20 377.49 377.77 377.77 377.77 376.92 377.81 377.86 377.86 377.80 377.78 377.77 377.77
 377.77 377.85 377.92 377.81 377.70 377.74 377.69 377.61 377.69 377.77 377.49 377.77 377.77 377.77 377.77 377.77 377.77 377.77 377.95 378.13 377.74 377.75 377.77 377.77
 377.77 377.77 377.77 377.77 377.77 377.77 377.77 377.77 377.77 377.77 377.77 377.77 377.77 377.77 377.77 377.77 377.77 377.77 377.77 377.77 377.77 377.77 377.77 377.77
 376.01 376.01 376.01 376.01 376.01 376.01 376.01 376.01 376.01 376.01 376.01 376.01 376.01 376.01 376.01 376.01 376.01 376.01 376.01 376.01 376.01 376.01 376.01 376.01
 377.52 379.56 379.10 377.55 376.01 376.01 376.01 376.01 376.01 376.01 376.01 376.01 377.13 378.25 377.13 376.01 376.01 376.01 376.01 376.01 376.09 376.18 376.36 377.69
 384.87 388.80 383.16 380.76 378.25 379.38 379.48 379.99 388.89 386.84 381.62 378.19 380.37 380.37 380.37 384.60 377.73 383.52 379.24 377.72 376.93 376.18 377.03 376.63
 380.94 381.33 381.57 381.57 379.38 379.38 379.48 379.99 388.89 386.84 382.02 378.74 377.07 378.67 384.60 384.60 377.73 383.52 379.72 377.72 377.72 378.11 378.11 378.30
 376.54 378.94 381.57 380.59 379.38 379.38 379.48 379.97 379.94 380.50 377.20 377.13 377.07 376.97 376.97 384.60 377.73 380.72 377.91 377.82 375.93 376.24 376.24 376.46
 376.54 377.74 379.61 378.63 378.63 375.21 373.12 376.30 378.99 378.03 377.62 377.84 378.19 379.06 379.06 381.83 377.20 379.31 377.91 375.93 375.93 375.93 376.24 379.04
 379.04 378.39 378.63 378.63 378.63 373.12 373.12 373.12 376.96 377.92 377.94 378.43 378.43 378.84 378.84 377.39 376.67 376.67 377.91 375.93 375.93 376.97 379.04 379.04
 378.27 377.50 378.06 378.63 377.82 377.01 373.12 374.68 377.81 377.81 377.81 378.22 378.43 378.84 378.12 376.67 376.67 376.67 376.67 377.55 375.93 377.31 379.04 379.04
 377.50 377.50 377.50 377.85 377.01 377.01 377.01 377.47 377.73 377.73 377.43 377.27 378.43 378.84 377.87 376.67 376.67 376.67 377.55 377.55 377.73 377.85 378.39 378.27
 377.62 377.50 377.97 377.85 377.81 377.01 377.37 377.68 377.65 377.43 377.12 377.12 377.50 377.87 377.87 377.87 377.27 377.71 377.55 377.55 377.90 377.98 377.87 377.87
 377.87 377.98 378.09 377.89 377.77 377.82 377.78 377.68 377.78 377.87 377.50 377.87 377.87 377.87 377.87 377.87 377.87 377.87 377.97 378.06 378.25 378.06 377.87 377.87
 377.87 377.87 377.87 377.87 377.87 377.87 377.87 377.87 377.87 377.87 377.87 377.87 377.87 377.87 377.87 377.87 377.87 377.87 377.87 377.87 377.87 377.87 377.87 377.87
 382.05 382.05 382.05 382.05 382.05 382.05 382.05 382.05 382.05 382.05 382.05 382.05 382.05 382.05 382.05 382.05 382.05 382.05 382.05 382.05 382.05 382.05 382.05 382.05
 381.44 386.50 386.40 384.23 382.05 382.05 382.05 382.05 382.05 382.05 382.05 383.42 382.40 382.75 382.40 382.05 382.05 382.05 382.05 382.05 381.35 380.65 381.17 381.90
 387.41 396.70 389.34 386.17 382.57 382.83 379.69 382.04 393.40 390.84 384.78 384.78 384.51 384.24 384.24 383.60 380.78 384.86 382.50 380.89 380.95 380.65 381.19 379.82
 384.24 388.49 384.93 384.93 382.83 382.83 379.69 382.04 393.40 390.84 385.35 384.78 379.50 381.38 383.60 383.60 380.78 384.86 382.18 380.89 380.89 382.58 382.58 381.57
 378.73 383.61 384.93 382.84 382.83 382.83 379.69 382.31 382.58 383.00 379.86 379.68 379.50 378.51 378.51 383.60 380.78 382.83 380.80 380.85 378.23 379.25 379.25 378.86
 378.73 381.17 380.76 378.67 378.67 375.20 371.39 376.43 380.64 378.71 379.28 379.36 379.36 379.47 379.47 381.54 379.36 381.82 380.80 378.23 378.23 378.23 379.25 379.48
 379.48 378.62 378.67 378.67 378.67 371.39 371.39 371.39 377.38 378.73 378.97 379.11 379.11 379.32 379.32 378.40 377.94 377.94 380.80 378.23 378.23 378.65 379.48 379.48
 378.59 377.70 378.19 378.67 377.95 377.23 371.39 373.84 378.75 378.75 378.75 378.99 379.11 379.32 378.86 377.94 377.94 377.94 377.94 377.42 378.23 378.79 379.48 379.48
 377.70 377.70 377.70 377.95 377.23 377.23 377.23 377.57 377.74 377.74 377.53 377.43 379.11 379.32 378.50 377.94 377.94 377.94 377.42 377.42 377.59 377.73 378.65 378.59
 377.76 377.70 377.99 377.95 377.87 377.23 377.50 377.75 377.71 377.53 377.33 377.33 377.60 377.87 377.87 377.87 377.90 377.64 377.42 377.42 377.76 377.88 377.87 377.87
 377.87 377.95 378.03 377.91 377.79 377.83 377.81 377.75 377.81 377.87 377.60 377.87 377.87 377.87 377.87 377.87 377.87 377.87 377.94 378.02 378.11 377.99 377.87 377.87
 377.87 377.87 377.87 377.87 377.87 377.87 377.87 377.87 377.87 377.87 377.87 377.87 377.87 377.87 377.87 377.87 377.87 377.87 377.87 377.87 377.87 377.87 377.87 377.87
 385.19 385.19 385.19 385.19 385.19 385.19 385.19 385.19 385.19 385.19 385.19 385.19 385.19 385.19 385.19 385.19 385.19 385.19 385.19 385.19 385.19 385.19 385.19 385.19
 387.51 388.70 388.50 386.84 385.19 385.19 385.19 385.19 385.19 385.19 385.19 385.48 385.48 385.78 385.48 385.19 385.19 385.19 385.19 385.19 384.34 383.50 383.16 383.72
 388.65 397.41 390.76 388.00 385.72 385.99 380.79 383.12 393.50 390.24 385.77 385.77 385.69 385.60 385.60 385.89 384.50 384.73 383.94 382.25 383.09 383.50 382.99 382.81
 385.84 401.96 386.38 386.38 385.99 385.99 380.79 383.12 393.50 390.24 386.00 385.77 381.01 382.84 385.89 385.89 384.50 384.73 383.58 382.25 382.25 381.93 380.99 383.13
 381.05 391.50 386.38 384.07 385.99 385.99 380.79 383.81 384.51 384.07 381.75 381.38 381.01 380.08 380.08 385.89 384.50 384.24 383.75 383.00 380.37 380.99 380.99 381.03
 381.05 382.57 378.86 379.46 379.46 377.15 372.73 377.85 382.14 379.77 380.76 380.46 380.21 380.13 380.13 383.01 381.56 384.00 383.75 380.37 380.37 380.37 380.99 379.37
 379.37 378.86 378.86 379.46 379.46 372.73 372.73 372.73 378.29 379.35 379.63 379.50 379.50 380.22 380.22 379.16 378.63 378.63 383.75 380.37 380.37 380.04 379.37 379.37
 378.63 377.90 378.86 379.46 378.63 377.80 372.73 374.80 378.93 378.93 378.93 379.31 379.50 380.22 379.69 378.63 378.63 378.63 378.63 377.18 380.37 379.93 379.37 379.37
 377.90 377.90 377.90 377.78 377.80 377.80 377.80 377.71 377.69 377.69 377.63 377.61 379.50 380.22 379.09 378.63 378.63 378.63 377.18 377.18 377.34 377.49 378.61 378.63
 377.88 377.90 377.85 377.78 377.79 377.80 377.74 377.64 377.68 377.63 377.58 377.58 377.71 377.83 377.83 377.83 378.23 377.51 377.18 377.18 377.49 377.65 377.83 377.83
 377.83 377.87 377.91 377.83 377.80 377.82 377.74 377.64 377.74 377.83 377.71 377.83 377.83 377.83 377.83 377.83 377.83 377.83 377.79 377.74 377.80 377.82 377.83 377.83
 377.83 377.83 377.83 377.83 377.83 377.83 377.83 377.83 377.83 377.83 377.83 377.83 377.83 377.83 377.83 377.83 377.83 377.83 377.83 377.83 377.83 377.83 377.83 377.83
