1983 MONTHLY CO2 (PPMV)   24  12  LON/LAT (N-S/0-360E) IN 15 DEGREE RESOLUTION,  GLB ANNUAL MEAN = 343.04,  GROWTH RATE = 1.80,  MISS DATA = -99.99
 346.95 346.95 346.95 346.95 346.95 346.95 346.95 346.95 346.95 346.95 346.95 346.95 346.95 346.95 346.95 346.95 346.95 346.95 346.95 346.95 346.95 346.95 346.95 346.95
 345.12 350.09 346.95 346.95 346.95 346.95 346.95 346.95 346.95 346.95 346.95 346.95 346.91 346.87 346.91 345.79 346.95 346.95 346.95 346.95 346.95 347.50 346.95 345.97
 344.86 358.19 358.19 352.57 348.81 349.74 348.81 346.95 346.95 346.95 346.95 346.76 346.58 346.58 345.60 344.62 344.26 345.04 345.28 345.66 348.05 348.05 346.58 343.48
 342.10 350.14 354.17 349.74 349.74 349.74 349.74 349.74 344.84 341.34 343.21 344.20 344.14 344.14 343.30 343.30 343.90 343.90 343.61 341.98 344.65 346.58 345.10 342.85
 342.10 346.12 345.25 340.36 349.74 349.74 349.74 345.54 341.34 341.34 341.34 341.69 341.69 341.69 341.69 343.30 343.90 343.61 343.61 341.98 341.98 344.55 345.10 342.47
 341.59 342.23 340.36 340.36 340.36 349.74 346.94 341.34 341.34 341.34 341.34 340.99 341.09 341.63 341.63 342.47 343.90 343.61 343.61 341.98 341.98 342.62 342.59 341.34
 341.34 340.85 340.36 340.36 340.36 340.17 340.08 341.34 341.34 341.34 341.07 340.54 340.54 341.09 341.36 341.91 343.90 343.61 343.61 341.98 341.77 341.34 341.34 341.34
 341.34 340.85 340.36 340.36 340.17 339.99 339.99 339.49 339.00 339.00 339.25 339.51 340.54 340.82 341.09 340.92 341.84 342.33 343.61 340.85 340.92 341.34 341.34 341.34
 340.82 339.77 340.10 340.17 339.99 339.99 339.99 339.49 339.00 339.00 339.25 339.51 339.51 339.51 339.64 339.77 339.77 339.77 339.72 339.71 339.72 339.77 340.82 341.34
 339.77 339.77 339.77 339.77 339.92 339.99 339.92 339.77 339.26 339.00 339.38 339.51 339.60 339.77 339.77 339.77 339.77 339.77 339.73 339.71 339.73 339.77 339.77 339.77
 339.77 339.77 339.77 339.77 339.77 339.77 339.77 339.77 339.77 339.77 339.77 339.77 339.77 339.77 339.77 339.77 339.77 339.77 339.74 339.71 339.74 339.77 339.77 339.77
 339.77 339.77 339.77 339.77 339.77 339.77 339.77 339.77 339.77 339.77 339.77 339.77 339.77 339.77 339.77 339.77 339.77 339.77 339.77 339.77 339.77 339.77 339.77 339.77
 347.26 347.26 347.26 347.26 347.26 347.26 347.26 347.26 347.26 347.26 347.26 347.26 347.26 347.26 347.26 347.26 347.26 347.26 347.26 347.26 347.26 347.26 347.26 347.26
 345.41 350.69 347.26 347.26 347.26 347.26 347.26 347.26 347.26 347.26 347.26 347.26 347.06 346.87 347.06 347.06 347.26 347.26 347.26 347.26 347.26 347.60 347.26 347.61
 350.50 359.39 359.39 353.32 349.75 350.99 349.75 347.26 347.26 347.26 347.26 346.75 346.25 346.25 346.56 346.86 345.74 345.88 345.98 346.08 347.94 347.94 346.69 348.35
 346.20 352.79 356.09 350.99 350.99 350.99 350.99 350.99 345.76 342.40 344.02 344.74 344.57 344.57 343.94 343.94 344.62 344.62 344.69 343.03 345.17 346.69 345.45 346.01
 346.20 349.50 347.22 341.64 350.99 350.99 350.99 346.69 342.40 342.40 342.40 342.89 342.89 342.89 342.89 343.94 344.62 344.69 344.69 343.03 343.03 345.06 345.45 344.96
 343.28 344.04 341.64 341.64 341.64 350.99 348.13 342.40 342.40 342.40 342.40 341.54 341.72 342.93 342.93 343.44 344.62 344.69 344.69 343.03 343.03 343.23 343.03 341.82
 341.82 341.73 341.64 341.64 341.64 340.98 340.64 342.40 342.40 342.40 341.77 340.50 340.50 341.72 342.32 342.88 344.62 344.69 344.69 343.03 342.63 341.82 341.82 341.82
 341.82 341.73 341.64 341.64 340.98 340.31 340.31 339.90 339.50 339.50 339.58 339.66 340.50 341.11 341.72 341.44 342.18 343.04 344.69 341.23 341.28 341.82 341.82 341.82
 341.12 339.73 340.78 340.98 340.31 340.31 340.31 339.90 339.50 339.50 339.58 339.66 339.66 339.66 339.70 339.73 339.73 339.73 339.46 339.42 339.46 339.73 341.12 341.82
 339.73 339.73 339.73 339.73 340.12 340.31 340.12 339.73 339.58 339.50 339.62 339.66 339.68 339.73 339.73 339.73 339.73 339.73 339.50 339.42 339.50 339.73 339.73 339.73
 339.73 339.73 339.73 339.73 339.73 339.73 339.73 339.73 339.73 339.73 339.73 339.73 339.73 339.73 339.73 339.73 339.73 339.73 339.58 339.42 339.58 339.73 339.73 339.73
 339.73 339.73 339.73 339.73 339.73 339.73 339.73 339.73 339.73 339.73 339.73 339.73 339.73 339.73 339.73 339.73 339.73 339.73 339.73 339.73 339.73 339.73 339.73 339.73
 347.81 347.81 347.81 347.81 347.81 347.81 347.81 347.81 347.81 347.81 347.81 347.81 347.81 347.81 347.81 347.81 347.81 347.81 347.81 347.81 347.81 347.81 347.81 347.81
 346.87 350.88 347.80 347.80 347.80 347.80 347.80 347.80 347.80 347.80 347.80 347.80 347.79 347.77 347.79 346.78 347.80 347.80 347.80 347.80 347.80 349.18 347.80 347.44
 347.29 357.98 357.98 352.89 350.39 351.69 350.39 347.80 347.80 347.80 347.80 347.04 346.28 346.28 346.02 345.76 345.56 346.24 346.45 347.76 349.23 350.56 347.72 345.84
 344.40 351.19 354.59 351.69 351.69 351.69 351.69 351.69 346.61 343.48 344.92 345.30 345.05 345.05 345.53 345.53 345.36 345.36 345.10 346.26 347.89 347.78 344.88 344.52
 344.40 347.79 347.28 343.37 351.69 351.69 351.69 347.59 343.48 343.48 343.48 343.81 343.81 343.81 343.81 345.53 345.36 345.10 345.10 344.63 346.26 346.31 344.88 343.79
 342.53 344.04 343.37 343.37 343.37 351.69 348.95 343.48 343.48 343.48 343.48 342.04 341.97 343.28 343.28 344.40 345.36 345.10 345.10 344.63 345.44 344.01 342.69 341.59
 341.59 342.48 343.37 343.37 343.37 341.87 341.12 343.48 343.48 343.48 342.54 340.66 340.66 341.97 342.62 343.51 345.36 345.10 345.10 344.63 343.89 341.59 341.59 341.59
 341.59 342.48 343.37 343.37 341.87 340.37 340.37 339.93 339.50 339.50 339.77 340.05 340.66 341.31 341.97 341.76 342.57 343.33 345.10 342.02 341.74 341.59 341.59 341.59
 340.99 339.78 341.67 341.87 340.37 340.37 340.37 339.93 339.50 339.50 339.77 340.05 340.05 340.05 339.92 339.78 339.78 339.78 339.46 339.41 339.46 339.78 340.99 341.59
 339.78 339.78 339.78 339.78 340.17 340.37 340.17 339.78 339.59 339.50 339.78 340.05 339.96 339.78 339.78 339.78 339.78 339.78 339.50 339.41 339.50 339.78 339.78 339.78
 339.78 339.78 339.78 339.78 339.78 339.78 339.78 339.78 339.78 339.78 339.78 339.78 339.78 339.78 339.78 339.78 339.78 339.78 339.60 339.41 339.60 339.78 339.78 339.78
 339.78 339.78 339.78 339.78 339.78 339.78 339.78 339.78 339.78 339.78 339.78 339.78 339.78 339.78 339.78 339.78 339.78 339.78 339.78 339.78 339.78 339.78 339.78 339.78
 348.23 348.23 348.23 348.23 348.23 348.23 348.23 348.23 348.23 348.23 348.23 348.23 348.23 348.23 348.23 348.23 348.23 348.23 348.23 348.23 348.23 348.23 348.23 348.23
 347.37 351.01 348.23 348.23 348.23 348.23 348.23 348.23 348.23 348.23 348.23 348.23 348.10 347.96 348.10 348.23 348.23 348.23 348.23 348.23 348.23 348.23 348.23 347.44
 345.91 357.42 357.42 352.83 350.93 352.28 350.93 348.23 348.23 348.23 348.23 347.72 347.21 347.21 347.21 347.10 346.61 347.15 347.05 346.56 348.23 346.38 345.45 345.26
 344.60 351.01 354.22 352.28 352.28 352.28 352.28 352.28 347.45 344.64 345.84 346.36 346.19 346.19 347.10 347.10 346.61 346.61 345.86 344.88 345.07 345.45 345.45 344.81
 344.60 347.81 346.57 342.14 352.28 352.28 352.28 348.46 344.64 344.64 344.64 345.17 345.17 345.17 345.17 347.10 346.61 345.86 345.86 344.88 344.88 345.26 345.45 344.04
 342.69 343.64 342.14 342.14 342.14 352.28 349.73 344.64 344.64 344.64 344.64 342.77 342.95 345.19 345.19 346.14 346.61 345.86 345.86 344.88 344.88 343.71 342.98 341.74
 341.74 341.94 342.14 342.14 342.14 341.38 341.01 344.64 344.64 344.64 343.33 340.72 340.72 342.95 344.07 345.11 346.61 345.86 345.86 344.88 343.83 341.74 341.74 341.74
 341.74 341.94 342.14 342.14 341.38 340.63 340.63 340.37 340.10 340.10 335.73 327.04 314.06 314.06 314.06 314.06 333.61 343.96 345.86 342.44 342.01 341.74 341.74 341.74
 341.22 340.18 341.23 341.38 340.63 340.63 340.63 340.37 340.10 340.10 340.06 340.02 327.04 320.55 324.93 340.18 340.18 340.18 340.02 340.00 340.02 340.18 341.22 341.74
 340.18 340.18 340.18 340.18 340.48 340.63 340.48 340.18 340.13 340.10 340.09 340.02 335.74 340.18 340.18 340.18 340.18 340.18 340.04 340.00 340.04 340.18 340.18 340.18
 340.18 340.18 340.18 340.18 340.18 340.18 340.18 340.18 340.18 340.18 340.18 340.18 340.18 340.18 340.18 340.18 340.18 340.18 340.09 340.00 340.09 340.18 340.18 340.18
 340.18 340.18 340.18 340.18 340.18 340.18 340.18 340.18 340.18 340.18 340.18 340.18 340.18 340.18 340.18 340.18 340.18 340.18 340.18 340.18 340.18 340.18 340.18 340.18
 348.53 348.53 348.53 348.53 348.53 348.53 348.53 348.53 348.53 348.53 348.53 348.53 348.53 348.53 348.53 348.53 348.53 348.53 348.53 348.53 348.53 348.53 348.53 348.53
 346.33 350.02 348.53 348.53 348.53 348.53 348.53 348.53 348.53 348.53 348.53 348.53 348.39 348.24 348.39 348.53 348.53 348.53 348.53 348.53 348.53 348.51 348.53 346.80
 343.81 355.19 355.19 351.86 350.72 351.81 350.72 348.53 348.53 348.53 348.53 347.80 347.07 347.07 347.07 345.26 346.51 347.19 347.62 347.38 347.89 348.49 346.88 343.51
 343.20 349.19 352.19 351.81 351.81 351.81 351.81 351.81 348.01 345.86 346.75 346.74 346.50 346.50 345.26 345.26 346.51 346.51 346.72 345.73 347.29 347.02 345.28 343.72
 343.20 346.20 344.70 340.20 351.81 351.81 351.81 348.84 345.86 345.86 345.86 345.93 345.93 345.93 345.93 345.26 346.51 346.72 346.72 344.16 345.73 346.01 345.28 343.40
 342.70 342.61 340.20 340.20 340.20 351.81 349.83 345.86 345.86 345.86 345.86 343.38 343.11 345.04 345.04 345.15 346.51 346.72 346.72 344.16 344.94 344.20 343.39 342.45
 342.45 341.32 340.20 340.20 340.20 340.47 340.60 345.86 345.86 345.86 344.30 341.18 341.18 343.11 344.08 344.61 346.51 346.72 346.72 344.16 343.85 342.45 342.45 342.45
 342.45 341.32 340.20 340.20 340.47 340.73 340.73 340.37 340.00 340.00 340.45 340.98 341.19 341.19 341.19 341.19 342.79 344.70 346.72 342.38 342.32 342.45 342.45 342.45
 341.86 340.67 340.44 340.47 340.73 340.73 340.73 340.37 340.00 340.00 340.38 340.76 340.98 341.08 340.98 340.67 340.67 340.67 340.61 340.60 340.61 340.67 341.86 342.45
 340.67 340.67 340.67 340.67 340.71 340.73 340.71 340.67 340.22 340.00 340.45 340.76 340.80 340.67 340.67 340.67 340.67 340.67 340.62 340.60 340.62 340.67 340.67 340.67
 340.67 340.67 340.67 340.67 340.67 340.67 340.67 340.67 340.67 340.67 340.67 340.67 340.67 340.67 340.67 340.67 340.67 340.67 340.63 340.60 340.63 340.67 340.67 340.67
 340.67 340.67 340.67 340.67 340.67 340.67 340.67 340.67 340.67 340.67 340.67 340.67 340.67 340.67 340.67 340.67 340.67 340.67 340.67 340.67 340.67 340.67 340.67 340.67
 346.22 346.22 346.22 346.22 346.22 346.22 346.22 346.22 346.22 346.22 346.22 346.22 346.22 346.22 346.22 346.22 346.22 346.22 346.22 346.22 346.22 346.22 346.22 346.22
 344.22 346.65 346.22 346.22 346.22 346.22 346.22 346.22 346.22 346.22 346.22 346.22 346.81 347.39 346.81 346.22 346.22 346.22 346.22 346.22 346.22 346.22 346.22 344.54
 341.50 349.52 349.52 347.87 348.62 349.82 348.62 346.22 346.22 346.22 346.22 345.00 343.78 343.78 343.78 342.64 343.60 344.47 346.25 344.90 344.11 344.48 343.69 341.15
 340.80 345.16 347.34 349.82 349.82 349.82 349.82 349.82 346.90 345.78 345.93 344.88 344.47 344.47 342.64 342.64 343.60 343.60 346.27 344.38 344.11 343.90 343.69 341.52
 340.80 342.98 342.38 339.60 349.82 349.82 349.82 347.80 345.78 345.78 345.78 345.16 345.16 345.16 345.16 342.64 343.60 346.27 346.27 344.64 344.38 343.99 343.69 341.98
 342.51 341.64 339.60 339.60 339.60 349.82 348.47 345.78 345.78 345.78 345.78 343.04 341.66 345.16 345.16 342.64 343.60 347.73 347.74 344.64 344.51 343.84 343.48 343.37
 343.37 341.49 339.60 339.60 339.60 340.35 340.72 345.78 345.78 345.78 344.41 341.66 341.66 341.66 341.66 344.50 349.20 349.20 349.20 349.20 349.20 343.37 343.37 343.37
 343.37 341.48 339.60 339.60 340.35 341.09 341.09 340.70 340.30 340.30 340.59 340.88 341.66 341.66 341.66 344.08 349.20 349.20 349.20 349.20 349.20 343.37 343.37 343.37
 342.57 340.97 340.31 340.35 341.09 341.09 341.09 340.70 340.30 340.30 340.59 340.88 340.88 340.88 340.92 340.97 340.97 346.46 349.20 340.89 340.90 340.97 342.57 343.37
 340.97 340.97 340.97 340.97 341.05 341.09 341.05 340.97 340.52 340.30 340.68 340.88 340.91 340.97 340.97 340.97 340.97 340.97 340.91 340.89 340.91 340.97 340.97 340.97
 340.97 340.97 340.97 340.97 340.97 340.97 340.97 340.97 340.97 340.97 340.97 340.97 340.97 340.97 340.97 340.97 340.97 340.97 340.93 340.89 340.93 340.97 340.97 340.97
 340.97 340.97 340.97 340.97 340.97 340.97 340.97 340.97 340.97 340.97 340.97 340.97 340.97 340.97 340.97 340.97 340.97 340.97 340.97 340.97 340.97 340.97 340.97 340.97
 343.34 343.34 343.34 343.34 343.34 343.34 343.34 343.34 343.34 343.34 343.34 343.34 343.34 343.34 343.34 343.34 343.34 343.34 343.34 343.34 343.34 343.34 343.34 343.34
 338.61 344.67 343.34 343.34 343.34 343.34 343.34 343.34 343.34 343.34 343.34 343.34 341.87 340.40 341.87 343.34 343.34 343.34 343.34 343.34 343.34 342.98 343.34 341.14
 339.29 352.07 352.07 347.70 343.57 343.69 343.57 343.34 343.34 343.34 343.34 340.04 336.74 336.74 336.74 340.29 340.11 341.18 343.60 342.13 341.62 342.63 342.22 339.29
 339.30 345.69 348.88 343.69 343.69 343.69 343.69 343.69 343.96 344.41 344.05 341.10 340.00 340.00 340.29 340.29 340.11 340.11 343.86 341.44 340.60 341.68 341.80 339.93
 339.30 342.49 342.46 339.24 343.69 343.69 343.69 344.05 344.41 344.41 344.41 343.26 343.26 343.26 343.26 340.29 340.11 343.86 343.86 342.27 341.44 341.64 341.80 340.81
 342.07 341.29 339.24 339.24 339.24 343.69 343.93 344.41 344.41 344.41 344.41 342.72 341.88 343.26 343.26 340.29 340.11 346.48 346.48 342.27 341.85 342.46 342.90 343.45
 343.45 341.35 339.24 339.24 339.24 340.40 340.99 344.41 344.41 344.41 343.57 341.88 341.88 341.88 341.88 343.76 349.10 349.10 349.10 349.10 349.10 343.45 343.45 343.45
 343.45 341.35 339.24 339.24 340.40 341.57 341.57 341.34 341.10 341.10 341.26 341.46 341.57 341.57 341.57 341.57 349.10 349.10 349.10 349.10 349.10 343.45 343.45 343.45
 342.73 341.28 340.31 340.40 341.57 341.57 341.57 341.34 341.10 341.10 341.23 341.36 341.46 341.52 341.46 341.28 341.28 346.49 349.10 341.41 341.39 341.28 342.73 343.45
 341.28 341.28 341.28 341.28 341.47 341.57 341.47 341.28 341.16 341.10 341.24 341.36 341.37 341.28 341.28 341.28 341.28 341.28 341.38 341.41 341.38 341.28 341.28 341.28
 341.28 341.28 341.28 341.28 341.28 341.28 341.28 341.28 341.28 341.28 341.28 341.28 341.28 341.28 341.28 341.28 341.28 341.28 341.35 341.41 341.35 341.28 341.28 341.28
 341.28 341.28 341.28 341.28 341.28 341.28 341.28 341.28 341.28 341.28 341.28 341.28 341.28 341.28 341.28 341.28 341.28 341.28 341.28 341.28 341.28 341.28 341.28 341.28
 335.51 335.51 335.51 335.51 335.51 335.51 335.51 335.51 335.51 335.51 335.51 335.51 335.51 335.51 335.51 335.51 335.51 335.51 335.51 335.51 335.51 335.51 335.51 335.51
 333.91 334.71 335.51 335.51 335.51 335.51 335.51 335.51 335.51 335.51 335.51 335.51 334.28 333.05 334.28 334.97 335.51 335.51 335.51 335.51 335.51 335.57 335.51 335.79
 338.22 338.22 336.87 335.51 342.31 345.71 342.31 335.51 335.51 335.51 335.51 334.15 332.80 332.80 333.61 334.42 335.58 335.94 338.20 336.73 335.64 335.64 337.13 337.71
 337.20 337.20 337.20 345.71 345.71 345.71 345.71 345.71 341.37 342.12 339.92 337.30 336.85 336.85 335.99 335.99 336.74 336.74 340.89 339.05 337.72 337.13 338.63 337.56
 337.20 337.20 338.47 339.73 345.71 345.71 345.71 343.91 342.12 342.12 342.12 340.90 340.90 340.90 340.90 335.99 336.74 340.89 340.89 339.05 339.05 338.27 338.63 338.96
 341.18 339.89 339.73 339.73 339.73 345.71 344.51 342.12 342.12 342.12 342.12 342.19 342.60 343.34 343.34 339.66 336.74 344.35 344.35 339.05 339.05 340.54 341.66 343.17
 343.17 341.45 339.73 339.73 339.73 340.80 341.34 342.12 342.12 342.12 342.03 341.85 341.85 342.60 342.97 343.48 347.80 347.80 347.80 347.80 347.80 343.17 343.17 343.17
 343.17 341.45 339.73 339.73 340.80 341.88 341.88 341.59 341.30 341.30 341.67 342.03 341.85 342.22 342.60 343.94 347.80 347.80 347.80 347.80 347.80 343.17 343.17 343.17
 342.74 341.88 340.80 340.80 341.88 341.88 341.88 341.59 341.30 341.30 341.67 342.03 342.03 342.03 341.96 341.88 341.88 345.83 347.80 342.01 341.99 341.88 342.74 343.17
 341.88 341.88 341.88 341.88 341.88 341.88 341.88 341.88 341.49 341.30 341.72 342.03 341.98 341.88 341.88 341.88 341.88 341.88 341.98 342.01 341.98 341.88 341.88 341.88
 341.88 341.88 341.88 341.88 341.88 341.88 341.88 341.88 341.88 341.88 341.88 341.88 341.88 341.88 341.88 341.88 341.88 341.88 341.94 342.01 341.94 341.88 341.88 341.88
 341.88 341.88 341.88 341.88 341.88 341.88 341.88 341.88 341.88 341.88 341.88 341.88 341.88 341.88 341.88 341.88 341.88 341.88 341.88 341.88 341.88 341.88 341.88 341.88
 335.73 335.73 335.73 335.73 335.73 335.73 335.73 335.73 335.73 335.73 335.73 335.73 335.73 335.73 335.73 335.73 335.73 335.73 335.73 335.73 335.73 335.73 335.73 335.73
 335.43 342.25 335.73 335.73 335.73 335.73 335.73 335.73 335.73 335.73 335.73 335.73 335.32 334.91 335.32 336.02 335.73 335.73 335.73 335.73 335.73 335.81 335.73 336.26
 338.14 355.59 355.59 345.66 340.56 342.97 340.56 335.73 335.73 335.73 335.73 336.37 337.01 337.01 336.66 336.31 337.06 336.87 337.69 335.58 334.56 335.88 336.61 338.07
 338.00 346.79 351.19 342.97 342.97 342.97 342.97 342.97 339.62 339.89 338.50 337.90 338.12 338.12 337.06 337.06 337.81 337.81 339.64 336.44 333.23 335.48 337.33 337.83
 338.00 342.40 343.40 340.01 342.97 342.97 342.97 341.43 339.89 339.89 339.89 339.22 339.22 339.22 339.22 337.06 337.81 339.64 339.64 339.65 336.44 336.42 337.33 339.17
 341.46 341.37 340.01 340.01 340.01 342.97 341.94 339.89 339.89 339.89 339.89 341.18 341.83 339.22 339.22 337.06 337.81 344.02 344.02 339.65 338.04 339.72 341.24 343.19
 343.19 341.60 340.01 340.01 340.01 340.94 341.40 339.89 339.89 339.89 340.54 341.83 341.83 341.83 341.83 342.43 348.40 348.40 348.40 348.40 348.40 343.19 343.19 343.19
 343.19 341.60 340.01 340.01 340.94 341.86 341.86 341.63 341.40 341.40 341.64 341.89 341.83 341.83 341.83 343.73 348.40 348.40 348.40 348.40 348.40 343.19 343.19 343.19
 342.88 342.27 341.07 340.94 341.86 341.86 341.86 341.63 341.40 341.40 341.64 341.89 341.89 341.89 342.08 342.27 342.27 346.36 348.40 342.17 342.18 342.27 342.88 343.19
 342.27 342.27 342.27 342.27 342.00 341.86 342.00 342.27 341.69 341.40 341.80 341.89 342.02 342.27 342.27 342.27 342.27 342.27 342.20 342.17 342.20 342.27 342.27 342.27
 342.27 342.27 342.27 342.27 342.27 342.27 342.27 342.27 342.27 342.27 342.27 342.27 342.27 342.27 342.27 342.27 342.27 342.27 342.22 342.17 342.22 342.27 342.27 342.27
 342.27 342.27 342.27 342.27 342.27 342.27 342.27 342.27 342.27 342.27 342.27 342.27 342.27 342.27 342.27 342.27 342.27 342.27 342.27 342.27 342.27 342.27 342.27 342.27
 340.57 340.57 340.57 340.57 340.57 340.57 340.57 340.57 340.57 340.57 340.57 340.57 340.57 340.57 340.57 340.57 340.57 340.57 340.57 340.57 340.57 340.57 340.57 340.57
 340.51 346.21 340.57 340.57 340.57 340.57 340.57 340.57 340.57 340.57 340.57 340.57 340.59 340.61 340.59 340.87 340.57 340.57 340.57 340.57 340.57 340.36 340.57 341.00
 342.34 357.56 357.56 349.07 343.88 345.53 343.88 340.57 340.57 340.57 340.57 341.98 343.39 343.39 342.27 341.16 341.00 340.81 340.47 340.55 340.62 340.14 340.00 341.22
 340.10 348.83 353.20 345.53 345.53 345.53 345.53 345.53 341.54 340.02 340.20 341.24 341.71 341.71 341.74 341.74 340.85 340.85 340.37 340.45 341.11 340.37 339.86 340.04
 340.10 344.47 348.83 345.53 345.53 345.53 345.53 342.77 340.02 340.02 340.02 340.04 340.04 340.04 340.04 341.74 340.85 340.37 340.37 339.79 340.45 340.23 339.86 340.87
 342.26 343.36 345.18 345.53 345.53 345.53 343.69 340.02 340.02 340.02 340.02 341.35 342.01 340.04 340.04 341.74 340.85 345.79 345.78 339.79 340.12 341.47 342.18 343.34
 343.34 343.34 343.34 342.32 341.81 341.81 341.81 340.02 340.02 340.02 340.68 342.01 342.01 342.01 342.01 344.98 351.20 351.20 351.20 351.20 351.20 343.34 343.34 343.34
 343.34 343.34 342.63 341.81 341.81 341.81 341.81 341.56 341.30 341.30 341.60 341.86 341.74 341.74 341.74 341.74 351.20 351.20 351.20 351.20 351.20 343.34 343.34 343.34
 342.97 342.24 342.03 341.81 341.81 341.81 341.81 341.56 341.30 341.30 341.63 341.97 341.86 341.80 341.93 342.24 342.24 348.21 351.20 342.16 342.17 342.24 342.97 343.34
 342.24 342.24 342.24 342.24 341.96 341.81 341.96 342.24 341.61 341.30 341.79 341.97 342.02 342.24 342.24 342.24 342.24 342.24 342.18 342.16 342.18 342.24 342.24 342.24
 342.24 342.24 342.24 342.24 342.24 342.24 342.24 342.24 342.24 342.24 342.24 342.24 342.24 342.24 342.24 342.24 342.24 342.24 342.20 342.16 342.20 342.24 342.24 342.24
 342.24 342.24 342.24 342.24 342.24 342.24 342.24 342.24 342.24 342.24 342.24 342.24 342.24 342.24 342.24 342.24 342.24 342.24 342.24 342.24 342.24 342.24 342.24 342.24
 344.81 344.81 344.81 344.81 344.81 344.81 344.81 344.81 344.81 344.81 344.81 344.81 344.81 344.81 344.81 344.81 344.81 344.81 344.81 344.81 344.81 344.81 344.81 344.81
 343.58 351.92 344.81 344.81 344.81 344.81 344.81 344.81 344.81 344.81 344.81 344.81 345.34 345.87 345.34 345.02 344.81 344.81 344.81 344.81 344.81 344.75 344.81 345.51
 348.86 367.36 367.36 356.09 344.80 344.80 344.80 344.81 344.81 344.81 344.81 345.25 345.68 345.68 345.46 345.24 344.24 344.10 343.18 343.52 344.33 344.69 344.00 346.43
 344.00 355.68 361.52 344.80 344.80 344.80 344.80 344.80 343.02 341.23 342.42 343.42 343.57 343.57 345.11 345.11 343.25 343.25 341.55 341.42 343.97 343.99 343.31 343.83
 344.00 349.84 355.68 344.80 344.80 344.80 344.80 343.01 341.23 341.23 341.23 341.45 341.45 341.45 341.45 345.11 343.25 341.55 341.55 338.86 341.42 342.90 343.31 343.68
 343.48 345.51 348.14 344.80 344.80 344.80 343.61 341.23 341.23 341.23 341.23 341.91 342.25 342.25 342.25 343.68 343.25 345.98 345.98 338.86 340.14 342.38 343.25 343.22
 343.22 343.22 343.22 342.36 341.94 341.94 341.94 341.23 341.23 341.23 341.57 342.25 342.25 342.25 342.25 345.44 350.40 350.40 350.40 350.40 350.40 343.22 343.22 343.22
 343.22 343.22 342.61 341.94 341.94 341.94 341.94 341.67 341.40 341.40 341.63 341.95 342.21 342.21 342.21 342.21 350.40 350.40 350.40 350.40 350.40 343.22 343.22 343.22
 342.89 342.22 342.08 341.94 341.94 341.94 341.94 341.67 341.40 341.40 341.54 341.69 341.95 342.08 342.17 342.22 342.22 347.67 350.40 342.16 342.17 342.22 342.89 343.22
 342.22 342.22 342.22 342.22 342.03 341.94 342.03 342.22 341.67 341.40 341.71 341.69 341.95 342.22 342.22 342.22 342.22 342.22 342.18 342.16 342.18 342.22 342.22 342.22
 342.22 342.22 342.22 342.22 342.22 342.22 342.22 342.22 342.22 342.22 342.22 342.22 342.22 342.22 342.22 342.22 342.22 342.22 342.19 342.16 342.19 342.22 342.22 342.22
 342.22 342.22 342.22 342.22 342.22 342.22 342.22 342.22 342.22 342.22 342.22 342.22 342.22 342.22 342.22 342.22 342.22 342.22 342.22 342.22 342.22 342.22 342.22 342.22
 347.49 347.49 347.49 347.49 347.49 347.49 347.49 347.49 347.49 347.49 347.49 347.49 347.49 347.49 347.49 347.49 347.49 347.49 347.49 347.49 347.49 347.49 347.49 347.49
 345.90 353.42 347.49 347.49 347.49 347.49 347.49 347.49 347.49 347.49 347.49 347.49 347.08 346.67 347.08 347.49 347.49 347.49 347.49 347.49 347.49 346.48 347.49 348.00
 351.12 366.86 366.86 357.18 346.60 346.16 346.60 347.49 347.49 347.49 347.49 346.77 346.06 346.06 346.06 347.82 345.39 346.09 345.50 346.05 346.60 345.46 345.13 348.36
 345.60 356.23 361.55 346.16 346.16 346.16 346.16 346.16 344.50 342.18 343.95 344.76 344.52 344.52 347.82 347.82 345.39 345.39 343.50 344.06 347.73 346.00 344.80 345.40
 345.60 350.92 356.23 346.16 346.16 346.16 346.16 344.17 342.18 342.18 342.18 342.98 342.98 342.98 342.98 347.82 345.39 343.50 343.50 340.38 344.06 344.95 344.80 344.87
 344.06 346.09 348.54 346.16 346.16 346.16 344.83 342.18 342.18 342.18 342.18 342.45 342.61 342.67 342.67 345.25 345.39 346.50 346.50 340.38 342.22 343.56 343.79 343.29
 343.29 343.29 343.29 342.47 342.06 342.06 342.06 342.18 342.18 342.18 342.30 342.55 342.55 342.61 342.64 345.80 349.50 349.50 349.50 349.50 349.50 343.29 343.29 343.29
 343.29 343.29 342.68 342.06 342.06 342.06 342.06 341.73 341.40 341.40 341.66 341.97 342.13 342.13 342.13 342.13 349.50 349.50 349.50 349.50 349.50 343.29 343.29 343.29
 342.88 342.05 342.06 342.06 342.06 342.06 342.06 341.73 341.40 341.40 341.60 341.80 341.97 342.05 342.08 342.05 342.05 347.02 349.50 342.13 342.12 342.05 342.88 343.29
 342.05 342.05 342.05 342.05 342.06 342.06 342.06 342.05 341.62 341.40 341.71 341.80 341.94 342.05 342.05 342.05 342.05 342.05 342.11 342.13 342.11 342.05 342.05 342.05
 342.05 342.05 342.05 342.05 342.05 342.05 342.05 342.05 342.05 342.05 342.05 342.05 342.05 342.05 342.05 342.05 342.05 342.05 342.09 342.13 342.09 342.05 342.05 342.05
 342.05 342.05 342.05 342.05 342.05 342.05 342.05 342.05 342.05 342.05 342.05 342.05 342.05 342.05 342.05 342.05 342.05 342.05 342.05 342.05 342.05 342.05 342.05 342.05
