1984 MONTHLY CO2 (PPMV)   24  12  LON/LAT (N-S/0-360E) IN 15 DEGREE RESOLUTION,  GLB ANNUAL MEAN = 344.30,  GROWTH RATE = 1.26,  MISS DATA = -99.99
 348.46 348.46 348.46 348.46 348.46 348.46 348.46 348.46 348.46 348.46 348.46 348.46 348.46 348.46 348.46 348.46 348.46 348.46 348.46 348.46 348.46 348.46 348.46 348.46
 347.54 353.89 348.46 348.46 348.46 348.46 348.46 348.46 348.46 348.46 348.46 348.46 349.08 349.69 349.08 348.46 348.46 348.46 348.46 348.46 348.46 348.46 348.46 348.49
 349.49 365.66 365.66 357.06 348.71 348.84 348.71 348.46 348.46 348.46 348.46 348.06 347.65 347.65 347.65 347.53 345.80 346.69 347.14 348.37 350.03 348.31 346.50 347.70
 345.90 355.78 360.72 348.84 348.84 348.84 348.84 348.84 346.03 343.40 345.09 345.98 345.84 345.84 347.53 347.53 345.80 345.80 345.83 346.63 350.03 348.26 346.50 346.05
 345.90 350.84 355.78 348.84 348.84 348.84 348.84 346.12 343.40 343.40 343.40 344.03 344.03 344.03 344.03 347.53 345.80 345.83 345.83 343.23 346.63 347.13 346.50 345.36
 344.16 346.10 348.39 348.84 348.84 348.84 347.03 343.40 343.40 343.40 343.40 343.30 343.40 343.71 343.71 345.62 345.80 345.83 345.83 343.23 344.93 344.93 344.36 343.29
 343.29 343.29 343.29 342.48 342.07 342.07 342.07 343.40 343.40 343.40 343.30 343.09 343.09 343.40 343.55 344.59 345.80 345.83 345.83 343.23 343.82 343.29 343.29 343.29
 343.29 343.29 342.65 342.07 342.07 342.07 342.07 341.74 341.41 341.41 341.48 341.55 343.09 343.25 343.40 343.28 343.83 344.51 345.83 342.56 342.88 343.29 343.29 343.29
 342.81 341.86 341.97 342.07 342.07 342.07 342.07 341.74 341.41 341.41 341.48 341.55 341.55 341.55 341.70 341.86 341.86 341.86 341.88 341.88 341.88 341.86 342.81 343.29
 341.86 341.86 341.86 341.86 342.00 342.07 342.00 341.86 341.56 341.41 341.57 341.55 341.65 341.86 341.86 341.86 341.86 341.86 341.88 341.88 341.88 341.86 341.86 341.86
 341.86 341.86 341.86 341.86 341.86 341.86 341.86 341.86 341.86 341.86 341.86 341.86 341.86 341.86 341.86 341.86 341.86 341.86 341.87 341.88 341.87 341.86 341.86 341.86
 341.86 341.86 341.86 341.86 341.86 341.86 341.86 341.86 341.86 341.86 341.86 341.86 341.86 341.86 341.86 341.86 341.86 341.86 341.86 341.86 341.86 341.86 341.86 341.86
 350.31 350.31 350.31 350.31 350.31 350.31 350.31 350.31 350.31 350.31 350.31 350.31 350.31 350.31 350.31 350.31 350.31 350.31 350.31 350.31 350.31 350.31 350.31 350.31
 348.11 353.76 350.31 350.31 350.31 350.31 350.31 350.31 350.31 350.31 350.31 350.31 350.54 350.76 350.54 350.31 350.31 350.31 350.31 350.31 350.31 348.14 350.31 350.74
 354.25 362.87 362.87 356.59 350.91 351.21 350.91 350.31 350.31 350.31 350.31 349.82 349.33 349.33 349.33 347.08 346.88 348.03 348.30 347.42 346.32 345.97 347.01 351.62
 349.00 355.94 359.40 351.21 351.21 351.21 351.21 351.21 347.60 344.43 346.39 347.27 347.11 347.11 347.08 347.08 346.88 346.88 346.29 345.63 346.66 346.89 348.05 348.76
 349.00 352.47 355.94 351.21 351.21 351.21 351.21 347.82 344.43 344.43 344.43 344.89 344.89 344.89 344.89 347.08 346.88 346.29 346.29 344.61 345.63 346.86 348.05 347.21
 344.71 346.58 348.36 351.21 351.21 351.21 348.95 344.43 344.43 344.43 344.43 343.83 343.78 344.28 344.28 345.68 346.88 346.29 346.29 344.61 345.12 344.74 344.40 342.57
 342.57 342.57 342.57 342.53 342.51 342.51 342.51 344.43 344.43 344.43 344.05 343.28 343.28 343.78 344.03 344.86 346.88 346.29 346.29 344.61 344.10 342.57 342.57 342.57
 342.57 342.57 341.85 342.51 342.51 342.51 342.51 341.90 341.30 341.30 341.43 341.56 343.28 343.53 343.78 343.45 344.29 344.76 346.29 343.05 342.81 342.57 342.57 342.57
 342.28 341.83 341.85 342.51 342.51 342.51 342.51 341.90 341.30 341.30 341.43 341.56 341.56 341.56 341.63 341.70 341.70 341.70 341.52 341.49 341.52 341.70 342.28 342.57
 341.70 341.81 341.85 341.81 342.24 342.51 342.24 341.70 341.43 341.30 341.50 341.56 341.61 341.70 341.70 341.70 341.70 341.70 341.54 341.49 341.54 341.70 341.70 341.70
 341.70 341.78 341.85 341.78 341.70 341.70 341.70 341.70 341.70 341.70 341.70 341.70 341.70 341.70 341.70 341.70 341.70 341.70 341.60 341.49 341.60 341.70 341.70 341.70
 341.70 341.70 341.70 341.70 341.70 341.70 341.70 341.70 341.70 341.70 341.70 341.70 341.70 341.70 341.70 341.70 341.70 341.70 341.70 341.70 341.70 341.70 341.70 341.70
 349.92 349.92 349.92 349.92 349.92 349.92 349.92 349.92 349.92 349.92 349.92 349.92 349.92 349.92 349.92 349.92 349.92 349.92 349.92 349.92 349.92 349.92 349.92 349.92
 349.11 352.87 349.92 349.92 349.92 349.92 349.92 349.92 349.92 349.92 349.92 349.92 350.01 350.11 350.01 349.92 349.92 349.92 349.92 349.92 349.92 348.00 349.92 350.76
 354.09 359.59 359.59 354.75 350.95 351.47 350.95 349.92 349.92 349.92 349.92 349.50 349.09 349.09 349.09 348.17 347.81 348.52 348.38 348.64 348.16 346.08 346.78 352.14
 350.20 354.89 357.24 351.47 351.47 351.47 351.47 351.47 347.88 345.07 346.69 347.48 347.35 347.35 348.17 348.17 347.81 347.81 346.85 347.86 350.24 347.94 347.49 349.52
 350.20 352.55 354.89 351.47 351.47 351.47 351.47 348.27 345.07 345.07 345.07 345.60 345.60 345.60 345.60 348.17 347.81 346.85 346.85 345.47 347.86 347.76 347.49 347.75
 345.03 346.68 348.01 351.47 351.47 351.47 349.34 345.07 345.07 345.07 345.07 344.22 344.45 345.76 345.76 346.97 347.81 346.85 346.85 345.47 346.66 345.25 344.13 342.45
 342.45 342.45 342.45 342.10 341.92 341.92 341.92 345.07 345.07 345.07 344.42 343.13 343.13 344.45 345.11 346.04 347.81 346.85 346.85 345.47 344.86 342.45 342.45 342.45
 342.45 342.45 341.69 341.92 341.92 341.92 341.92 341.63 341.34 341.34 341.56 341.92 342.35 342.35 342.35 342.35 343.93 345.10 346.85 343.51 343.09 342.45 342.45 342.45
 342.17 341.68 341.69 341.92 341.92 341.92 341.92 341.63 341.34 341.34 341.41 341.49 341.92 342.13 342.03 341.61 341.61 341.61 341.56 341.55 341.56 341.61 342.17 342.45
 341.61 341.67 341.69 341.67 341.82 341.92 341.82 341.61 341.43 341.34 341.46 341.49 341.67 341.61 341.61 341.61 341.61 341.61 341.57 341.55 341.57 341.61 341.61 341.61
 341.61 341.65 341.69 341.65 341.61 341.61 341.61 341.61 341.61 341.61 341.61 341.61 341.61 341.61 341.61 341.61 341.61 341.61 341.58 341.55 341.58 341.61 341.61 341.61
 341.61 341.61 341.61 341.61 341.61 341.61 341.61 341.61 341.61 341.61 341.61 341.61 341.61 341.61 341.61 341.61 341.61 341.61 341.61 341.61 341.61 341.61 341.61 341.61
 349.91 349.91 349.91 349.91 349.91 349.91 349.91 349.91 349.91 349.91 349.91 349.91 349.91 349.91 349.91 349.91 349.91 349.91 349.91 349.91 349.91 349.91 349.91 349.91
 349.50 352.96 349.91 349.91 349.91 349.91 349.91 349.91 349.91 349.91 349.91 349.91 349.83 349.75 349.83 349.91 349.91 349.91 349.91 349.91 349.91 350.04 349.91 350.80
 353.88 359.47 359.47 354.69 351.59 352.43 351.59 349.91 349.91 349.91 349.91 349.68 349.44 349.44 349.44 348.69 349.06 349.34 348.97 349.45 350.00 350.16 348.50 352.14
 350.40 354.94 357.20 352.43 352.43 352.43 352.43 352.43 348.74 346.31 347.51 348.46 348.38 348.38 348.69 348.69 349.06 349.06 348.03 348.43 349.83 348.94 346.83 349.51
 350.40 352.67 354.94 352.43 352.43 352.43 352.43 349.37 346.31 346.31 346.31 347.33 347.33 347.33 347.33 348.69 349.06 348.03 348.03 347.03 348.43 348.07 346.83 347.82
 345.29 346.90 348.19 352.43 352.43 352.43 350.39 346.31 346.31 346.31 346.31 344.73 344.88 346.76 346.76 347.73 349.06 348.03 348.03 347.03 347.73 345.66 344.10 342.74
 342.74 342.74 342.74 341.99 341.62 341.62 341.62 346.31 346.31 346.31 345.21 343.00 343.00 344.88 345.82 346.77 349.06 348.03 348.03 347.03 345.83 342.74 342.74 342.74
 342.74 342.74 341.78 341.62 341.62 341.62 341.62 341.45 341.28 341.28 341.58 342.20 343.13 343.13 343.13 343.13 344.64 345.93 348.03 344.42 343.70 342.74 342.74 342.74
 342.40 341.77 341.78 341.62 341.62 341.62 341.62 341.45 341.28 341.28 341.27 341.26 342.20 342.66 342.51 341.72 341.72 341.72 341.80 341.81 341.80 341.72 342.40 342.74
 341.72 341.77 341.78 341.77 341.65 341.62 341.65 341.72 341.43 341.28 341.38 341.26 341.73 341.72 341.72 341.72 341.72 341.72 341.79 341.81 341.79 341.72 341.72 341.72
 341.72 341.75 341.78 341.75 341.72 341.72 341.72 341.72 341.72 341.72 341.72 341.72 341.72 341.72 341.72 341.72 341.72 341.72 341.77 341.81 341.77 341.72 341.72 341.72
 341.72 341.72 341.72 341.72 341.72 341.72 341.72 341.72 341.72 341.72 341.72 341.72 341.72 341.72 341.72 341.72 341.72 341.72 341.72 341.72 341.72 341.72 341.72 341.72
 350.51 350.51 350.51 350.51 350.51 350.51 350.51 350.51 350.51 350.51 350.51 350.51 350.51 350.51 350.51 350.51 350.51 350.51 350.51 350.51 350.51 350.51 350.51 350.51
 347.69 351.36 350.50 350.50 350.50 350.50 350.50 350.50 350.50 350.50 350.50 350.50 350.56 350.62 350.56 350.50 350.50 350.50 350.50 350.50 350.50 350.03 350.50 348.33
 344.62 355.87 355.87 353.19 347.67 346.25 347.67 350.50 350.50 350.50 350.50 349.89 349.28 349.28 349.28 347.77 348.92 349.45 349.29 349.82 349.89 349.56 348.67 345.66
 346.70 351.28 353.58 346.25 346.25 346.25 346.25 346.25 347.77 347.17 348.28 348.65 348.44 348.44 347.77 347.77 348.92 348.92 348.07 349.07 350.22 349.19 347.78 346.97
 346.70 348.99 351.28 346.25 346.25 346.25 346.25 346.71 347.17 347.17 347.17 347.60 347.60 347.60 347.60 347.77 348.92 348.07 348.07 347.92 349.07 348.68 347.78 346.04
 344.39 345.54 346.69 346.25 346.25 346.25 346.56 347.17 347.17 347.17 347.17 344.54 344.26 346.31 346.31 347.04 348.92 348.07 348.07 347.92 348.50 346.29 344.75 343.24
 343.24 343.24 343.24 342.10 341.53 341.53 341.53 347.17 347.17 347.17 345.52 342.21 342.21 344.26 345.28 346.16 348.92 348.07 348.07 347.92 346.55 343.24 343.24 343.24
 343.24 343.24 341.91 341.53 341.53 341.53 341.53 341.49 341.46 341.46 341.66 341.87 342.21 343.23 344.26 344.11 345.41 346.01 348.07 344.94 344.17 343.24 343.24 343.24
 342.79 341.91 341.91 341.53 341.53 341.53 341.53 341.49 341.46 341.46 341.66 341.87 341.87 341.87 341.88 341.90 341.90 341.90 341.94 341.95 341.94 341.90 342.79 343.24
 341.90 341.91 341.91 341.91 341.65 341.53 341.65 341.90 341.61 341.46 341.72 341.87 341.88 341.90 341.90 341.90 341.90 341.90 341.94 341.95 341.94 341.90 341.90 341.90
 341.90 341.91 341.91 341.91 341.90 341.90 341.90 341.90 341.90 341.90 341.90 341.90 341.90 341.90 341.90 341.90 341.90 341.90 341.93 341.95 341.93 341.90 341.90 341.90
 341.90 341.90 341.90 341.90 341.90 341.90 341.90 341.90 341.90 341.90 341.90 341.90 341.90 341.90 341.90 341.90 341.90 341.90 341.90 341.90 341.90 341.90 341.90 341.90
 348.00 348.00 348.00 348.00 348.00 348.00 348.00 348.00 348.00 348.00 348.00 348.00 348.00 348.00 348.00 348.00 348.00 348.00 348.00 348.00 348.00 348.00 348.00 348.00
 344.99 349.79 348.00 348.00 348.00 348.00 348.00 348.00 348.00 348.00 348.00 348.00 348.26 348.52 348.26 348.00 348.00 348.00 348.00 348.00 348.00 348.50 348.00 345.19
 339.75 356.39 356.39 352.19 345.49 344.23 345.49 348.00 348.00 348.00 348.00 346.20 344.40 344.40 344.40 343.39 345.88 346.58 347.50 347.39 347.57 349.00 347.14 342.33
 344.90 350.64 353.52 344.23 344.23 344.23 344.23 344.23 346.49 346.86 347.24 346.14 345.54 345.54 343.39 343.39 345.88 345.88 347.00 346.59 346.15 346.81 345.28 345.00
 344.90 347.77 350.64 344.23 344.23 344.23 344.23 345.55 346.86 346.86 346.86 346.69 346.69 346.69 346.69 343.39 345.88 347.00 347.00 347.03 346.59 347.00 347.00 347.00
 344.32 345.37 346.68 344.23 344.23 344.23 345.11 346.86 346.86 346.86 346.86 344.49 344.06 345.58 345.58 344.49 345.88 347.00 347.00 347.03 346.81 347.00 347.00 344.03
 344.03 344.03 344.03 342.64 341.94 341.94 341.94 346.86 346.86 346.86 345.42 342.54 342.54 344.06 344.82 344.65 345.88 347.00 347.00 347.03 345.96 344.03 344.03 344.03
 344.03 344.03 342.08 341.94 341.94 341.94 341.94 341.89 341.83 341.83 342.08 342.38 342.57 342.57 342.57 342.57 343.52 345.37 347.00 344.58 344.18 344.03 344.03 344.03
 343.39 342.08 342.08 341.94 341.94 341.94 341.94 341.89 341.83 341.83 342.02 342.20 342.38 342.48 342.38 342.10 342.10 342.10 342.14 342.14 342.14 342.10 343.39 344.03
 342.10 342.09 342.08 342.09 341.99 341.94 341.99 342.10 341.92 341.83 342.04 342.20 342.23 342.10 342.10 342.10 342.10 342.10 342.13 342.14 342.13 342.10 342.10 342.10
 342.10 342.09 342.08 342.09 342.10 342.10 342.10 342.10 342.10 342.10 342.10 342.10 342.10 342.10 342.10 342.10 342.10 342.10 342.12 342.14 342.12 342.10 342.10 342.10
 342.10 342.10 342.10 342.10 342.10 342.10 342.10 342.10 342.10 342.10 342.10 342.10 342.10 342.10 342.10 342.10 342.10 342.10 342.10 342.10 342.10 342.10 342.10 342.10
 342.28 342.28 342.28 342.28 342.28 342.28 342.28 342.28 342.28 342.28 342.28 342.28 342.28 342.28 342.28 342.28 342.28 342.28 342.28 342.28 342.28 342.28 342.28 342.28
 340.24 341.26 342.28 342.28 342.28 342.28 342.28 342.28 342.28 342.28 342.28 342.28 341.80 341.33 341.80 342.28 342.28 342.28 342.28 342.28 342.28 341.04 342.28 340.80
 338.39 338.39 340.34 342.28 342.15 342.09 342.15 342.28 342.28 342.28 342.28 340.78 339.29 339.29 339.29 339.86 341.24 341.58 343.57 342.63 341.84 339.80 340.38 338.25
 338.10 338.10 338.10 342.09 342.09 342.09 342.09 342.09 344.03 345.87 344.67 342.47 341.97 341.97 339.86 339.86 341.24 341.24 344.86 343.77 343.88 341.54 340.95 338.81
 338.10 338.10 338.10 342.09 342.09 342.09 342.09 343.98 345.87 345.87 345.87 344.66 344.66 344.66 344.66 339.86 341.24 344.86 344.86 343.67 343.77 344.50 344.50 344.50
 342.69 341.92 341.67 342.09 342.09 342.09 343.35 345.87 345.87 345.87 345.87 344.28 344.00 345.01 345.01 342.44 341.24 344.86 344.86 343.67 343.72 344.50 344.50 344.98
 344.98 344.98 344.98 343.45 342.68 342.68 342.68 345.87 345.87 345.87 344.91 342.98 342.98 344.00 344.50 343.47 341.24 344.86 344.86 343.67 344.12 344.98 344.98 344.98
 344.98 344.98 342.46 342.68 342.68 342.68 342.68 342.47 342.25 342.25 342.43 342.50 342.15 342.15 342.15 342.15 341.98 344.09 344.86 343.13 343.71 344.98 344.98 344.98
 344.17 342.47 342.46 342.68 342.68 342.68 342.68 342.47 342.25 342.25 342.55 342.84 342.50 342.32 342.34 342.55 342.55 342.55 342.59 342.60 342.59 342.55 344.17 344.98
 342.55 342.48 342.46 342.48 342.63 342.68 342.63 342.55 342.35 342.25 342.55 342.84 342.63 342.55 342.55 342.55 342.55 342.55 342.59 342.60 342.59 342.55 342.55 342.55
 342.55 342.50 342.46 342.50 342.55 342.55 342.55 342.55 342.55 342.55 342.55 342.55 342.55 342.55 342.55 342.55 342.55 342.55 342.57 342.60 342.57 342.55 342.55 342.55
 342.55 342.55 342.55 342.55 342.55 342.55 342.55 342.55 342.55 342.55 342.55 342.55 342.55 342.55 342.55 342.55 342.55 342.55 342.55 342.55 342.55 342.55 342.55 342.55
 336.73 336.73 336.73 336.73 336.73 336.73 336.73 336.73 336.73 336.73 336.73 336.73 336.73 336.73 336.73 336.73 336.73 336.73 336.73 336.73 336.73 336.73 336.73 336.73
 336.02 342.13 336.73 336.73 336.73 336.73 336.73 336.73 336.73 336.73 336.73 336.73 336.25 335.77 336.25 336.73 336.73 336.73 336.73 336.73 336.73 338.09 336.73 337.39
 340.09 353.63 353.63 345.18 340.68 342.65 340.68 336.73 336.73 336.73 336.73 337.20 337.67 337.67 337.67 339.86 339.19 338.37 339.63 337.72 338.11 339.45 339.24 338.60
 337.10 345.37 349.50 342.65 342.65 342.65 342.65 342.65 342.02 344.36 341.82 339.75 339.91 339.91 339.86 339.86 339.19 339.19 342.53 338.31 336.77 338.41 339.02 337.58
 337.10 341.23 345.37 342.65 342.65 342.65 342.65 343.50 344.36 344.36 344.36 342.14 342.14 342.14 342.14 339.86 339.19 342.53 342.53 339.86 338.31 341.60 341.60 341.60
 342.54 343.01 344.55 342.65 342.65 342.65 343.22 344.36 344.36 344.36 344.36 343.80 343.84 344.49 344.49 342.18 339.19 342.53 342.53 339.86 339.09 341.60 341.60 345.26
 345.26 345.26 345.26 343.78 343.04 343.04 343.04 344.36 344.36 344.36 343.97 343.19 343.19 343.84 344.17 343.17 339.19 342.53 342.53 339.86 341.40 345.26 345.26 345.26
 345.26 345.26 343.00 343.04 343.04 343.04 343.04 342.89 342.74 342.74 342.74 343.19 343.19 343.51 343.84 343.33 341.08 342.68 342.53 341.63 342.91 345.26 345.26 345.26
 344.50 343.00 343.00 343.04 343.04 343.04 343.04 342.89 342.74 342.74 342.74 342.74 343.19 343.23 342.98 342.98 342.98 342.98 343.36 343.41 343.36 342.98 344.50 345.26
 342.98 343.00 343.00 343.00 343.02 343.04 343.02 342.98 342.82 342.74 342.82 342.98 342.98 342.98 342.98 342.98 342.98 342.98 343.30 343.41 343.30 342.98 342.98 342.98
 342.98 342.99 343.00 342.99 342.98 342.98 342.98 342.98 342.98 342.98 342.98 342.98 342.98 342.98 342.98 342.98 342.98 342.98 343.20 343.41 343.20 342.98 342.98 342.98
 342.98 342.98 342.98 342.98 342.98 342.98 342.98 342.98 342.98 342.98 342.98 342.98 342.98 342.98 342.98 342.98 342.98 342.98 342.98 342.98 342.98 342.98 342.98 342.98
 337.47 337.47 337.47 337.47 337.47 337.47 337.47 337.47 337.47 337.47 337.47 337.47 337.47 337.47 337.47 337.47 337.47 337.47 337.47 337.47 337.47 337.47 337.47 337.47
 338.92 343.58 337.46 337.46 337.46 337.46 337.46 337.46 337.46 337.46 337.46 337.46 337.48 337.49 337.48 337.46 337.46 337.46 337.46 337.46 337.46 338.26 337.46 338.57
 340.41 354.35 354.35 345.91 340.85 342.54 340.85 337.46 337.46 337.46 337.46 338.67 339.88 339.88 339.88 340.98 340.66 339.60 339.29 338.34 339.06 339.06 339.13 339.51
 338.60 346.48 350.41 342.54 342.54 342.54 342.54 342.54 341.17 342.33 340.71 339.93 340.34 340.34 340.98 340.98 340.66 340.66 341.11 338.51 338.80 339.13 339.21 338.75
 338.60 342.54 346.48 342.54 342.54 342.54 342.54 342.44 342.33 342.33 342.33 340.79 340.79 340.79 340.79 340.98 340.66 341.11 341.11 338.51 338.51 340.80 340.80 340.80
 342.39 343.07 344.61 342.54 342.54 342.54 342.47 342.33 342.33 342.33 342.33 343.00 343.43 343.59 343.59 342.29 340.66 341.11 341.11 338.51 338.51 340.80 340.80 344.29
 344.29 344.29 344.29 343.41 342.97 342.97 342.97 342.33 342.33 342.33 342.64 343.26 343.26 343.43 343.51 342.90 340.66 341.11 341.11 338.51 340.44 344.29 344.29 344.29
 344.29 344.29 343.33 342.97 342.97 342.97 342.97 342.85 342.73 342.73 342.76 342.78 343.26 343.34 343.43 343.21 341.98 341.84 341.11 341.25 342.47 344.29 344.29 344.29
 343.96 343.33 343.33 342.97 342.97 342.97 342.97 342.85 342.73 342.73 342.76 342.78 342.78 342.78 343.04 343.29 343.29 343.29 343.89 343.98 343.89 343.29 343.96 344.29
 343.29 343.32 343.33 343.32 343.08 342.97 343.08 343.29 342.92 342.73 342.89 342.78 342.95 343.29 343.29 343.29 343.29 343.29 343.81 343.98 343.81 343.29 343.29 343.29
 343.29 343.31 343.33 343.31 343.29 343.29 343.29 343.29 343.29 343.29 343.29 343.29 343.29 343.29 343.29 343.29 343.29 343.29 343.64 343.98 343.64 343.29 343.29 343.29
 343.30 343.30 343.30 343.30 343.30 343.30 343.30 343.30 343.30 343.30 343.30 343.30 343.30 343.30 343.30 343.30 343.30 343.30 343.30 343.30 343.30 343.30 343.30 343.30
 341.32 341.32 341.32 341.32 341.32 341.32 341.32 341.32 341.32 341.32 341.32 341.32 341.32 341.32 341.32 341.32 341.32 341.32 341.32 341.32 341.32 341.32 341.32 341.32
 342.76 342.04 341.32 341.32 341.32 341.32 341.32 341.32 341.32 341.32 341.32 341.32 341.49 341.66 341.49 341.32 341.32 341.32 341.32 341.32 341.32 342.82 341.32 342.41
 344.24 344.24 342.78 341.32 344.23 345.68 344.23 341.32 341.32 341.32 341.32 342.65 343.98 343.98 343.98 341.87 343.12 342.52 341.75 341.63 343.00 344.33 342.89 343.02
 341.80 341.80 341.80 345.68 345.68 345.68 345.68 345.68 342.73 341.96 341.75 342.31 342.75 342.75 341.87 341.87 343.12 343.12 342.17 340.59 341.67 342.48 341.45 341.71
 341.80 341.80 341.80 345.68 345.68 345.68 345.68 343.82 341.96 341.96 341.96 341.52 341.52 341.52 341.52 341.87 343.12 342.17 342.17 339.50 340.59 341.70 341.70 341.70
 343.63 343.33 343.23 345.68 345.68 345.68 344.44 341.96 341.96 341.96 341.96 342.80 343.24 343.27 343.27 342.57 343.12 342.17 342.17 339.50 340.04 341.70 341.70 344.55
 344.55 344.55 344.55 343.36 342.76 342.76 342.76 341.96 341.96 341.96 342.38 343.21 343.21 343.24 343.25 342.91 343.12 342.17 342.17 339.50 341.36 344.55 344.55 344.55
 344.55 344.55 343.50 342.76 342.76 342.76 342.76 342.67 342.58 342.58 342.85 343.12 343.21 343.23 343.24 343.20 343.28 342.60 342.17 341.68 342.85 344.55 344.55 344.55
 344.18 343.49 343.50 342.76 342.76 342.76 342.76 342.67 342.58 342.58 342.85 343.12 343.12 343.12 343.28 343.45 343.45 343.45 343.80 343.85 343.80 343.45 344.18 344.55
 343.45 343.49 343.50 343.49 342.99 342.76 342.99 343.45 342.87 342.58 343.00 343.12 343.23 343.45 343.45 343.45 343.45 343.45 343.75 343.85 343.75 343.45 343.45 343.45
 343.45 343.47 343.50 343.47 343.45 343.45 343.45 343.45 343.45 343.45 343.45 343.45 343.45 343.45 343.45 343.45 343.45 343.45 343.65 343.85 343.65 343.45 343.45 343.45
 343.45 343.45 343.45 343.45 343.45 343.45 343.45 343.45 343.45 343.45 343.45 343.45 343.45 343.45 343.45 343.45 343.45 343.45 343.45 343.45 343.45 343.45 343.45 343.45
 344.98 344.98 344.98 344.98 344.98 344.98 344.98 344.98 344.98 344.98 344.98 344.98 344.98 344.98 344.98 344.98 344.98 344.98 344.98 344.98 344.98 344.98 344.98 344.98
 344.99 344.98 344.98 344.98 344.98 344.98 344.98 344.98 344.98 344.98 344.98 344.98 344.85 344.72 344.85 345.68 344.98 344.98 344.98 344.98 344.98 345.87 344.98 346.64
 351.60 351.60 348.29 344.98 345.82 346.24 345.82 344.98 344.98 344.98 344.98 346.23 347.48 347.48 346.93 346.38 345.62 345.16 344.73 345.41 347.04 346.77 345.68 348.10
 344.60 344.60 344.60 346.24 346.24 346.24 346.24 346.24 344.30 342.99 343.65 344.77 345.19 345.19 344.72 344.72 344.87 344.87 344.49 344.19 347.32 346.23 344.59 344.60
 344.60 344.60 344.60 346.24 346.24 346.24 346.24 344.62 342.99 342.99 342.99 342.90 342.90 342.90 342.90 344.72 344.87 344.49 344.49 341.07 344.19 344.10 344.10 344.10
 344.84 344.80 344.79 346.24 346.24 346.24 345.16 342.99 342.99 342.99 342.99 343.37 343.70 343.99 343.99 344.35 344.87 344.49 344.49 341.07 342.63 344.10 344.10 344.96
 344.96 344.96 344.96 343.49 342.75 342.75 342.75 342.99 342.99 342.99 343.13 343.41 343.41 343.70 343.84 344.10 344.87 344.49 344.49 341.07 342.89 344.96 344.96 344.96
 344.96 344.96 343.33 342.75 342.75 342.75 342.75 342.69 342.62 342.62 342.81 342.99 343.41 343.56 343.70 343.71 344.11 344.11 344.49 342.43 343.50 344.96 344.96 344.96
 344.42 343.33 343.33 342.75 342.75 342.75 342.75 342.69 342.62 342.62 342.80 342.99 342.99 342.99 343.17 343.34 343.34 343.34 343.73 343.79 343.73 343.34 344.42 344.96
 343.34 343.33 343.33 343.33 342.95 342.75 342.95 343.34 342.86 342.62 342.94 342.99 343.11 343.34 343.34 343.34 343.34 343.34 343.68 343.79 343.68 343.34 343.34 343.34
 343.34 343.34 343.33 343.34 343.34 343.34 343.34 343.34 343.34 343.34 343.34 343.34 343.34 343.34 343.34 343.34 343.34 343.34 343.57 343.79 343.57 343.34 343.34 343.34
 343.34 343.34 343.34 343.34 343.34 343.34 343.34 343.34 343.34 343.34 343.34 343.34 343.34 343.34 343.34 343.34 343.34 343.34 343.34 343.34 343.34 343.34 343.34 343.34
 347.93 347.93 347.93 347.93 347.93 347.93 347.93 347.93 347.93 347.93 347.93 347.93 347.93 347.93 347.93 347.93 347.93 347.93 347.93 347.93 347.93 347.93 347.93 347.93
 347.10 347.51 347.93 347.93 347.93 347.93 347.93 347.93 347.93 347.93 347.93 347.93 348.03 348.13 348.03 347.66 347.93 347.93 347.93 347.93 347.93 347.48 347.93 348.98
 352.95 352.95 350.44 347.93 350.70 352.09 350.70 347.93 347.93 347.93 347.93 348.37 348.81 348.81 348.10 347.38 347.08 347.26 346.98 347.94 348.85 347.03 346.75 349.23
 345.50 345.50 345.50 352.09 352.09 352.09 352.09 352.09 346.96 343.92 345.26 346.42 346.57 346.57 349.40 349.40 346.77 346.77 346.03 347.05 350.66 348.06 346.48 345.75
 345.50 345.50 345.50 352.09 352.09 352.09 352.09 348.00 343.92 343.92 343.92 344.32 344.32 344.32 344.32 349.40 346.77 346.03 346.03 343.44 347.05 345.80 345.80 345.80
 344.64 344.78 344.83 352.09 352.09 352.09 349.37 343.92 343.92 343.92 343.92 344.14 344.43 344.78 344.78 347.09 346.77 346.03 346.03 343.44 345.25 345.80 345.80 344.21
 344.21 344.21 344.21 343.54 343.21 343.21 343.21 343.92 343.92 343.92 343.97 344.07 344.07 344.43 344.61 345.85 346.77 346.03 346.03 343.44 344.30 344.21 344.21 344.21
 344.21 344.21 343.13 343.21 343.21 343.21 343.21 342.82 342.43 342.43 342.58 342.73 344.07 344.25 344.43 344.47 344.94 345.06 346.03 343.53 343.90 344.21 344.21 344.21
 343.85 343.13 343.13 343.21 343.21 343.21 343.21 342.82 342.43 342.43 342.58 342.73 342.73 342.73 342.93 343.12 343.12 343.12 343.56 343.62 343.56 343.12 343.85 344.21
 343.12 343.13 343.13 343.13 343.18 343.21 343.18 343.12 342.66 342.43 342.72 342.73 342.86 343.12 343.12 343.12 343.12 343.12 343.50 343.62 343.50 343.12 343.12 343.12
 343.12 343.12 343.13 343.12 343.12 343.12 343.12 343.12 343.12 343.12 343.12 343.12 343.12 343.12 343.12 343.12 343.12 343.12 343.37 343.62 343.37 343.12 343.12 343.12
 343.12 343.12 343.12 343.12 343.12 343.12 343.12 343.12 343.12 343.12 343.12 343.12 343.12 343.12 343.12 343.12 343.12 343.12 343.12 343.12 343.12 343.12 343.12 343.12
