1958 MONTHLY CO2 (PPMV)   24  12  LON/LAT (N-S/0-360E) IN 15 DEGREE RESOLUTION,  GLB ANNUAL MEAN = 315.06,  GROWTH RATE = 1.03,  MISS DATA = -99.99
 314.48 314.48 314.48 314.48 314.48 314.48 314.48 314.48 314.48 314.48 314.48 314.48 314.48 314.48 314.48 314.48 314.48 314.48 314.48 314.48 314.48 314.48 314.48 314.48
 314.48 314.48 314.48 314.48 314.48 314.48 314.48 314.48 314.48 314.48 314.48 314.48 314.48 314.48 314.48 314.48 314.48 314.48 314.48 314.48 314.48 314.48 314.48 314.48
 314.48 314.48 314.48 314.48 314.48 314.48 314.48 314.48 314.48 314.48 314.48 314.48 314.48 314.48 314.48 314.48 314.48 314.48 314.48 314.48 314.48 314.48 314.48 314.48
 314.48 314.48 314.48 314.48 314.48 314.48 314.48 314.48 314.48 314.48 314.48 314.48 314.48 314.48 314.48 314.48 314.48 314.48 314.48 314.48 314.48 314.48 314.48 314.48
 314.48 314.48 314.48 314.48 314.48 314.48 314.48 314.48 314.48 314.48 314.48 314.48 314.48 314.48 314.48 314.48 314.48 314.48 314.48 314.48 314.48 314.48 314.48 314.48
 314.48 314.48 314.48 314.48 314.48 314.48 314.48 314.48 314.48 314.48 314.48 314.48 314.48 314.48 314.48 314.48 314.48 314.48 314.48 314.48 314.48 314.48 314.48 314.48
 314.48 314.48 314.48 314.48 314.48 314.48 314.48 314.48 314.48 314.48 314.48 314.48 314.48 314.48 314.48 314.48 314.48 314.48 314.48 314.48 314.48 314.48 314.48 314.48
 314.48 314.48 314.48 314.48 314.48 314.48 314.48 314.48 314.48 314.48 314.48 314.48 314.48 314.48 314.48 314.48 314.48 314.48 314.48 314.48 314.48 314.48 314.48 314.48
 314.48 314.48 314.48 314.48 314.48 314.48 314.48 314.48 314.48 314.48 314.48 314.48 314.48 314.48 314.48 314.48 314.48 314.48 314.48 314.48 314.48 314.48 314.48 314.48
 314.48 314.48 314.48 314.48 314.48 314.48 314.48 314.48 314.48 314.48 314.48 314.48 314.48 314.48 314.48 314.48 314.48 314.48 314.48 314.48 314.48 314.48 314.48 314.48
 314.48 314.48 314.48 314.48 314.48 314.48 314.48 314.48 314.48 314.48 314.48 314.48 314.48 314.48 314.48 314.48 314.48 314.48 314.48 314.48 314.48 314.48 314.48 314.48
 314.48 314.48 314.48 314.48 314.48 314.48 314.48 314.48 314.48 314.48 314.48 314.48 314.48 314.48 314.48 314.48 314.48 314.48 314.48 314.48 314.48 314.48 314.48 314.48
 314.83 314.83 314.83 314.83 314.83 314.83 314.83 314.83 314.83 314.83 314.83 314.83 314.83 314.83 314.83 314.83 314.83 314.83 314.83 314.83 314.83 314.83 314.83 314.83
 314.38 314.38 314.38 314.38 314.38 314.38 315.05 315.10 315.10 315.10 315.10 315.10 315.10 315.10 315.10 315.10 315.10 315.10 315.10 315.10 315.05 314.38 314.38 314.38
 314.38 314.38 314.38 314.38 314.38 314.38 315.01 315.10 315.10 315.10 315.10 315.10 315.10 315.10 315.10 315.10 315.10 315.10 315.10 315.10 315.01 314.38 314.38 314.38
 314.38 314.38 314.38 314.38 314.38 314.38 314.92 315.10 315.10 315.10 315.10 315.10 315.10 315.10 315.10 315.10 315.10 315.10 315.10 315.10 314.92 314.38 314.38 314.38
 314.38 314.38 314.38 314.38 314.38 314.38 314.74 315.10 315.10 315.10 315.10 315.10 315.10 315.10 315.10 315.10 315.10 315.10 315.10 315.10 314.74 314.38 314.38 314.38
 314.38 314.38 314.38 314.38 314.38 314.38 314.38 314.38 314.86 315.10 315.10 315.10 315.10 315.10 315.10 315.10 315.10 315.10 314.86 314.38 314.38 314.38 314.38 314.38
 314.38 314.38 314.38 314.38 314.38 314.38 314.38 314.38 314.38 314.38 314.86 315.10 315.10 315.10 315.10 315.10 314.86 314.38 314.38 314.38 314.38 314.38 314.38 314.38
 314.38 314.38 314.38 314.38 314.38 314.38 314.38 314.38 314.38 314.38 314.38 314.38 314.86 315.10 314.86 314.38 314.38 314.38 314.38 314.38 314.38 314.38 314.38 314.38
 314.38 314.38 314.38 314.38 314.38 314.38 314.38 314.38 314.38 314.38 314.38 314.38 314.38 314.38 314.38 314.38 314.38 314.38 314.38 314.38 314.38 314.38 314.38 314.38
 314.38 314.38 314.38 314.38 314.38 314.38 314.38 314.38 314.38 314.38 314.38 314.38 314.38 314.38 314.38 314.38 314.38 314.38 314.38 314.38 314.38 314.38 314.38 314.38
 314.38 314.38 314.38 314.38 314.38 314.38 314.38 314.38 314.38 314.38 314.38 314.38 314.38 314.38 314.38 314.38 314.38 314.38 314.38 314.38 314.38 314.38 314.38 314.38
 314.38 314.38 314.38 314.38 314.38 314.38 314.38 314.38 314.38 314.38 314.38 314.38 314.38 314.38 314.38 314.38 314.38 314.38 314.38 314.38 314.38 314.38 314.38 314.38
 315.17 315.17 315.17 315.17 315.17 315.17 315.17 315.17 315.17 315.17 315.17 315.17 315.17 315.17 315.17 315.17 315.17 315.17 315.17 315.17 315.17 315.17 315.17 315.17
 314.29 314.29 314.29 314.29 314.29 314.29 315.62 315.71 315.71 315.71 315.71 315.71 315.71 315.71 315.71 315.71 315.71 315.71 315.71 315.71 315.62 314.29 314.29 314.29
 314.29 314.29 314.29 314.29 314.29 314.29 315.53 315.71 315.71 315.71 315.71 315.71 315.71 315.71 315.71 315.71 315.71 315.71 315.71 315.71 315.53 314.29 314.29 314.29
 314.29 314.29 314.29 314.29 314.29 314.29 315.36 315.71 315.71 315.71 315.71 315.71 315.71 315.71 315.71 315.71 315.71 315.71 315.71 315.71 315.36 314.29 314.29 314.29
 314.29 314.29 314.29 314.29 314.29 314.29 315.00 315.71 315.71 315.71 315.71 315.71 315.71 315.71 315.71 315.71 315.71 315.71 315.71 315.71 315.00 314.29 314.29 314.29
 314.29 314.29 314.29 314.29 314.29 314.29 314.29 314.29 315.24 315.71 315.71 315.71 315.71 315.71 315.71 315.71 315.71 315.71 315.24 314.29 314.29 314.29 314.29 314.29
 314.29 314.29 314.29 314.29 314.29 314.29 314.29 314.29 314.29 314.29 315.24 315.71 315.71 315.71 315.71 315.71 315.24 314.29 314.29 314.29 314.29 314.29 314.29 314.29
 314.29 314.29 314.29 314.29 314.29 314.29 314.29 314.29 314.29 314.29 314.29 314.29 315.24 315.71 315.24 314.29 314.29 314.29 314.29 314.29 314.29 314.29 314.29 314.29
 314.29 314.29 314.29 314.29 314.29 314.29 314.29 314.29 314.29 314.29 314.29 314.29 314.29 314.29 314.29 314.29 314.29 314.29 314.29 314.29 314.29 314.29 314.29 314.29
 314.29 314.29 314.29 314.29 314.29 314.29 314.29 314.29 314.29 314.29 314.29 314.29 314.29 314.29 314.29 314.29 314.29 314.29 314.29 314.29 314.29 314.29 314.29 314.29
 314.29 314.29 314.29 314.29 314.29 314.29 314.29 314.29 314.29 314.29 314.29 314.29 314.29 314.29 314.29 314.29 314.29 314.29 314.29 314.29 314.29 314.29 314.29 314.29
 314.29 314.29 314.29 314.29 314.29 314.29 314.29 314.29 314.29 314.29 314.29 314.29 314.29 314.29 314.29 314.29 314.29 314.29 314.29 314.29 314.29 314.29 314.29 314.29
 317.45 317.45 317.45 317.45 317.45 317.45 317.45 317.45 317.45 317.45 317.45 317.45 317.45 317.45 317.45 317.45 317.45 317.45 317.45 317.45 317.45 317.45 317.45 317.45
 317.45 317.45 317.45 317.45 317.45 317.45 317.45 317.45 317.45 317.45 317.45 317.45 317.45 317.45 317.45 317.45 317.45 317.45 317.45 317.45 317.45 317.45 317.45 317.45
 317.45 317.45 317.45 317.45 317.45 317.45 317.45 317.45 317.45 317.45 317.45 317.45 317.45 317.45 317.45 317.45 317.45 317.45 317.45 317.45 317.45 317.45 317.45 317.45
 317.45 317.45 317.45 317.45 317.45 317.45 317.45 317.45 317.45 317.45 317.45 317.45 317.45 317.45 317.45 317.45 317.45 317.45 317.45 317.45 317.45 317.45 317.45 317.45
 317.45 317.45 317.45 317.45 317.45 317.45 317.45 317.45 317.45 317.45 317.45 317.45 317.45 317.45 317.45 317.45 317.45 317.45 317.45 317.45 317.45 317.45 317.45 317.45
 317.45 317.45 317.45 317.45 317.45 317.45 317.45 317.45 317.45 317.45 317.45 317.45 317.45 317.45 317.45 317.45 317.45 317.45 317.45 317.45 317.45 317.45 317.45 317.45
 317.45 317.45 317.45 317.45 317.45 317.45 317.45 317.45 317.45 317.45 317.45 317.45 317.45 317.45 317.45 317.45 317.45 317.45 317.45 317.45 317.45 317.45 317.45 317.45
 317.45 317.45 317.45 317.45 317.45 317.45 317.45 317.45 317.45 317.45 317.45 317.45 317.45 317.45 317.45 317.45 317.45 317.45 317.45 317.45 317.45 317.45 317.45 317.45
 317.45 317.45 317.45 317.45 317.45 317.45 317.45 317.45 317.45 317.45 317.45 317.45 317.45 317.45 317.45 317.45 317.45 317.45 317.45 317.45 317.45 317.45 317.45 317.45
 317.45 317.45 317.45 317.45 317.45 317.45 317.45 317.45 317.45 317.45 317.45 317.45 317.45 317.45 317.45 317.45 317.45 317.45 317.45 317.45 317.45 317.45 317.45 317.45
 317.45 317.45 317.45 317.45 317.45 317.45 317.45 317.45 317.45 317.45 317.45 317.45 317.45 317.45 317.45 317.45 317.45 317.45 317.45 317.45 317.45 317.45 317.45 317.45
 317.45 317.45 317.45 317.45 317.45 317.45 317.45 317.45 317.45 317.45 317.45 317.45 317.45 317.45 317.45 317.45 317.45 317.45 317.45 317.45 317.45 317.45 317.45 317.45
 317.50 317.50 317.50 317.50 317.50 317.50 317.50 317.50 317.50 317.50 317.50 317.50 317.50 317.50 317.50 317.50 317.50 317.50 317.50 317.50 317.50 317.50 317.50 317.50
 317.50 317.50 317.50 317.50 317.50 317.50 317.50 317.50 317.50 317.50 317.50 317.50 317.50 317.50 317.50 317.50 317.50 317.50 317.50 317.50 317.50 317.50 317.50 317.50
 317.50 317.50 317.50 317.50 317.50 317.50 317.50 317.50 317.50 317.50 317.50 317.50 317.50 317.50 317.50 317.50 317.50 317.50 317.50 317.50 317.50 317.50 317.50 317.50
 317.50 317.50 317.50 317.50 317.50 317.50 317.50 317.50 317.50 317.50 317.50 317.50 317.50 317.50 317.50 317.50 317.50 317.50 317.50 317.50 317.50 317.50 317.50 317.50
 317.50 317.50 317.50 317.50 317.50 317.50 317.50 317.50 317.50 317.50 317.50 317.50 317.50 317.50 317.50 317.50 317.50 317.50 317.50 317.50 317.50 317.50 317.50 317.50
 317.50 317.50 317.50 317.50 317.50 317.50 317.50 317.50 317.50 317.50 317.50 317.50 317.50 317.50 317.50 317.50 317.50 317.50 317.50 317.50 317.50 317.50 317.50 317.50
 317.50 317.50 317.50 317.50 317.50 317.50 317.50 317.50 317.50 317.50 317.50 317.50 317.50 317.50 317.50 317.50 317.50 317.50 317.50 317.50 317.50 317.50 317.50 317.50
 317.50 317.50 317.50 317.50 317.50 317.50 317.50 317.50 317.50 317.50 317.50 317.50 317.50 317.50 317.50 317.50 317.50 317.50 317.50 317.50 317.50 317.50 317.50 317.50
 317.50 317.50 317.50 317.50 317.50 317.50 317.50 317.50 317.50 317.50 317.50 317.50 317.50 317.50 317.50 317.50 317.50 317.50 317.50 317.50 317.50 317.50 317.50 317.50
 317.50 317.50 317.50 317.50 317.50 317.50 317.50 317.50 317.50 317.50 317.50 317.50 317.50 317.50 317.50 317.50 317.50 317.50 317.50 317.50 317.50 317.50 317.50 317.50
 317.50 317.50 317.50 317.50 317.50 317.50 317.50 317.50 317.50 317.50 317.50 317.50 317.50 317.50 317.50 317.50 317.50 317.50 317.50 317.50 317.50 317.50 317.50 317.50
 317.50 317.50 317.50 317.50 317.50 317.50 317.50 317.50 317.50 317.50 317.50 317.50 317.50 317.50 317.50 317.50 317.50 317.50 317.50 317.50 317.50 317.50 317.50 317.50
 314.52 314.52 314.52 314.52 314.52 314.52 314.52 314.52 314.52 314.52 314.52 314.52 314.52 314.52 314.52 314.52 314.52 314.52 314.52 314.52 314.52 314.52 314.52 314.52
 314.52 314.52 314.52 314.52 314.52 314.52 314.52 314.52 314.52 314.52 314.52 314.52 314.52 314.52 314.52 314.52 314.52 314.52 314.52 314.52 314.52 314.52 314.52 314.52
 314.52 314.52 314.52 314.52 314.52 314.52 314.52 314.52 314.52 314.52 314.52 314.52 314.52 314.52 314.52 314.52 314.52 314.52 314.52 314.52 314.52 314.52 314.52 314.52
 314.52 314.52 314.52 314.52 314.52 314.52 314.52 314.52 314.52 314.52 314.52 314.52 314.52 314.52 314.52 314.52 314.52 314.52 314.52 314.52 314.52 314.52 314.52 314.52
 314.52 314.52 314.52 314.52 314.52 314.52 314.52 314.52 314.52 314.52 314.52 314.52 314.52 314.52 314.52 314.52 314.52 314.52 314.52 314.52 314.52 314.52 314.52 314.52
 314.52 314.52 314.52 314.52 314.52 314.52 314.52 314.52 314.52 314.52 314.52 314.52 314.52 314.52 314.52 314.52 314.52 314.52 314.52 314.52 314.52 314.52 314.52 314.52
 314.52 314.52 314.52 314.52 314.52 314.52 314.52 314.52 314.52 314.52 314.52 314.52 314.52 314.52 314.52 314.52 314.52 314.52 314.52 314.52 314.52 314.52 314.52 314.52
 314.52 314.52 314.52 314.52 314.52 314.52 314.52 314.52 314.52 314.52 314.52 314.52 314.52 314.52 314.52 314.52 314.52 314.52 314.52 314.52 314.52 314.52 314.52 314.52
 314.52 314.52 314.52 314.52 314.52 314.52 314.52 314.52 314.52 314.52 314.52 314.52 314.52 314.52 314.52 314.52 314.52 314.52 314.52 314.52 314.52 314.52 314.52 314.52
 314.52 314.52 314.52 314.52 314.52 314.52 314.52 314.52 314.52 314.52 314.52 314.52 314.52 314.52 314.52 314.52 314.52 314.52 314.52 314.52 314.52 314.52 314.52 314.52
 314.52 314.52 314.52 314.52 314.52 314.52 314.52 314.52 314.52 314.52 314.52 314.52 314.52 314.52 314.52 314.52 314.52 314.52 314.52 314.52 314.52 314.52 314.52 314.52
 314.52 314.52 314.52 314.52 314.52 314.52 314.52 314.52 314.52 314.52 314.52 314.52 314.52 314.52 314.52 314.52 314.52 314.52 314.52 314.52 314.52 314.52 314.52 314.52
 315.86 315.86 315.86 315.86 315.86 315.86 315.86 315.86 315.86 315.86 315.86 315.86 315.86 315.86 315.86 315.86 315.86 315.86 315.86 315.86 315.86 315.86 315.86 315.86
 315.86 315.86 315.86 315.86 315.86 315.86 315.86 315.86 315.86 315.86 315.86 315.86 315.86 315.86 315.86 315.86 315.86 315.86 315.86 315.86 315.86 315.86 315.86 315.86
 315.86 315.86 315.86 315.86 315.86 315.86 315.86 315.86 315.86 315.86 315.86 315.86 315.86 315.86 315.86 315.86 315.86 315.86 315.86 315.86 315.86 315.86 315.86 315.86
 315.86 315.86 315.86 315.86 315.86 315.86 315.86 315.86 315.86 315.86 315.86 315.86 315.86 315.86 315.86 315.86 315.86 315.86 315.86 315.86 315.86 315.86 315.86 315.86
 315.86 315.86 315.86 315.86 315.86 315.86 315.86 315.86 315.86 315.86 315.86 315.86 315.86 315.86 315.86 315.86 315.86 315.86 315.86 315.86 315.86 315.86 315.86 315.86
 315.86 315.86 315.86 315.86 315.86 315.86 315.86 315.86 315.86 315.86 315.86 315.86 315.86 315.86 315.86 315.86 315.86 315.86 315.86 315.86 315.86 315.86 315.86 315.86
 315.86 315.86 315.86 315.86 315.86 315.86 315.86 315.86 315.86 315.86 315.86 315.86 315.86 315.86 315.86 315.86 315.86 315.86 315.86 315.86 315.86 315.86 315.86 315.86
 315.86 315.86 315.86 315.86 315.86 315.86 315.86 315.86 315.86 315.86 315.86 315.86 315.86 315.86 315.86 315.86 315.86 315.86 315.86 315.86 315.86 315.86 315.86 315.86
 315.86 315.86 315.86 315.86 315.86 315.86 315.86 315.86 315.86 315.86 315.86 315.86 315.86 315.86 315.86 315.86 315.86 315.86 315.86 315.86 315.86 315.86 315.86 315.86
 315.86 315.86 315.86 315.86 315.86 315.86 315.86 315.86 315.86 315.86 315.86 315.86 315.86 315.86 315.86 315.86 315.86 315.86 315.86 315.86 315.86 315.86 315.86 315.86
 315.86 315.86 315.86 315.86 315.86 315.86 315.86 315.86 315.86 315.86 315.86 315.86 315.86 315.86 315.86 315.86 315.86 315.86 315.86 315.86 315.86 315.86 315.86 315.86
 315.86 315.86 315.86 315.86 315.86 315.86 315.86 315.86 315.86 315.86 315.86 315.86 315.86 315.86 315.86 315.86 315.86 315.86 315.86 315.86 315.86 315.86 315.86 315.86
 314.93 314.93 314.93 314.93 314.93 314.93 314.93 314.93 314.93 314.93 314.93 314.93 314.93 314.93 314.93 314.93 314.93 314.93 314.93 314.93 314.93 314.93 314.93 314.93
 314.93 314.93 314.93 314.93 314.93 314.93 314.93 314.93 314.93 314.93 314.93 314.93 314.93 314.93 314.93 314.93 314.93 314.93 314.93 314.93 314.93 314.93 314.93 314.93
 314.93 314.93 314.93 314.93 314.93 314.93 314.93 314.93 314.93 314.93 314.93 314.93 314.93 314.93 314.93 314.93 314.93 314.93 314.93 314.93 314.93 314.93 314.93 314.93
 314.93 314.93 314.93 314.93 314.93 314.93 314.93 314.93 314.93 314.93 314.93 314.93 314.93 314.93 314.93 314.93 314.93 314.93 314.93 314.93 314.93 314.93 314.93 314.93
 314.93 314.93 314.93 314.93 314.93 314.93 314.93 314.93 314.93 314.93 314.93 314.93 314.93 314.93 314.93 314.93 314.93 314.93 314.93 314.93 314.93 314.93 314.93 314.93
 314.93 314.93 314.93 314.93 314.93 314.93 314.93 314.93 314.93 314.93 314.93 314.93 314.93 314.93 314.93 314.93 314.93 314.93 314.93 314.93 314.93 314.93 314.93 314.93
 314.93 314.93 314.93 314.93 314.93 314.93 314.93 314.93 314.93 314.93 314.93 314.93 314.93 314.93 314.93 314.93 314.93 314.93 314.93 314.93 314.93 314.93 314.93 314.93
 314.93 314.93 314.93 314.93 314.93 314.93 314.93 314.93 314.93 314.93 314.93 314.93 314.93 314.93 314.93 314.93 314.93 314.93 314.93 314.93 314.93 314.93 314.93 314.93
 314.93 314.93 314.93 314.93 314.93 314.93 314.93 314.93 314.93 314.93 314.93 314.93 314.93 314.93 314.93 314.93 314.93 314.93 314.93 314.93 314.93 314.93 314.93 314.93
 314.93 314.93 314.93 314.93 314.93 314.93 314.93 314.93 314.93 314.93 314.93 314.93 314.93 314.93 314.93 314.93 314.93 314.93 314.93 314.93 314.93 314.93 314.93 314.93
 314.93 314.93 314.93 314.93 314.93 314.93 314.93 314.93 314.93 314.93 314.93 314.93 314.93 314.93 314.93 314.93 314.93 314.93 314.93 314.93 314.93 314.93 314.93 314.93
 314.93 314.93 314.93 314.93 314.93 314.93 314.93 314.93 314.93 314.93 314.93 314.93 314.93 314.93 314.93 314.93 314.93 314.93 314.93 314.93 314.93 314.93 314.93 314.93
 313.99 313.99 313.99 313.99 313.99 313.99 313.99 313.99 313.99 313.99 313.99 313.99 313.99 313.99 313.99 313.99 313.99 313.99 313.99 313.99 313.99 313.99 313.99 313.99
 315.31 315.31 315.31 315.31 315.31 315.31 313.32 313.19 313.19 313.19 313.19 313.19 313.19 313.19 313.19 313.19 313.19 313.19 313.19 313.19 313.32 315.31 315.31 315.31
 315.31 315.31 315.31 315.31 315.31 315.31 313.46 313.19 313.19 313.19 313.19 313.19 313.19 313.19 313.19 313.19 313.19 313.19 313.19 313.19 313.46 315.31 315.31 315.31
 315.31 315.31 315.31 315.31 315.31 315.31 313.72 313.19 313.19 313.19 313.19 313.19 313.19 313.19 313.19 313.19 313.19 313.19 313.19 313.19 313.72 315.31 315.31 315.31
 315.31 315.31 315.31 315.31 315.31 315.31 314.25 313.19 313.19 313.19 313.19 313.19 313.19 313.19 313.19 313.19 313.19 313.19 313.19 313.19 314.25 315.31 315.31 315.31
 315.31 315.31 315.31 315.31 315.31 315.31 315.31 315.31 313.90 313.19 313.19 313.19 313.19 313.19 313.19 313.19 313.19 313.19 313.90 315.31 315.31 315.31 315.31 315.31
 315.31 315.31 315.31 315.31 315.31 315.31 315.31 315.31 315.31 315.31 313.90 313.19 313.19 313.19 313.19 313.19 313.90 315.31 315.31 315.31 315.31 315.31 315.31 315.31
 315.31 315.31 315.31 315.31 315.31 315.31 315.31 315.31 315.31 315.31 315.31 315.31 313.90 313.19 313.90 315.31 315.31 315.31 315.31 315.31 315.31 315.31 315.31 315.31
 315.31 315.31 315.31 315.31 315.31 315.31 315.31 315.31 315.31 315.31 315.31 315.31 315.31 315.31 315.31 315.31 315.31 315.31 315.31 315.31 315.31 315.31 315.31 315.31
 315.31 315.31 315.31 315.31 315.31 315.31 315.31 315.31 315.31 315.31 315.31 315.31 315.31 315.31 315.31 315.31 315.31 315.31 315.31 315.31 315.31 315.31 315.31 315.31
 315.31 315.31 315.31 315.31 315.31 315.31 315.31 315.31 315.31 315.31 315.31 315.31 315.31 315.31 315.31 315.31 315.31 315.31 315.31 315.31 315.31 315.31 315.31 315.31
 315.31 315.31 315.31 315.31 315.31 315.31 315.31 315.31 315.31 315.31 315.31 315.31 315.31 315.31 315.31 315.31 315.31 315.31 315.31 315.31 315.31 315.31 315.31 315.31
 313.67 313.67 313.67 313.67 313.67 313.67 313.67 313.67 313.67 313.67 313.67 313.67 313.67 313.67 313.67 313.67 313.67 313.67 313.67 313.67 313.67 313.67 313.67 313.67
 314.32 314.32 314.32 314.32 314.32 314.32 313.33 313.26 313.26 313.26 313.26 313.26 313.26 313.26 313.26 313.26 313.26 313.26 313.26 313.26 313.33 314.32 314.32 314.32
 314.32 314.32 314.32 314.32 314.32 314.32 313.40 313.26 313.26 313.26 313.26 313.26 313.26 313.26 313.26 313.26 313.26 313.26 313.26 313.26 313.40 314.32 314.32 314.32
 314.32 314.32 314.32 314.32 314.32 314.32 313.53 313.26 313.26 313.26 313.26 313.26 313.26 313.26 313.26 313.26 313.26 313.26 313.26 313.26 313.53 314.32 314.32 314.32
 314.32 314.32 314.32 314.32 314.32 314.32 313.79 313.26 313.26 313.26 313.26 313.26 313.26 313.26 313.26 313.26 313.26 313.26 313.26 313.26 313.79 314.32 314.32 314.32
 314.32 314.32 314.32 314.32 314.32 314.32 314.32 314.32 313.62 313.26 313.26 313.26 313.26 313.26 313.26 313.26 313.26 313.26 313.62 314.32 314.32 314.32 314.32 314.32
 314.32 314.32 314.32 314.32 314.32 314.32 314.32 314.32 314.32 314.32 313.62 313.26 313.26 313.26 313.26 313.26 313.62 314.32 314.32 314.32 314.32 314.32 314.32 314.32
 314.32 314.32 314.32 314.32 314.32 314.32 314.32 314.32 314.32 314.32 314.32 314.32 313.62 313.26 313.62 314.32 314.32 314.32 314.32 314.32 314.32 314.32 314.32 314.32
 314.32 314.32 314.32 314.32 314.32 314.32 314.32 314.32 314.32 314.32 314.32 314.32 314.32 314.32 314.32 314.32 314.32 314.32 314.32 314.32 314.32 314.32 314.32 314.32
 314.32 314.32 314.32 314.32 314.32 314.32 314.32 314.32 314.32 314.32 314.32 314.32 314.32 314.32 314.32 314.32 314.32 314.32 314.32 314.32 314.32 314.32 314.32 314.32
 314.32 314.32 314.32 314.32 314.32 314.32 314.32 314.32 314.32 314.32 314.32 314.32 314.32 314.32 314.32 314.32 314.32 314.32 314.32 314.32 314.32 314.32 314.32 314.32
 314.33 314.33 314.33 314.33 314.33 314.33 314.33 314.33 314.33 314.33 314.33 314.33 314.33 314.33 314.33 314.33 314.33 314.33 314.33 314.33 314.33 314.33 314.33 314.33
 313.34 313.34 313.34 313.34 313.34 313.34 313.34 313.34 313.34 313.34 313.34 313.34 313.34 313.34 313.34 313.34 313.34 313.34 313.34 313.34 313.34 313.34 313.34 313.34
 313.34 313.34 313.34 313.34 313.34 313.34 313.34 313.34 313.34 313.34 313.34 313.34 313.34 313.34 313.34 313.34 313.34 313.34 313.34 313.34 313.34 313.34 313.34 313.34
 313.34 313.34 313.34 313.34 313.34 313.34 313.34 313.34 313.34 313.34 313.34 313.34 313.34 313.34 313.34 313.34 313.34 313.34 313.34 313.34 313.34 313.34 313.34 313.34
 313.34 313.34 313.34 313.34 313.34 313.34 313.34 313.34 313.34 313.34 313.34 313.34 313.34 313.34 313.34 313.34 313.34 313.34 313.34 313.34 313.34 313.34 313.34 313.34
 313.34 313.34 313.34 313.34 313.34 313.34 313.34 313.34 313.34 313.34 313.34 313.34 313.34 313.34 313.34 313.34 313.34 313.34 313.34 313.34 313.34 313.34 313.34 313.34
 313.34 313.34 313.34 313.34 313.34 313.34 313.34 313.34 313.34 313.34 313.34 313.34 313.34 313.34 313.34 313.34 313.34 313.34 313.34 313.34 313.34 313.34 313.34 313.34
 313.34 313.34 313.34 313.34 313.34 313.34 313.34 313.34 313.34 313.34 313.34 313.34 313.34 313.34 313.34 313.34 313.34 313.34 313.34 313.34 313.34 313.34 313.34 313.34
 313.34 313.34 313.34 313.34 313.34 313.34 313.34 313.34 313.34 313.34 313.34 313.34 313.34 313.34 313.34 313.34 313.34 313.34 313.34 313.34 313.34 313.34 313.34 313.34
 313.34 313.34 313.34 313.34 313.34 313.34 313.34 313.34 313.34 313.34 313.34 313.34 313.34 313.34 313.34 313.34 313.34 313.34 313.34 313.34 313.34 313.34 313.34 313.34
 313.34 313.34 313.34 313.34 313.34 313.34 313.34 313.34 313.34 313.34 313.34 313.34 313.34 313.34 313.34 313.34 313.34 313.34 313.34 313.34 313.34 313.34 313.34 313.34
 313.34 313.34 313.34 313.34 313.34 313.34 313.34 313.34 313.34 313.34 313.34 313.34 313.34 313.34 313.34 313.34 313.34 313.34 313.34 313.34 313.34 313.34 313.34 313.34
 313.34 313.34 313.34 313.34 313.34 313.34 313.34 313.34 313.34 313.34 313.34 313.34 313.34 313.34 313.34 313.34 313.34 313.34 313.34 313.34 313.34 313.34 313.34 313.34
 314.67 314.67 314.67 314.67 314.67 314.67 314.67 314.67 314.67 314.67 314.67 314.67 314.67 314.67 314.67 314.67 314.67 314.67 314.67 314.67 314.67 314.67 314.67 314.67
 314.67 314.67 314.67 314.67 314.67 314.67 314.67 314.67 314.67 314.67 314.67 314.67 314.67 314.67 314.67 314.67 314.67 314.67 314.67 314.67 314.67 314.67 314.67 314.67
 314.67 314.67 314.67 314.67 314.67 314.67 314.67 314.67 314.67 314.67 314.67 314.67 314.67 314.67 314.67 314.67 314.67 314.67 314.67 314.67 314.67 314.67 314.67 314.67
 314.67 314.67 314.67 314.67 314.67 314.67 314.67 314.67 314.67 314.67 314.67 314.67 314.67 314.67 314.67 314.67 314.67 314.67 314.67 314.67 314.67 314.67 314.67 314.67
 314.67 314.67 314.67 314.67 314.67 314.67 314.67 314.67 314.67 314.67 314.67 314.67 314.67 314.67 314.67 314.67 314.67 314.67 314.67 314.67 314.67 314.67 314.67 314.67
 314.67 314.67 314.67 314.67 314.67 314.67 314.67 314.67 314.67 314.67 314.67 314.67 314.67 314.67 314.67 314.67 314.67 314.67 314.67 314.67 314.67 314.67 314.67 314.67
 314.67 314.67 314.67 314.67 314.67 314.67 314.67 314.67 314.67 314.67 314.67 314.67 314.67 314.67 314.67 314.67 314.67 314.67 314.67 314.67 314.67 314.67 314.67 314.67
 314.67 314.67 314.67 314.67 314.67 314.67 314.67 314.67 314.67 314.67 314.67 314.67 314.67 314.67 314.67 314.67 314.67 314.67 314.67 314.67 314.67 314.67 314.67 314.67
 314.67 314.67 314.67 314.67 314.67 314.67 314.67 314.67 314.67 314.67 314.67 314.67 314.67 314.67 314.67 314.67 314.67 314.67 314.67 314.67 314.67 314.67 314.67 314.67
 314.67 314.67 314.67 314.67 314.67 314.67 314.67 314.67 314.67 314.67 314.67 314.67 314.67 314.67 314.67 314.67 314.67 314.67 314.67 314.67 314.67 314.67 314.67 314.67
 314.67 314.67 314.67 314.67 314.67 314.67 314.67 314.67 314.67 314.67 314.67 314.67 314.67 314.67 314.67 314.67 314.67 314.67 314.67 314.67 314.67 314.67 314.67 314.67
 314.67 314.67 314.67 314.67 314.67 314.67 314.67 314.67 314.67 314.67 314.67 314.67 314.67 314.67 314.67 314.67 314.67 314.67 314.67 314.67 314.67 314.67 314.67 314.67
