2001 MONTHLY CO2 (PPMV)   24  12  LON/LAT (N-S/0-360E) IN 15 DEGREE RESOLUTION,  GLB ANNUAL MEAN = 370.64,  GROWTH RATE = 1.46,  MISS DATA = -99.99
 375.38 375.38 375.38 375.38 375.38 375.38 375.38 375.38 375.38 375.38 375.38 375.38 375.38 375.38 375.38 375.38 375.38 375.38 375.38 375.38 375.38 375.38 375.38 375.38
 376.27 379.50 382.90 379.14 375.38 375.38 375.38 375.38 375.38 375.38 375.38 375.62 375.41 375.43 375.41 375.10 375.38 375.38 377.50 375.38 374.76 374.13 374.10 375.89
 381.61 385.90 381.13 378.29 376.26 376.70 372.52 376.96 378.82 381.02 375.85 375.85 375.73 375.60 375.21 374.82 374.26 379.62 379.62 376.30 374.54 374.13 373.57 374.03
 374.46 381.22 374.59 374.59 376.70 376.70 372.52 376.96 378.82 381.02 376.76 375.85 372.26 373.24 373.40 374.26 373.69 373.69 375.50 372.99 372.99 372.57 372.57 373.58
 371.94 376.58 374.59 373.37 376.70 376.70 372.52 375.68 374.40 374.50 372.50 372.38 372.26 370.88 370.88 372.94 373.69 373.88 373.88 373.43 371.36 371.50 371.50 371.83
 371.94 372.10 372.14 370.92 370.92 376.70 372.52 373.96 372.24 370.07 371.28 370.98 370.81 370.73 370.73 370.73 370.60 373.88 373.88 371.36 371.36 371.36 371.50 368.03
 368.03 367.79 370.92 370.92 370.92 370.92 371.72 370.87 370.05 369.33 369.66 369.44 369.44 370.09 370.41 367.51 367.51 367.51 373.88 371.36 371.36 370.25 368.03 368.03
 367.79 367.79 367.79 370.92 370.92 370.92 368.59 368.59 368.59 368.59 368.59 369.16 369.44 369.76 367.51 367.51 367.51 367.51 367.51 366.59 371.36 369.88 368.03 368.03
 367.25 367.25 367.25 367.24 367.29 367.35 367.50 367.38 367.38 367.38 367.26 367.20 369.44 368.94 367.55 367.51 367.51 367.51 366.59 366.59 366.59 366.71 367.76 367.64
 367.37 367.25 367.38 367.24 367.33 367.42 367.62 367.62 367.42 367.26 367.14 367.14 367.38 367.62 367.62 367.62 367.56 367.10 366.59 366.59 366.58 366.84 367.62 367.62
 367.62 367.56 367.51 367.45 367.42 367.52 367.62 367.62 367.62 367.62 367.38 367.62 367.62 367.62 367.62 367.62 367.62 367.62 367.39 367.16 366.58 367.10 367.62 367.62
 367.62 367.62 367.62 367.62 367.62 367.62 367.62 367.62 367.62 367.62 367.62 367.62 367.62 367.62 367.62 367.62 367.62 367.62 367.62 367.62 367.62 367.62 367.62 367.62
 375.59 375.59 375.59 375.59 375.59 375.59 375.59 375.59 375.59 375.59 375.59 375.59 375.59 375.59 375.59 375.59 375.59 375.59 375.59 375.59 375.59 375.59 375.59 375.59
 376.53 378.86 376.90 376.24 375.59 375.59 375.59 375.59 375.59 375.59 375.59 376.39 376.03 376.48 376.03 375.90 375.59 375.59 379.08 375.59 375.53 375.48 375.30 376.26
 380.55 382.31 377.60 375.81 376.46 376.89 373.23 377.49 380.35 381.75 377.20 377.20 376.80 376.40 376.30 376.21 375.24 382.57 382.57 378.19 375.75 375.48 374.31 374.99
 375.34 374.96 373.58 373.58 376.89 376.89 373.23 377.49 380.35 381.75 377.57 377.20 373.01 374.14 379.97 379.97 374.26 374.26 377.50 373.81 373.81 372.64 372.64 374.31
 372.58 373.77 373.58 372.65 376.89 376.89 373.23 376.11 374.73 375.29 373.40 373.20 373.01 371.88 371.88 379.97 374.26 376.13 376.13 374.97 372.52 372.17 372.17 372.48
 372.58 371.32 371.73 370.80 370.80 376.89 373.23 374.56 373.01 371.29 372.35 371.69 371.37 371.25 371.25 375.61 371.01 376.13 376.13 372.52 372.52 372.52 372.17 368.26
 368.26 367.62 370.80 370.80 370.80 370.80 372.01 370.38 369.68 369.11 369.55 369.85 369.85 370.55 370.90 367.75 367.75 367.75 376.13 372.52 372.52 371.10 368.26 368.26
 367.62 367.62 367.62 370.80 370.80 370.80 366.92 366.92 366.92 366.92 366.92 368.87 369.85 370.20 367.75 367.75 367.75 367.75 367.75 366.82 372.52 370.63 368.26 368.26
 367.12 367.12 367.12 367.04 367.08 367.13 367.32 367.34 367.34 367.34 367.22 367.15 369.85 369.11 367.60 367.75 367.75 367.75 366.82 366.82 366.82 366.88 367.75 367.69
 367.18 367.12 367.23 367.04 367.12 367.18 367.29 367.29 367.28 367.22 367.09 367.09 367.19 367.29 367.29 367.29 367.52 367.06 366.82 366.82 366.82 366.94 367.29 367.29
 367.29 367.36 367.42 367.24 367.19 367.24 367.29 367.29 367.29 367.29 367.19 367.29 367.29 367.29 367.29 367.29 367.29 367.29 367.20 367.10 366.82 367.06 367.29 367.29
 367.29 367.29 367.29 367.29 367.29 367.29 367.29 367.29 367.29 367.29 367.29 367.29 367.29 367.29 367.29 367.29 367.29 367.29 367.29 367.29 367.29 367.29 367.29 367.29
 376.02 376.02 376.02 376.02 376.02 376.02 376.02 376.02 376.02 376.02 376.02 376.02 376.02 376.02 376.02 376.02 376.02 376.02 376.02 376.02 376.02 376.02 376.02 376.02
 376.49 378.66 379.80 377.91 376.02 376.02 376.02 376.02 376.02 376.02 376.02 376.98 376.33 376.64 376.33 376.02 376.02 376.02 379.11 376.02 375.66 375.30 376.20 376.74
 380.05 380.94 378.22 376.69 376.25 376.36 374.65 378.28 380.13 381.64 377.93 377.93 377.50 377.06 376.54 376.02 375.25 382.20 382.20 378.38 375.97 375.30 375.56 376.31
 374.87 375.35 373.93 373.93 376.36 376.36 374.65 378.28 380.13 381.64 378.01 377.93 373.24 374.98 376.91 376.91 374.49 374.49 377.92 374.56 374.56 374.16 374.16 375.00
 373.44 374.39 373.93 372.48 376.36 376.36 374.65 377.26 376.25 376.22 374.39 373.81 373.24 372.90 372.90 376.91 374.49 376.99 376.99 375.77 373.29 373.82 373.82 373.53
 373.44 373.92 371.04 369.59 369.59 376.36 374.65 375.84 374.42 372.59 373.49 372.16 371.52 372.90 372.90 376.91 371.01 376.99 376.99 373.29 373.29 373.29 373.82 368.37
 368.37 368.45 369.59 369.59 369.59 369.59 372.12 371.49 370.82 370.20 370.33 369.80 369.80 369.80 369.80 367.54 367.54 367.54 376.99 373.29 373.29 371.65 368.37 368.37
 367.88 367.38 368.49 369.59 369.59 369.59 367.82 367.82 367.82 367.82 367.82 367.78 368.52 368.52 368.03 367.54 367.54 367.54 367.54 367.23 373.29 371.10 368.37 368.37
 367.38 367.38 367.38 367.18 367.16 367.17 367.32 367.36 367.36 367.36 367.20 367.04 367.78 368.15 367.75 367.54 367.54 367.54 367.23 367.23 367.20 367.20 367.84 367.88
 367.35 367.38 367.34 367.18 367.14 367.17 367.29 367.29 367.31 367.28 367.20 367.12 367.39 367.29 367.29 367.29 367.41 367.26 367.23 367.23 367.18 367.19 367.29 367.29
 367.29 367.39 367.50 367.27 367.11 367.20 367.29 367.29 367.29 367.29 367.24 367.29 367.29 367.29 367.29 367.29 367.29 367.29 367.27 367.26 367.12 367.20 367.29 367.29
 367.28 367.28 367.28 367.28 367.28 367.28 367.28 367.28 367.28 367.28 367.28 367.28 367.28 367.28 367.28 367.28 367.28 367.28 367.28 367.28 367.28 367.28 367.28 367.28
 376.67 376.67 376.67 376.67 376.67 376.67 376.67 376.67 376.67 376.67 376.67 376.67 376.67 376.67 376.67 376.67 376.67 376.67 376.67 376.67 376.67 376.67 376.67 376.67
 376.65 378.01 377.50 377.09 376.67 376.67 376.67 376.67 376.67 376.67 376.67 377.60 377.08 377.48 377.08 376.70 376.67 376.67 378.53 376.67 376.30 375.92 376.70 376.88
 379.52 377.88 377.27 376.93 375.89 375.50 376.10 377.44 381.43 381.81 378.53 378.53 378.39 378.26 377.49 376.72 375.96 380.39 380.39 377.85 376.35 375.92 376.28 376.07
 375.70 378.72 376.43 376.43 375.50 375.50 376.10 377.44 381.43 381.81 378.04 378.53 374.53 375.94 375.75 375.96 375.19 375.19 377.22 375.31 375.31 376.05 376.05 375.63
 374.17 376.45 376.43 373.83 375.50 375.50 376.10 376.86 376.28 376.48 374.28 374.40 374.53 373.62 373.62 374.92 375.19 375.97 375.97 375.64 373.51 374.76 374.76 374.32
 374.17 375.31 371.24 368.64 368.64 375.50 376.10 375.89 374.92 373.56 373.92 372.30 371.81 373.62 373.62 371.70 371.15 375.97 375.97 373.51 373.51 373.51 374.76 368.42
 368.42 368.26 368.64 368.64 368.64 368.64 372.37 371.76 371.29 370.84 370.49 369.08 369.08 369.08 369.08 367.10 367.10 367.10 375.97 373.51 373.51 371.81 368.42 368.42
 368.07 367.72 368.18 368.64 368.64 368.64 368.11 368.11 368.11 368.11 368.11 367.34 367.47 367.47 367.29 367.10 367.10 367.10 367.10 370.46 373.51 371.25 368.42 368.42
 367.72 367.72 367.72 367.23 367.25 367.30 367.55 367.52 367.52 367.52 367.32 367.20 367.34 367.40 367.34 367.10 367.10 367.10 367.41 367.73 366.90 366.98 368.02 368.07
 367.67 367.72 367.49 367.23 367.26 367.35 367.57 367.57 367.49 367.39 367.25 367.23 367.38 367.57 367.57 367.57 367.34 367.57 367.69 367.73 366.90 367.07 367.57 367.57
 367.57 367.66 367.74 367.46 367.30 367.44 367.57 367.57 367.57 367.57 367.41 367.57 367.57 367.57 367.57 367.57 367.57 367.57 367.65 367.73 366.90 367.24 367.57 367.57
 367.57 367.57 367.57 367.57 367.57 367.57 367.57 367.57 367.57 367.57 367.57 367.57 367.57 367.57 367.57 367.57 367.57 367.57 367.57 367.57 367.57 367.57 367.57 367.57
 377.03 377.03 377.03 377.03 377.03 377.03 377.03 377.03 377.03 377.03 377.03 377.03 377.03 377.03 377.03 377.03 377.03 377.03 377.03 377.03 377.03 377.03 377.03 377.03
 375.87 376.35 376.50 376.77 377.03 377.03 377.03 377.03 377.03 377.03 377.03 377.06 377.28 377.53 377.28 376.06 377.03 377.03 375.85 377.03 376.54 376.04 375.87 375.66
 374.27 371.02 374.11 375.23 374.11 372.65 374.68 375.02 379.25 380.31 377.09 377.09 377.20 377.32 376.20 375.09 374.78 374.67 374.67 374.40 375.28 376.04 374.97 374.65
 373.27 364.80 374.81 374.81 372.65 372.65 374.68 375.02 379.25 380.31 377.31 377.09 374.66 375.85 375.31 374.78 374.48 374.48 374.51 374.14 374.14 374.39 374.39 374.08
 374.26 369.53 374.81 372.75 372.65 372.65 374.68 375.34 375.67 376.01 374.32 374.49 374.66 374.38 374.38 374.55 374.48 374.71 374.71 374.42 373.81 374.75 374.75 374.38
 374.26 371.89 370.69 368.63 368.63 372.65 374.68 375.02 374.70 373.73 374.02 372.18 371.62 374.38 374.38 371.84 370.97 374.71 374.71 373.81 373.81 373.81 374.75 369.18
 369.18 368.53 368.63 368.63 368.63 368.63 371.65 370.87 370.65 370.33 369.97 368.59 368.59 368.59 368.59 367.46 367.46 367.46 374.71 373.81 373.81 372.27 369.18 369.18
 368.49 367.79 368.21 368.63 368.63 368.63 366.93 366.93 366.93 366.93 366.93 367.94 367.73 367.73 367.60 367.46 367.46 367.46 367.46 370.82 373.81 371.75 369.18 369.18
 367.79 367.79 367.79 367.62 367.58 367.59 367.80 367.76 367.76 367.76 367.78 368.15 367.94 367.84 367.68 367.46 367.46 367.46 367.80 368.19 367.51 367.55 368.50 368.49
 367.81 367.79 367.81 367.62 367.55 367.60 367.84 367.84 367.73 367.59 367.42 367.78 367.86 367.84 367.84 367.84 367.65 367.84 368.10 368.19 367.51 367.59 367.84 367.84
 367.84 367.93 368.01 367.74 367.47 367.66 367.84 367.84 367.84 367.84 367.63 367.84 367.84 367.84 367.84 367.84 367.84 367.84 368.02 368.19 367.51 367.68 367.84 367.84
 367.84 367.84 367.84 367.84 367.84 367.84 367.84 367.84 367.84 367.84 367.84 367.84 367.84 367.84 367.84 367.84 367.84 367.84 367.84 367.84 367.84 367.84 367.84 367.84
 373.83 373.83 373.83 373.83 373.83 373.83 373.83 373.83 373.83 373.83 373.83 373.83 373.83 373.83 373.83 373.83 373.83 373.83 373.83 373.83 373.83 373.83 373.83 373.83
 372.92 369.07 372.50 373.17 373.83 373.83 373.83 373.83 373.83 373.83 373.83 372.95 374.46 375.09 374.46 372.80 373.83 373.83 370.70 373.83 373.25 372.67 372.46 372.75
 372.43 367.78 370.25 371.30 369.70 367.64 370.64 370.77 374.38 378.29 372.07 372.07 371.95 371.84 371.80 371.76 371.85 367.56 367.56 369.25 371.52 372.67 371.94 371.79
 371.78 367.08 370.47 370.47 367.64 367.64 370.64 370.77 374.38 378.29 375.77 372.07 372.48 372.57 372.38 371.85 371.93 371.93 370.56 370.93 370.93 371.58 371.58 371.95
 372.94 370.01 370.47 370.05 367.64 367.64 370.64 372.15 373.53 374.33 373.26 372.87 372.48 373.31 373.31 372.36 371.93 373.19 373.19 372.06 372.79 373.02 373.02 372.96
 372.94 371.48 369.62 369.20 369.20 367.64 370.64 372.51 372.88 372.22 372.74 371.58 371.07 373.31 373.31 371.02 370.11 373.19 373.19 372.79 372.79 372.79 373.02 372.96
 372.94 368.79 369.20 369.20 369.20 369.20 369.92 370.08 370.12 369.90 369.97 369.65 369.65 369.65 369.65 368.29 368.29 368.29 373.19 372.79 372.79 372.79 373.02 372.20
 368.39 368.39 368.79 369.20 369.20 369.20 367.59 367.59 367.59 367.59 367.59 368.97 369.65 369.65 368.29 368.29 368.29 368.29 368.29 370.56 372.79 372.79 373.02 368.39
 368.39 368.39 368.39 368.51 368.31 368.17 368.08 368.04 368.04 368.04 368.04 368.04 369.65 369.15 368.24 368.29 368.29 368.29 368.31 368.35 368.25 368.24 368.26 368.39
 368.30 368.39 368.41 368.51 368.12 368.02 368.13 368.13 368.07 368.04 368.04 368.04 368.09 368.13 368.13 368.13 368.21 368.13 368.30 368.35 368.25 368.22 368.13 368.13
 368.13 368.23 368.32 368.17 367.72 367.93 368.13 368.13 368.13 368.13 368.09 368.13 368.13 368.13 368.13 368.13 368.13 368.13 368.24 368.35 368.25 368.19 368.13 368.13
 368.13 368.13 368.13 368.13 368.13 368.13 368.13 368.13 368.13 368.13 368.13 368.13 368.13 368.13 368.13 368.13 368.13 368.13 368.13 368.13 368.13 368.13 368.13 368.13
 367.34 367.34 367.34 367.34 367.34 367.34 367.34 367.34 367.34 367.34 367.34 367.34 367.34 367.34 367.34 367.34 367.34 367.34 367.34 367.34 367.34 367.34 367.34 367.34
 366.64 365.01 363.60 365.47 367.34 367.34 367.34 367.34 367.34 367.34 367.34 365.59 367.50 367.66 367.50 367.82 367.34 367.34 366.38 367.34 367.42 367.51 366.30 367.56
 373.03 365.73 366.06 366.79 365.85 365.10 366.20 364.11 373.85 373.68 363.85 363.85 364.32 364.79 366.55 368.30 368.91 365.42 365.42 367.52 368.02 367.51 367.70 366.60
 369.14 365.31 368.85 368.85 365.10 365.10 366.20 364.11 373.85 373.68 371.88 363.85 370.22 368.00 370.07 370.07 369.52 369.52 368.89 369.62 369.62 370.20 370.20 368.69
 370.46 367.88 368.85 369.17 365.10 365.10 366.20 367.82 371.52 371.44 370.08 370.15 370.22 371.21 371.21 370.07 369.52 371.63 371.63 370.62 370.36 370.34 370.34 370.43
 370.46 369.17 369.49 369.81 369.81 365.10 366.20 369.41 371.00 370.48 370.28 370.29 370.32 371.21 371.21 370.07 368.89 371.63 371.63 370.36 370.36 370.36 370.34 370.43
 370.46 369.24 369.81 369.81 369.81 369.81 368.00 369.59 370.06 369.88 369.97 370.41 370.41 370.41 370.41 368.26 368.26 368.26 371.63 370.36 370.36 370.36 370.34 370.13
 368.67 368.67 369.24 369.81 369.81 369.81 369.29 369.29 369.29 369.29 369.29 369.52 369.52 369.52 368.89 368.26 368.26 368.26 368.26 369.43 370.36 370.36 370.34 368.67
 368.67 368.67 368.67 368.87 368.74 368.64 368.52 368.45 368.45 368.45 368.51 369.03 369.52 369.52 368.81 368.26 368.26 368.26 368.49 368.75 368.57 368.57 368.63 368.67
 368.64 368.67 368.80 368.87 368.62 368.54 368.59 368.59 368.52 368.51 368.56 368.56 368.89 368.59 368.59 368.59 368.42 368.59 368.71 368.75 368.57 368.57 368.59 368.59
 368.59 368.66 368.73 368.64 368.36 368.47 368.59 368.59 368.59 368.59 368.57 368.59 368.59 368.59 368.59 368.59 368.59 368.59 368.67 368.75 368.57 368.58 368.59 368.59
 368.59 368.59 368.59 368.59 368.59 368.59 368.59 368.59 368.59 368.59 368.59 368.59 368.59 368.59 368.59 368.59 368.59 368.59 368.59 368.59 368.59 368.59 368.59 368.59
 361.68 361.68 361.68 361.68 361.68 361.68 361.68 361.68 361.68 361.68 361.68 361.68 361.68 361.68 361.68 361.68 361.68 361.68 361.68 361.68 361.68 361.68 361.68 361.68
 361.31 362.90 356.70 359.19 361.68 361.68 361.68 361.68 361.68 361.68 361.68 360.86 361.37 361.06 361.37 362.79 361.68 361.68 362.52 361.68 362.71 363.74 362.06 363.09
 373.31 368.51 364.52 364.01 365.40 367.26 363.35 360.58 369.03 371.80 360.04 360.04 360.64 361.24 362.56 363.89 365.96 363.35 363.35 365.70 365.05 363.74 363.82 361.68
 367.53 365.88 368.33 368.33 367.26 367.26 363.35 360.58 369.03 371.80 370.24 360.04 368.32 365.11 374.99 374.99 368.03 368.03 366.90 368.05 368.05 367.73 367.73 365.76
 368.43 367.15 368.33 368.92 367.26 367.26 363.35 364.60 368.62 369.75 368.68 368.50 368.32 368.97 368.97 374.99 368.03 369.29 369.29 368.67 368.31 368.15 368.15 368.36
 368.43 367.79 369.50 370.09 370.09 367.26 363.35 366.93 369.26 369.91 369.30 369.43 369.82 371.02 371.02 373.00 367.92 369.29 369.29 368.31 368.31 368.31 368.15 368.36
 368.43 369.49 370.09 370.09 370.09 370.09 366.72 368.92 369.77 369.98 369.86 370.12 370.12 370.57 370.79 367.81 367.81 367.81 369.29 368.31 368.31 368.31 368.15 368.44
 368.89 368.89 369.49 370.09 370.09 370.09 370.05 370.05 370.05 370.05 370.05 370.09 370.12 370.34 367.81 367.81 367.81 367.81 367.81 368.46 368.31 368.31 368.15 368.89
 368.89 368.89 368.89 369.09 369.04 369.02 369.04 369.00 369.00 369.00 368.92 368.88 370.12 369.85 368.23 367.81 367.81 367.81 368.59 369.40 369.05 369.05 368.99 368.89
 368.95 368.89 369.20 369.09 369.00 368.99 369.08 369.08 369.00 368.92 368.84 368.84 368.96 369.08 369.08 369.08 368.45 369.08 369.32 369.40 369.05 369.06 369.08 369.08
 369.08 369.20 369.31 369.10 368.90 368.99 369.08 369.08 369.08 369.08 368.96 369.08 369.08 369.08 369.08 369.08 369.08 369.08 369.24 369.40 369.05 369.07 369.08 369.08
 369.08 369.08 369.08 369.08 369.08 369.08 369.08 369.08 369.08 369.08 369.08 369.08 369.08 369.08 369.08 369.08 369.08 369.08 369.08 369.08 369.08 369.08 369.08 369.08
 363.16 363.16 363.16 363.16 363.16 363.16 363.16 363.16 363.16 363.16 363.16 363.16 363.16 363.16 363.16 363.16 363.16 363.16 363.16 363.16 363.16 363.16 363.16 363.16
 362.88 367.77 366.40 364.78 363.16 363.16 363.16 363.16 363.16 363.16 363.16 363.80 363.29 363.42 363.29 363.68 363.16 363.16 364.03 363.16 363.57 363.97 364.52 364.31
 371.66 373.84 369.64 367.70 367.34 369.42 367.22 366.21 369.29 374.85 364.44 364.44 364.12 363.81 364.00 364.20 365.48 364.89 364.89 365.52 364.80 363.97 364.69 363.09
 367.35 367.77 368.67 368.67 369.42 369.42 367.22 366.21 369.29 374.85 371.36 364.44 366.87 365.80 377.20 377.20 366.77 366.77 366.44 366.14 366.14 366.47 366.47 365.85
 367.75 367.76 368.67 369.16 369.42 369.42 367.22 367.03 367.86 369.88 367.86 367.37 366.87 367.79 367.79 377.20 366.77 368.29 368.29 367.22 367.52 367.56 367.56 367.70
 367.75 367.76 369.66 370.15 370.15 369.42 367.22 367.72 368.41 368.96 368.41 368.49 368.36 367.79 367.79 377.20 367.36 368.29 368.29 367.52 367.52 367.52 367.56 370.45
 370.45 369.94 370.15 370.15 370.15 370.15 368.69 369.11 369.40 369.58 369.51 369.85 369.85 369.85 369.85 367.96 367.96 367.96 368.29 367.52 367.52 368.50 370.45 370.45
 369.83 369.21 369.68 370.15 370.15 370.15 370.20 370.20 370.20 370.20 370.20 368.57 369.85 369.85 367.96 367.96 367.96 367.96 367.96 368.19 367.52 368.82 370.45 370.45
 369.21 369.21 369.21 369.50 369.41 369.36 369.48 369.47 369.47 369.47 369.08 368.57 368.57 368.57 368.50 367.96 367.96 367.96 368.85 369.77 369.34 369.36 369.92 369.83
 369.30 369.21 369.63 369.50 369.32 369.32 369.49 369.49 369.43 369.33 369.19 368.88 368.98 369.49 369.49 369.49 368.73 369.49 369.70 369.77 369.34 369.38 369.49 369.49
 369.49 369.63 369.77 369.48 369.14 369.32 369.49 369.49 369.49 369.49 369.34 369.49 369.49 369.49 369.49 369.49 369.49 369.49 369.63 369.77 369.34 369.42 369.49 369.49
 369.49 369.49 369.49 369.49 369.49 369.49 369.49 369.49 369.49 369.49 369.49 369.49 369.49 369.49 369.49 369.49 369.49 369.49 369.49 369.49 369.49 369.49 369.49 369.49
 368.15 368.15 368.15 368.15 368.15 368.15 368.15 368.15 368.15 368.15 368.15 368.15 368.15 368.15 368.15 368.15 368.15 368.15 368.15 368.15 368.15 368.15 368.15 368.15
 368.73 370.95 370.30 369.22 368.14 368.14 368.14 368.14 368.14 368.14 368.14 369.72 368.60 369.05 368.60 369.26 368.14 368.14 371.40 368.14 368.13 368.12 369.65 369.87
 379.73 386.41 376.12 372.34 370.80 372.13 372.54 372.52 376.91 377.36 371.29 371.29 370.53 369.78 370.07 370.37 369.49 374.65 374.65 371.73 369.20 368.12 368.86 367.91
 370.88 373.60 371.66 371.66 372.13 372.13 372.54 372.52 376.91 377.36 373.01 371.29 368.53 369.05 375.38 375.38 368.60 368.60 370.94 368.81 368.81 369.01 369.01 369.13
 368.19 370.89 371.66 371.23 372.13 372.13 372.54 372.16 371.81 371.50 368.67 368.60 368.53 368.32 368.32 375.38 368.60 369.37 369.37 369.09 367.92 368.74 368.74 368.33
 368.19 369.54 370.79 370.36 370.36 372.13 372.54 371.07 369.98 368.15 368.41 369.09 369.29 368.32 368.32 375.38 368.46 369.37 369.37 367.92 367.92 367.92 368.74 370.85
 370.85 370.15 370.36 370.36 370.36 370.36 371.45 370.48 369.91 369.30 369.55 370.06 370.06 370.06 370.06 368.33 368.33 368.33 369.37 367.92 367.92 368.90 370.85 370.85
 370.04 369.23 369.80 370.36 370.36 370.36 370.45 370.45 370.45 370.45 370.45 369.02 369.05 369.05 368.69 368.33 368.33 368.33 368.33 368.55 367.92 369.22 370.85 370.85
 369.23 369.23 369.23 369.87 369.75 369.67 369.65 369.57 369.57 369.57 369.34 368.99 369.02 369.03 368.95 368.33 368.33 368.33 369.15 370.01 369.60 369.62 370.21 370.04
 369.40 369.23 369.90 369.87 369.62 369.59 369.73 369.73 369.61 369.52 369.46 369.23 369.32 369.73 369.73 369.73 369.03 369.73 369.94 370.01 369.60 369.63 369.73 369.73
 369.73 369.83 369.93 369.73 369.38 369.55 369.73 369.73 369.73 369.73 369.59 369.73 369.73 369.73 369.73 369.73 369.73 369.73 369.87 370.01 369.60 369.66 369.73 369.73
 369.73 369.73 369.73 369.73 369.73 369.73 369.73 369.73 369.73 369.73 369.73 369.73 369.73 369.73 369.73 369.73 369.73 369.73 369.73 369.73 369.73 369.73 369.73 369.73
 373.35 373.35 373.35 373.35 373.35 373.35 373.35 373.35 373.35 373.35 373.35 373.35 373.35 373.35 373.35 373.35 373.35 373.35 373.35 373.35 373.35 373.35 373.35 373.35
 372.55 375.77 376.00 374.68 373.36 373.36 373.36 373.36 373.36 373.36 373.36 374.06 373.32 373.29 373.32 373.86 373.36 373.36 375.77 373.36 372.91 372.46 372.81 373.50
 378.15 385.74 378.76 376.00 373.12 373.00 372.39 373.23 378.21 378.86 374.77 374.77 374.22 373.67 374.01 374.36 373.12 378.18 378.18 374.90 372.98 372.46 372.14 372.61
 374.52 374.82 374.55 374.55 373.00 373.00 372.39 373.23 378.21 378.86 374.69 374.77 371.37 371.91 376.84 376.84 371.88 371.88 373.64 371.63 371.63 371.01 371.01 372.58
 370.23 372.52 374.55 373.05 373.00 373.00 372.39 373.29 373.36 373.08 370.51 370.94 371.37 370.14 370.14 376.84 371.88 371.11 371.11 371.37 370.16 371.43 371.43 370.53
 370.23 371.38 371.56 370.06 370.06 373.00 372.39 372.38 371.48 369.60 370.06 370.59 370.92 370.14 370.14 376.84 370.25 371.11 371.11 370.16 370.16 370.16 371.43 370.69
 370.69 370.03 370.06 370.06 370.06 370.06 371.23 371.68 371.17 370.54 370.63 370.46 370.46 370.46 370.46 368.63 368.63 368.63 371.11 370.16 370.16 370.34 370.69 370.69
 370.01 369.33 369.69 370.06 370.06 370.06 371.48 371.48 371.48 371.48 371.48 369.54 369.54 369.54 369.09 368.63 368.63 368.63 368.63 369.74 370.16 370.40 370.69 370.69
 369.33 369.33 369.33 369.69 369.52 369.55 369.54 369.36 369.36 369.36 369.38 369.46 369.54 369.54 369.24 368.63 368.63 368.63 369.31 370.02 369.61 369.62 370.14 370.01
 369.46 369.33 369.89 369.71 369.52 369.57 369.72 369.72 369.49 369.38 369.39 369.39 369.55 369.72 369.72 369.72 369.18 369.72 369.95 370.02 369.61 369.64 369.72 369.72
 369.72 369.81 369.89 369.71 369.52 369.62 369.72 369.72 369.72 369.72 369.56 369.72 369.72 369.72 369.72 369.72 369.72 369.72 369.87 370.02 369.61 369.67 369.72 369.72
 369.72 369.72 369.72 369.72 369.72 369.72 369.72 369.72 369.72 369.72 369.72 369.72 369.72 369.72 369.72 369.72 369.72 369.72 369.72 369.72 369.72 369.72 369.72 369.72
 375.00 375.00 375.00 375.00 375.00 375.00 375.00 375.00 375.00 375.00 375.00 375.00 375.00 375.00 375.00 375.00 375.00 375.00 375.00 375.00 375.00 375.00 375.00 375.00
 374.51 377.83 378.80 376.90 375.00 375.00 375.00 375.00 375.00 375.00 375.00 375.56 375.69 376.38 375.69 375.17 375.00 375.00 375.95 375.00 374.70 374.40 375.63 376.15
 381.28 391.31 382.20 378.54 377.61 378.91 372.16 374.71 377.59 379.66 376.11 376.11 375.86 375.61 375.47 375.33 374.85 376.89 376.89 375.28 374.51 374.40 374.95 376.64
 376.78 374.97 376.50 376.50 378.91 378.91 372.16 374.71 377.59 379.66 376.28 376.11 372.21 373.58 379.61 379.61 374.36 374.36 374.76 373.67 373.67 372.57 372.57 375.29
 372.34 373.65 376.50 374.36 378.91 378.91 372.16 374.88 375.04 374.74 372.90 372.55 372.21 371.55 371.55 379.61 374.36 373.72 373.72 373.69 372.28 372.41 372.41 372.36
 372.34 373.00 372.23 370.09 370.09 378.91 372.16 374.04 373.20 371.36 372.13 371.75 371.60 371.89 371.89 375.75 372.08 373.72 373.72 372.28 372.28 372.28 372.41 370.21
 370.21 369.87 370.09 370.09 370.09 370.09 371.12 372.34 371.86 371.25 371.30 370.70 370.70 371.30 371.59 369.80 369.80 369.80 373.72 372.28 372.28 371.59 370.21 370.21
 369.76 369.32 369.70 370.09 370.09 370.09 371.13 371.13 371.13 371.13 371.13 370.85 370.70 371.00 369.80 369.80 369.80 369.80 369.80 371.01 372.28 371.36 370.21 370.21
 369.32 369.32 369.32 369.70 369.40 369.42 369.39 369.23 369.23 369.23 369.19 369.17 370.70 370.42 369.72 369.80 369.80 369.80 369.73 369.67 369.30 369.33 369.84 369.76
 369.40 369.32 369.67 369.54 369.40 369.44 369.55 369.55 369.32 369.19 369.15 369.15 369.35 369.55 369.55 369.55 369.68 369.55 369.64 369.67 369.30 369.36 369.55 369.55
 369.55 369.61 369.67 369.54 369.40 369.48 369.55 369.55 369.55 369.55 369.35 369.55 369.55 369.55 369.55 369.55 369.55 369.55 369.61 369.67 369.30 369.43 369.55 369.55
 369.55 369.55 369.55 369.55 369.55 369.55 369.55 369.55 369.55 369.55 369.55 369.55 369.55 369.55 369.55 369.55 369.55 369.55 369.55 369.55 369.55 369.55 369.55 369.55
