SURFACE EMISSIVITY INDEX, IDM,JDM: 360 180    NOTE: DATA FROM N TO S
11111111111111111111111111111111111111111111111111111111111111111111111111111111
11111111111111111111111111111111111111111111111111111111111111111111111111111111
11111111111111111111111111111111111111111111111111111111111111111111111111111111
11111111111111111111111111111111111111111111111111111111111111111111111111111111
11111111111111111111111111111111111111111111111111111111111111111111111111111111
11111111111111111111111111111111111111111111111111111111111111111111111111111111
11111111111111111111111111111111111111111111111111111111111111111111111111111111
11111111111111111111111111111111111111111111111111111111111111111111111111111111
11111111111111111111111111111111111111111111111111111111111111111111111111111111
11111111111111111111111111111111111111111111111111111111111111111111111111111111
11111111111111111111111111111111111111111111111111111111111111111111111111111111
11111111111111111111111111111111111111111111111111111111111111111111111111111111
11111111111111111111111111111111111111111111111111111111111111111111111111111111
11111111111111111111111111111111111111111111111111111111111111111111111111111111
11111111111111111111111111111111111111111111111111111111111111111111111111111111
11111111111111111111111111111111111111111111111111111111111111111111111111111111
11111111111111111111111111111111111111111111111111111111111111111111111111111111
11111111111111111111111111111111111111111111111111111111111111111111111111111111
11111111111111111111111111111111111111111111111111111111111111111111111111111111
11111111111111111111111111111111111111111111111111111111111111111111111111111111
11111111111111111111111111111111111111111111111111111111111111111111111111111111
11111111111111111111111111111111111111111111111111111111111111111111111111111111
11111111111111111111111111111111111111111111111111111111111111111111111111111111
11111111111111111111111111111111111111111111111111111111111111111111111111111111
11111111111111111111111111111111111111111111111111111111111111111111111111111111
11111111111111111111111111111111111111111111111111111111111111111111111111111111
11111111111111111111111111111111111111111111111111111111111111111111111111111111
11111111111111111111111111111111111111111111111111111111111111111111111111111111
11111111111111111111111111111111111111111111111111111111111111111111111111111111
11111111111111111111111111111111111111111111111111111111111111111111111111111111
11111111111111111111111111111111111111111111111111111111111111111111111111111111
11177777777711111111111111111111111111111111111111111111111111111111111111111111
11111111111111111111111111111111111111111111111111111111111111111111111111111111
11111111111111111111111111111111111111111111111111111111111111111111111111111111
11111111111111111111111111111111111111111111111111111111111111111111111111111177
77777777777777755511111111111111177717777777777777777777711111111111111111111111
11111111111111111111111111111111111111111111111111111111111111111111111111111111
11111111111111111111111111111111111111111111111111111111111111111111111111111111
11111111111111111111111111111111111111111111111111111111111111111111111111111111
11111111111111111111111111111177777777777777777777777771111777777717777777777777
77777777777777777717777777711111111111111111111111111111111111111111111111111111
11111111111111111111111111111111111111111111111111111777711111111111111111111111
11111111111111111111111111111111111111111111111111111111111111111111111111111111
11111111111111111111111111111111111111111111111111111111111111111777755111551157
77777777777117777777777777777777777777777777777777777755555777711111111111111111
11111111111777777771177777111111111111111111111111111111111111111111111111111111
11111111111111777777111111111111111111111111111111111111111111111111111111111111
11111111111111111111111111111111111111111111111111111111111111111111111111111111
11111111111111111111111115555577771777777777711111111117777777777777777777777777
77777777777777777777711111111111111111111111111111111773377117111111111111111111
11111111111111111111111111111111111111111111111111111111111155555111111111111111
11111111111111111111111111111111111111111111111111111111111111111111111111111111
11111111111111111111111111111111111111111111111115111111555511551115557115555577
77777111755577777777777777777777777777777777777777777777777111111111111111111111
11111111111111137711111111111111111111111111111111111111111111111111111111111111
11111111111111111111111551111111111111111111111111111111111111111111111111111111
11111111111111111111111111111111111111111111111111111111111111111111111111111111
15151115511111111111111111111111551555577711111111177577777777777777777777777777
77777777777777777733111111111111111111111111111111111111111111111111111111111111
11111111111111111111111117755111111111111111111111111111111133555555555311111111
11111111111111111111111111111111111111111111111111111111111111111111111111111111
11111111111111111111111111111111111111755151111111511111115155115515551515715157
71111111111777777777777777777777777777777777777777777777777711111111111111111111
11111111111111111111111111111111111111111111111111111111177777711111111111111111
11111111115555555553555555555555531111111111111111111111155555555155111111111111
11111111111111111111111111111111111111111111111111111111111111111111111111111111
11155555555555111111551155115555555777771111111111111111111111777777777777777777
77777777777777777773311111111111111111111111111111111111111111111111111111111111
11111111111111175551111111111111111111111111111355553555555555333333335311111111
11111111111111111111111111111111111111111111111111111111111111111111111111111111
11111111111111111111111111111111111111311111111311111111111111111111111111111111
11111111111111111111111177777777777777777777777777777777777311111111111111111111
11111111111111111111111111111111111111111111111111111135511111111111111111111111
13333333555333553333333333333333333333111111331311111111111115511111111111111111
11111111111111111111111111111111111111111111111111111111111111111111111111113333
33331111111111111115551155555113331133137771111111111111111111117777777777777777
77777777777777733331111111111111111111111111111111111111111111111111111111111111
11111111111113531111111111111333311311111335533333333333333333322333333333333333
33333333311111111111333331111111111111111111111111111111111111111111111111111111
11111111111111111111111111111111111333333133333313313331115555511511113333133331
11377111111111111111111133777777777777777777777777777733331111111111111111111111
11111111111111111111111111111111111111111111111111113333111111111111333311333333
33333333333333333322222233333332232223233323333231113313313133333333331111111111
11111111111111111111551111111111111111111111111111111111111111111111111111113331
11333333333333311111131133311133333333333333355511111111111111111317777777777777
77777777777777333311111111111111111111111111111111111111111111113333331111111111
11111111111111111111111111133333313333333331333322232232333332322223333222222222
22222223333322333323222333333333333333331111111111111111111111111111111111111111
33333333333311111111111111111111111111111111333333333333311111113333111333333333
33333775775111111111111111333377777777777777777777777731331111111111111111111111
11111111111111111133333333336633111111111111111111111111111133331111333331333333
33332366663333333332322223223222222222222222222233322222333323323222222322223333
31333333111333333311111111111111111113333333333333333323322331111333333333131333
11113333333331333311133111333111111333111111333333751111111111111133137777777777
77777777777777771111111111111111111111111111111111111113333333633333366666223311
11113311111113133333333333331333311331333332332222333333333322222222222222222222
22222223333222222333322222222222222222222222223333333333333333111111111111333222
33333333333222226663333332332233333333333333311111111331111111331133333311333311
11111133333311111111111111133777777777777777777777771111111111111111111111111111
11111111111111133333666666666666666626233111311123222233333333333332333311333232
33322222222233333332222222222222222222222222222332222222223322222222222222222222
22222332333333333333333331111111111133336663222666666666636322233223222222223333
33333333333133333333333313333333133333311113311333333775111111111133337777777777
77777771111111111111111111111111111111111111111111111333333666666666666666616663
11313633666666662266622366222222133322222222226622222322332222222222222222222222
22222223322222222333332233322222223222222332322233333333333333333133311111131133
33666666666666666663332232222222222231112223333333333333333333333333333333333111
11111133313333737511111111333377777777777777771111111111111111111111111111111111
11111111111133336666661116666666666111116666666666666666666663326666666636632263
63266666662222322322222222222222222222222222222233223222222333233323322222222222
22233322223333333333113133333111133333363663666666366666666633332222222222222111
22222333333333333333333333333333313111111111113333333113311111111113377777777777
11111111111111111333333333111111111111111111111111166366666661116666666666611666
66666666666666666663666666666633363336366666666666666222222222222222222222222222
22222222233333333333222223332222222222323223222322322233331111111131111111331313
36366666666666662666633333333323222622222222223333333333333333333333333311333311
11333333333333311111111111113377777777711111111111111111113333773311111111111111
11111111666366666666116666666666666666666666666666666666666663662666633333663366
66666666666666622222666666666666666666666666666666666622232332222223222222232233
33333322222332233331111111111111111111666666666662222222666222222222223322226222
22222223333333333333333333333111113311111111111133333331111111111111177777777771
11111111111111111111331111111111111111111111116333636666661112266666616666616666
66666666666666666666666666633633333333363636666666666666666666666666666666666666
66666666666666666233333223222222222323332222222332333332312111111111111111133626
66266662266236622662232222222233333266222222222211223333333333333331111111111311
11311111111333111111111111111177777777111111111111111111111111111111111111111111
11111633366666666111116666166661166616666666666666666666666666666662232333666663
66336666666666666666666666666666666666666666666666666666622333333333222223333111
33112233332321111111111111111111113333636266662766627722227222222222222323222666
66661112222222333333333333111111111111111133333311111111111111111111111377777711
11111111111111111111111111111111111111111111163336666666661111226626666616666666
66666666666666622666666663666666666666666666666666666666666666666666666666666666
66666666666666666222222222332223232111111123222313311111111111111111111111133333
33663622162711667777772222222666662366666666666622222222332223333111111111111111
11333333331111111111111111111111113371111111111111111111111111111111111111111111
11111636622266662221111111661666666666666666666666666666666666666363666636636666
26666663666666666666666666666666666666666666666666666666666622222226611622211111
23211111111111111111111111111111111111332663321166111111111117722322222266266666
36663633661633333322233331111111111111111133333333111133111111111111111111111111
11111111111111111111111111111111111111111111112661166266611111161666166666666666
66666266626626666666666666336663336666666666666666666666666666666666666666666666
66666666666666666666611111111111111111132211111111111111111111111111111111111111
11133211111111111111111776722322363366666662666332333366332222223331111111111111
11333333333313333111111111111111111111111111111111111111111111111111111111122111
11111111111122666161116166666666666666622266666666666666666666666666636666636366
66666666666666666666666666666666666663663666666336666666666611111111111111111332
33211111111111111111111111111111111111111133112111111111111111116617232323233666
66666366666333336122666633331111111111111113333333322223331111111111111111111111
11111111111111111111111111111111112222111111111166111666111113666222662666662226
62626666666666666226666666666666666666633666666666666262666666666666633663666333
36666636666636666611111111111111111133233231111111111111111111111111111111111111
22111111111111111111111111162222333236666666666636636666666666666333333311111111
11133333333222333311111111111111111111111111111111111111111111111111111111222211
11111111221212111111166666622222226666666666626666662226662622222222222222222222
22222226622266226666666666666136366666666666666666636666111111111111111111113336
22111111111111111111111111111111111113361111111111111111111111111116662222222266
62666663666366666666666666663333331111111112223332322233333311111111111111111111
11111111111111111111111111111111111222111111111112111111122122222266666222626222
66622262226222226666222222222222222222222222222666622666666626666666612666626666
22666666666666666111111111111111111136662211111111111111111111111111111111111111
11111111111111111111111111111166262266226666666266366666336666666666666333333311
13222222222232232222221111111111111111111111111111111111111111111111111222112221
11111112222222666262666666666666626666222266266662222222266222222222222222222222
22262266662226663666666266611636666666666666666666666636666661611111111111113663
11111111111111111111111111111111111111111111111111111111111111111116116666666666
22666622222666636661616666666666633333111222222222222223222622231111111111111111
11111111111111111111111111111122221112222211122226222626626262626666666622662222
22222262222222222622222222222222222222222222226666666666666636666616626666662666
62222666666666366666316111111111111132211111111111111111111111111111111111111111
11111111111111111111111111111111622266666226662222222222266661166666666663333311
16626662222222326222222611111111111111111111111111111111111111111111112222112222
21112222666222666666266666666662222222222222222222222222222222222222222222222226
22222266666266266626666666666666662266222222226666666666666661611111111111111211
11111111111111111111111111111111111111111111111111111111111111111111111162332266
66226222222222222226666666666666633333331336666626666666666666631111111111111111
11111111111111111111111111111121111122221222222626226222226226666266666222226222
22222222222222222222222222222222222222222226666663222222662666666222666666222222
22226662266666666666616611111111111111111111111111111111111111111111111111111111
11111111111111111111111111111111666626222663362222222222222222226666666666363666
66366666666666666636111211111111111111111111111111111111111111111111111111122111
22222226222662222226266262222222332222222222222222222222222222222222222222222222
22222663322222222622222622266666222222222226626222666666266661661111111111111111
11111111111111111111111111111111111111111111111111111111111111111111111111666622
26622622222222222222222266666661666666666666666666666111611111266611111111111111
11111111111111111111111111111111111111222222622262222226226662666222222222222222
22222222222222222222222222222222222222222222226622222222222262222226662222222222
22262226666626666666116111111111111111111111111111111111111111111111111111111111
11111111111111111111111111111111111616662666662222222222222222222666666111666666
66666666666666661111122222111111111111111111111111111111111111111111111111122222
22222222666626662222222226222222222222222222222222222222222225522222222222222226
62222222222222222222662222222222222222222222222662666626666111611111111111111111
11111111111111111111111111111111111111111111111111111111111111111111111111116666
22266262222222222222222266626111111666666666666666666661111111116661111111111111
11111111111111111111111111111111111112222222262622266662222222662662222122221122
22222222221112222222125222222222222222222225522522222222222222222222222222222222
22222226622666266611116111111111111111111111111111111111111111111111111111111111
11111111111111111111111111111111111166622222666626222222222222222662666661666666
66666662266666611116111111111111111111111111111111111111111111111111111111111122
26622266222221622222226666622311122112222222222211111222222112522222222222222222
22222255522222222222222222222222222222222222222666266266611111111111111111111111
11111111111111111111111111111111111111111111111111111111111111111111111111116262
26226222262222222222222222222266211611116666222666666666666111111111111111111111
11111111111111111111111111111111111111126666626266621116666226622222211111111166
66222221111222222211122222222225522252222222222555225522222222222222222222222222
22222226622226661111116111111111111111111111111111111111111111111111111111111111
11111111111111111111111111111111111166626622622266222222222222222262222211266122
22622662622611661111111111111111111111111111111111111111111111111111111111111116
22622221112222116666662222621111111111112226622211122222222222222222222225222222
22222222552522555522222222222222222522222222222666662661111112666111111111111111
11111111111111111111111111111111111111111111111111111111111111111111111111116662
22222222262222222222222222222222112221222112262222111111111111111111111111111111
11111111111111111111111111111112662111266621111112122611116666666622111111111111
16622222111122222222222522225222222222222222222255555555222552222222222222222226
62222266622111111111666211111111111111111111111111111111111111111111111111111111
11111111111111111111111111111111111666662222222226222222222222222222222211222221
22222222211111111111111111111111111111111111111111111111111111111111111266222226
22211111111112221116626626221111222611111222222221111155222222225222525222222222
55522225555555555255525222222222222266662222266666111111111161111111111111111111
11111111111111111111111111111111111111111111111111111111111111111111111111116662
22222252222222222222222222222222222221666662662221111111111111111111111111111111
11111111111111111111111111111116622222226111111122111112221222221121122662226222
66622622221115555222222525222255222222522555554444224442222255522225222222222666
21222266611111111111661111111111111111111111111111111111111111111111111111111111
11111111111111111111111111111111111162622222225222222222222222222222222222222222
22222211111111111111111111111111111111111111111111111111111111111111111622222626
11111111221111112111262111222222222222222222222221111222222222222555252225555225
55555544244444442222255552222222222222211121126211111111111162111111111111111111
11111111111111111111111111111111111111111111111111111111111111111111111111112226
22222222622222622222222222222222222222666222261111111111111111111111111111111111
11111111111111111111111111111112222222221111111111111111111112221112222222222222
22222222211111522222222222552552224525552555544222244422222222255222222222222211
11111226111111111116611111111111111111111111111111111111111111111111111111111111
11111111111111111111111111111111111112266222222222226262222222222222222226222666
62622111111111111111111111111111111111111111111111111111111111111111111222222222
11111111111112211111126111122222222222222222212222111122222222222225222222455555
55555225555222222222222222222222222222212211112221111111116661111111111111111111
11111111111111111111111111111111111111111111111111111111111111111111111111111222
62222222222266622222222222226222222266662666111111111111111111111111111111111111
11111111111111111111111111111112222222211222222222211111111111111111162122112222
22222222226626622222222222222222222555555555525555552522222222222222222222222222
21111122211111116662211111111111111111111111111111111111111111111111111111111111
11111111111111111111111111111111111111222622222222222662222222222626222222262222
26261111111111111111111111111111111111111111111111111111111111111111111111211111
22222222222111111111111111111111111122222222222222222222222222222222222222222555
55555555555552222522222222222222222222221111112221111666666221111111111111111111
11111111111111111111111111111111111111111111111111111111111111111111111111111112
22222222222222222222222222622222226262226222111111111111111111111111111111111111
11111111111111111111111111111111112111122222255555211111111111111111111121112222
55222222222225552522222222222222226222555555555555555222522552262222222222222222
11111121111666266111111111111111111111111111111111111111111111111111111111111111
11111111111111111111111111111111111111112222222222222222222222226662222622222222
22211111111111111111111111111111111111111111111111111111111111111111111112222222
25555555552111111111111111111111111222222222222222222222522222222222222222662225
55555555555522552225222266666622222222222111111111266611111111111111111111111111
11111111111111111111111111111111111111111111111111111111111111111111111111111111
11222222226622222222222226662262622222226111111111111111111111111111111111111111
11111111111111111111111111111111222222225544444455522221111122211111111111122222
22552222222222225222222222222222222262222555555555555552222222262222662226666666
21111111116611111111111111111111111111111111111111111111111111111111111111111111
11111111111111111111111111111111111111111112222222222222222222226666222222222266
11111111111111111111111111111111111111111111111111111111111111111111111222222225
54444444444555251111252225511122112225555555522222222222255225555522222522226622
25555555555555222225226626666262266662666211111111611111111111111111111111111111
11111111111111111111111111111111111111111111111111111111111111111111111111111111
11122222222222222222222266666626622226611111111111111111111111111111111111111111
11111111111111111111111111111122222555544444444444225522255154444225225225552255
55555555222222222255255555222552222226662225555555225555222252622666266222266622
21111111111111111111111111111111111111111111111111111111111111111111111111111111
11111111111111111111111111111111111111111111211222222222222222266662666666622661
11111111111111111111111111111111111111111111111111111111111111111111112255555544
44444444444555222222254424442252255522445444555511222222222222422222222222222226
66222222222222662225226666266662266666666611111111111111111111111111111111111111
11111111111111111111111111111111111111111111111111111111111111111111111111111111
11111212222222222222226222112611111112611111111111111111111111111111111111111111
11111111111111111111111111111152255554444444444444455444444444444444444522525444
54444555111222222222222442242224422422226662222222222666666666666626666666622666
66111111111111111111111111111111111111111111111111111111111111111111111111111111
11111111111111111111111111111111111111111111112122222222222222221111111111111661
11111111111111111111111111111111111111111111111111111111111111111111155225554444
44444444445555444444444444444444521155554444555551112222222522222222244442222222
26666666666666666666666666666662262266666111111111111111111111111111111111111111
11111111111111111111111111111111111111111111111111111111111111111111111111111111
11111222122222222222222111111111111116221111111111111111111111111111111111111111
11111111111111111111111111122222555544444444444445555544444444444444444445115255
55445555551111111222222222224444422222226666662666666666666666666666666226666666
11111111111111111111111111111111111111111111111111111111111111111111111111111111
11111111111111111111111111111111111111111111111211222222222222211111111111111162
11111111111111111111111111111111111111111111111111111111111111111152255555544444
44444444455544444444444444444444452115555555555555551115115544442222222222222622
26666666626666666666666626666666666666661111111111111111111111111111111111111111
11111111111111111111111111111111111111111111111111111111111111111111111111111111
11111111211222222222222111111111111111121111111111111111111111111111111111111111
11111111111111111111111115225555554444445444444555544444444444444444444445511525
55554445555511555111111111122222662222622266222262226666666666626666226226666611
16111111111111111111111111111111111111111111111111111111111111111111111111111111
11111111111111111111111111111111111111111111111121112222222222111111111111111111
11111111111111111111111111111111111111111111111111111111111111111225555444444444
45444225555444444444444444444444445511555555444444555555222111111111222222222266
66666222222266626666666666666666666661116611111111111111111111111111111111111111
11111111111111111111111111111111111111111111111111111111111111111111111111111111
11111111121112222222221111111111111111111111111111111111111111111111111111111111
11111111111111111111111125554444444444445555555444444444444444444444444444551112
55554444444455552222111111111222222266666666222222226666266666666666666662611111
61111111111111111111111111111111111111111111111111111111111111111111111111111111
11111111111111111111111111111111111111111111111111111122222262111111111111112122
21111111111111111111111111111111111111111111111111111111111111125442444444444444
44444444444444442222444444444444444551154555444444444445555111111111112222226626
62226661111126626666666662261221111111111111111111111111111111111111111111111111
11111111111111111111111111111111111111111111111111111111111111111111111111111111
11111111111111122222266111111112611111111221111111111111111111111111111111111111
11111111111111111111111222542444444444444222444444444444422444444444444444455111
25544444444444445551111111111111162222266666622111112662666666666221111111111111
11111111111111111111111111111111111111111111111111111111111111111111111111111111
11111111111111111111111111111111111111111111111111111162222222611111122261111111
11222111111111111111111111111111111111111111111111111111111111122422444444444444
42244444444444444444444444444444444521111554444444444444521111111111111116222266
66666111111111626666666662111221111111111111111111111111111111111111111111111111
11111111111111111111111111111111111111111111211111111111111111111111111111111111
11111111111111166222222211111666211111111111111666111111111111111111111111111111
11111111111111111111111122224444444444454244444444444444444444444444444445552211
12225444444244522111111111111111162222226662111111111162666222666211121111111111
16111111111111111111111111111111111111111111111111111111111111111111111111111111
11111111111111111111111111111111111111111111111111111111222222222166666611111111
11211116666116111111111111111111111111111111111111111111111111112244244444444445
55444555444444442444222244444444455525211122244442222221111111111111111116222222
66611111111111622662262266611111111111116611111111111111111111111111111111111111
11111111111111111111111111111111111111111111111111111111111111111111111111111111
11111111111111111112222666666666111111111111111111111111111111111111111111111111
11111111111111111111111122222544444445525555555555445555554452444444444222552261
11122544222221111111111111111111162222222211111111111122266226262266111111111111
66111111111111111111111111111111111111111111111111111111111111111111111111111111
11111111111111111111111111111111111111111111111111111111111112626222666611111111
11111111111111111111111111111111111111111111111111111111111111122225444444552555
22255555555555445555524444444422222222651116225222221111111111111111111111622222
11111111111111111166666662266111111111112611111111111111111111111111111111111111
11111111111111111111111111111111111111111111111111111111111111111111111111111111
11111111111111111111111111166666666611111111111111111111111111111111111111111111
11111111111111111111111222255555522225552222225525522255522222222222222222222222
51126222211111111111111111111111116222221111111111111111116226622626211111111111
16111111111111111111111111111111111111111111111111111111111111111111111111111111
11111111111111111111111111111111111111111111111111111111111111111111666666666111
11111111111111111111111111111111111111111111111111111111111111122222222222222222
22222222222221155222222222222222222222265212222111111111111111111111111111162222
11111111111111111166266222222111111111111116111111111111111111111111111111111111
11111111111111111111111111111111111111111111111111111111111111111111111111111111
11111111111111111111111111111166666661111111111111111111111111111111111111111111
11111111111111111111111222222222222222222222222222222222222222222222222222222222
55511111111111111111111111111111111626221111111111111111111611622622211111111111
11111111111111111111111111111111111111111111111111111111111111111111111111111111
11111111111111111111111111111111111111111111111111111111111111111111111112261111
11111111111111111111111111111111111111111111111111111111111111122222222222222222
22222222222222222222222222222222222222222521111111211111111111111111111111116222
11111111111111111116111622222111111111111161611111111111111111111111111111111111
11111111111111111111111111111111111111111111111111111111111111111111111111111111
11111111111111111111111111111111111611111111111611611111111111111111111111111111
11111111111111111111111122266222222222222222222222222622222222222222222222222222
22221222222111111111111111111111111162221111111111111111116111162221111111111111
11161111111111111111111111111111111111111111111111111111111111111111111111111111
11111111111111111111111111111111111111111111111111111111111111111111111111666111
11112266226666116161111111111111111111111111111111111111111111111226622222222222
22222222222222222262222222222222222222222222222222211111111111111111111111112221
61111111111111111161111112111111111111111116111111111111111111111111111111111111
11111111111111111111111111111111111111111111111111111111111111111111111111111111
11111111111111111111111111111111111166112111226616666666666111111111111111111111
11111111111111111111111111222222222222226222222222222222222222222222222222222222
22222222221111111111111111111111111112116111111111111111116611111111111111111111
11166611111111111111111111111111111111111111111111111111111111111111111111111111
11111111111111111111111111111111111111111111111111111111111111111111111111111666
16666666666222222266111111111111111111111111111111111111111111111112222222222222
62226622222222222222222222222222222622222222222222111111111111111111111111111111
66111111111111111116111111111111111111111161666111111111111111111111111111111111
11111111111111111111111111111111111111111111111111111111111111111111111111111111
11111111111111111111111111111111111111161166666666222266226661111111111111111111
11111111111111111111111111126662262266622226666626222222222222266222222222222222
22222222211111111111111111111111111111116611111111111111111166111111111111116611
11116611111111111111111111111111111111111111111111111111111111111111111111111111
11111111111111111111111111111111111111111111111111111111111111111111111111111111
11666662622226666666661111111111111111111111111111111111111111111111126266666666
11111666666666262226262662222222222222222222222221111111111111111111111111111111
11111111111111111111666111111111111166611111111111111111111111111111111111111111
11111111111111111111111111111111111111111111111111111111111111111111111111111111
11111111111111111111111111111111111111111116666662226666662266666221111111111111
11111111111111111111111111111126666666661111116616666622226266622222222222222222
22222222111111111111111111111111111111111111111111111111661116661111111111666611
11111111111111111111111111111111111111111111111111111111111111111111111111111111
11111111111111111111111111111111111111111111111111111111111111111111111111111111
11162622222266666622266666661111111111111111111111111111111111111111111161111111
11111111116666666662266666662222222222222222222111111111111111111111111111111111
11111111111111111661166111111111166666111111111111111111111111111111111111111111
11111111111111111111111111111111111111111111111111111111111111111111111111111111
11111111111111111111111111111111111111111116666222666666666222626266611111111111
11111111111111111111111111111111111111111111111111666666666666666666662222222222
22222211111111111111111111111111111111111111111111111111116611661111111666666611
11111111111111111111111111111111111111111111111111111111111111111111111111111111
11111111111111111111111111111111111111111111111111111111111111111111111111111111
11666666666666666666262266666111111111111111111111111111111111111111111111111111
11111111116666666666666666666622222222222222211111111111111111111111111111111111
11111111111111111116661611111666666666611111611611111111111111111111111111111111
11111111111111111111111111111111111111111111111111111111111111111111111111111111
11111111111111111111111111111111111111111666666666666666666666666666621111111111
11111111111111111111111111111111111111111111111116666666666666666666662222222222
22221111111111111111111111111111111111111111111111111111111666661111166666666611
66661111611111111111111111111111111111111111111111111111111111111111111111111111
11111111111111111111111111111111111111111111111111111111111111111111111111111111
66666666666666666666666666662211111111111111111111111111111111111111111111111111
11111111166666626666666666666222112622222211111111111111111111111111111111111111
11111111111111111111266611111666666666111111111111116111111111111111111111111111
11111111111111111111111111111111111111111111111111111111111111111111111111111111
11111111111111111111111111111111111111166266666666666666666666666666662261111111
11111111111111111111111111111111111111111111111116662226666666666666622211222222
22111111111111111111111111111111111111111111111111111111111116666111116666666116
66111111111666111111111111111111111111111111111111111111111111111111111111111111
11111111111111111111111111111111111111111111111111111111111111111111111111111116
22666666666666666666666666666666666111111111111111111111111111111111111111111111
11111111116666222266666666666222122222222111111111111111111111111111111111111111
11111111111111111111166666611166666661166611111111116661666661111111111111111111
11111111111111111111111111111111111111111111111111111111111111111111111111111111
11111111111111111111111111111111111111126266666666666666666666666666666666662111
11111111111111111111111111111111111111111111111111162622266666666266622222222222
11111111111111111111111111111111111111111111111111111111111111666611111111661116
16111161166116666666666611111111111111111111111111111111111111111111111111111111
11111111111111111111111111111111111111111111111111111111111111111111111111111112
26666666666666666666666666666666666626222111111111111111111111111111111111111111
11111111111162262662666622222222222222211111111111111111111111111111111111111111
11111111111111111111111666111111111111161161111111111111666666666611111161111111
11111111111111111111111111111111111111111111111111111111111111111111111111111111
11111111111111111111111111111111111111126666666666666666666666666666666666622222
22111111111111111111111111111111111111111111111111116622662226222222212222222221
11111111111111111111111111111111111111111111111111111111111111116611111111111111
11111111111111111166666666111666111111111111111111111111111111111111111111111111
11111111111111111111111111111111111111111111111111111111111111111111111111111112
26666666666666666666666666666666622222222222211111111111111111111111111111111111
11111111111122222626262222222122222222211111111111111111111111111111111111111111
11111111111111111111111111222111111111111111111111111161116662666666111111161111
11111111111111111111111111111111111111111111111111111111111111111111111111111111
11111111111111111111111111111111111111122262666666666666666666666666222622222622
22222111111111111111111111111111111111111111111111111222262226222222222222222221
11111111111111111111111111111111111111111111111111111111111111111116222222111111
11111111111111111166666666611111111111111111111111111111111111111111111111111111
11111111111111111111111111111111111111111111111111111111111111111111111111111111
22666666666666666666666666662262222222222222211111111111111111111111111111111111
11111111111112622222222222222222222222211111111111111111111111111111111111111111
11111111111111111111111111111111126126616111166111111111111162661166111111111111
11111111111111111111111111111111111111111111111111111111111111111111111111111111
11111111111111111111111111111111111111111226666666666666666666662666222222222222
22222111111111111111111111111111111111111111111111111222222222222222222222222222
11111111111111111111111111111111111111111111111111111111111111111111111111111116
11116111111111111111111111166611111111111111111111111111111111111111111111111111
11111111111111111111111111111111111111111111111111111111111111111111111111111111
11226666666666666666666666622226222222222222611111111111111111111111111111111111
11111111111111222222222222222222222222221111111111111111111111111111111111111111
11111111111111111111111111111111111111111111111111111111111111111111111111111111
11111111111111111111111111111111111111111111111111111111111111111111111111111111
11111111111111111111111111111111111111111122666666666666266626626666262222222222
22211111111111111111111111111111111111111111111111111122222222222222222222122262
21111111111111111111111111111111111111111111111111111111111111111111111111111111
11111111116161111111116111111111111111111111111111111111111111111111111111111111
11111111111111111111111111111111111111111111111111111111111111111111111111111111
11122666666666662266266266662222222262222261111111111111111111111111111111111111
11111111111112222222222262222222221222222111111116111111111111111111111111111111
11111111111111111111111111111111111111111111111111122222211111611111111111111111
11111111111111111111111111111111111111111111111111111111111111111111111111111111
11111111111111111111111111111111111111111112226266666666662222226666222222222222
26111111111111111111111111111111111111111111111111111222222222262222222222122222
21111111221111111111111111111111111111111111111111111111111111111111111111111111
11111111116222221111166611111111111111111111111111111111111111111111111111111111
11111111111111111111111111111111111111111111111111111111111111111111111111111111
11112222226622666666222222626622222222226111111111111111111111111111111111111111
11111111111152222222222222222222222222222111111126111111111111111111111111111111
11111111111111111111111111111111111111111111122212222226111112226111111111111111
11111111111111111111111111111111111111111111111111111111111111111111111111111111
11111111111111111111111111111111111111111111222222266262266222222222222222222222
21111111111111111111111111111111111111111111111111115222222222222222226222222222
21111126261111111111111111111111111111111111111111111111111111111111111111111111
11112222222222222111122221111111111111111111111111111111111111111111111111111111
11111111111111111111111111111111111111111111111111111111111111111111111111111111
11111222222266262666222222226662222222226111111111111111111111111111111111111111
11111111111152222222222222222222222222221111222226111111111111111111111111111111
11111111111111111111111111111111111111111111222222222222221112222611111111111111
11111111111111111111111111111111111111111111111111111111111111111111111111111111
11111111111111111111111111111111111111111111111222226662266622222626666622222226
61111111111111111111111111111111111111111111111111112222222222266222222222262211
11112222261111111111111111111111111111111111111111111111111111111111111111111111
11222222222222222222222226111111111111111111111111111111116111111111111111111111
11111111111111111111111111111111111111111111111111111111111111111111111111111111
11111111222226662226662226222266222222666111111111111111111111111111111111111111
11111111111122222222222222222222222661111111222261111111111111111111111111111111
11111111111111111111111111111111111111111122222222222222222222222611111111111111
11111111111111111111111111111111111111111111111111111111111111111111111111111111
11111111111111111111111111111111111111111111111112222222622222222622266662222666
11111111111111111111111111111111111111111111111111111222222222222222222222211111
11116222611111111111111111111111111111111111111111111111111111111111111111111111
12222222222222222222222222661111111111111111111111111111111111111111111111111111
11111111111111111111111111111111111111111111111111111111111111111111111111111111
11111111112222226222222222222222622266661111111111111111111111111111111111111111
11111111111115222222222222222222222111111111622661111111111111111111111111111111
11111111111111111111111111111111111111222222225522222222222222222222611111111111
11111111111111111111111111111111111111111111111111111111111111111111111111111111
11111111111111111111111111111111111111111111111111222222622222226222666666666666
11111111111111111111111111111111111111111111111111111152222222222222222222211111
11162226111111111111111111111111111111111111111111111111111111111111111111122222
22222555555552222222222222266111111111111111161111111111111111111111111111111111
11111111111111111111111111111111111111111111111111111111111111111111111111111111
11111111112222666222222222266666666266611111111111111111111111111111111111111111
11111111111111522222222222222222222211111112222211111111111111111111111111111111
11111111111111111111111111111111112222222222255555522222222222222222266111111111
11111111111111111111111111111111111111111111111111111111111111111111111111111111
11111111111111111111111111111111111111111111111111222266222222222266666666666611
11111111111111111111111111111111111111111111111111111155224422222222222222221111
11112226111111111111111111111111111111111111111111111111111111111111111111222222
22222555552222222222222222222261111111111111111111111111111111111111111111111111
11111111111111111111111111111111111111111111111111111111111111111111111111111111
11111111122226662222222666662266666111111111111111111111111111111111111111111111
11111111111111552242222222222222222111111111222111111111111111111111111111111111
11111111111111111111111111111111122222222222225552222222222222222222222211111111
11111111111111111111111111111111111111111111111111111111111111111111111111111111
11111111111111111111111111111111111111111111111112222666222222266666626661111111
11111111111111111111111111111111111111111111111111111115222422222222222221111111
11111211111111111111111111111111111111111111111111111111111111111111111111222222
22222222222222222222222222222222211111111111111111111111111111111111111111111111
11111111111111111111111111111111111111111111111111111111111111111111111111111111
11111111122226622222222666666666111111111111111111111111111111111111111111111111
11111111111111152224222222222222211111111111111111111111111111111111111111111111
11111111111111111111111111111111112222222222222222222222222222222222222261111111
11111111111111111111111111111111111111111111111111111111111111111111111111111111
11111111111111111111111111111111111111111111111112222662222222226666666111111111
11111111111111111111111111111111111111111111111111111115522422222222222221111111
11111111111111111111111111111111111111111111111111111111111111111111111111222222
22222222222222222222222222222222211111111111111111111111111111111111111111111111
11111111111111111111111111111111111111111111111111111111111111111111111111111111
11111111122222222222266666626661111111111111111111111111111111111111111111111111
11111111111111112252222222222226111111111111111111111111111111111111111111111111
11111111111111111111111111111111112222222222222222222222212222222222222262111111
11111111111111111111111111111111111111111111111111111111111111111111111111111111
11111111111111111111111111111111111111111111111112222222222262666222222111111111
11111111111111111111111111111111111111111111111111111111122222222222226111111111
11111111111111111111111111111111111111111111111111111111111111111111111111122222
22222222222222222222222222222222611111111111111111111111111111111111111111111111
11111111111111111111111111111111111111111111111111111111111111111111111111111111
11111111122222222222622226622611111111111111111111111111111111111111111111111111
11111111111111111222222222222261111111111111111111111111111111111111111111111111
11111111111111111111111111111111111222222222222222222222222222222222222261111111
11111111111111111111111111111111111111111111111111111111111111111111111111111111
11111111111111111111111111111111111111111111111122222222222262222222211111111111
11111111111111111111111111111111111111111111111111111111112222222222261111111111
11111111111111111111111111111111111111111111111111111111111111111111111111122222
22222222222222222222222222222222611111111111111111111111111111111111111111111111
11111111111111111111111111111111111111111111111111111111111111111111111111111111
11111111222222222222222222221111111111111111111111111111111111111111111111111111
11111111111111111122222222226111111111111111111111111111111111111111111111111111
11111111111111111111111111111111111122222222221111111126222222222222222211111111
11111111111111111111111111111111111111111111111111111111111111111111111111111111
11111111111111111111111111111111111111111111111122222222222222222221111111111111
11111111111111111111111111111111111111111111111111111111112222222221111111111111
11111111111111111111111111111111111111111111111111111111111111111111111111122222
22221111111111122222222222222222111111111111111111111111111111111111111111111111
11111111111111111111111111111111111111111111111111111111111111111111111111111111
11111111222222222222662222211111111111111111111111111111111111111111111111111111
11111111111111111112211111111111111111111111111111111111111111111111111111111111
11111111111111111111111111111111111222211111111111111112122222222222226111111111
11111111111111111111111111111111111111111111111111111111111111111111111111111111
11111111111111111111111111111111111111111111111122222222222222222211111111111111
11111111111111111111111111111111111111111111111111111111111111111111111111111111
11111111111111111111111111111111111111111111111111111111111111111111111111111111
11111111111111111212222222226211111111111111111111111211111111111111111111111111
11111111111111111111111111111111111111111111111111111111111111111111111111111111
11111112222222222222222111111111111111111111111111111111111111111111111111111111
11111111111111111111111111111111111111111111111111111111111111111111111111111111
11111111111111111111111111111111111111111111111111111111111122222222261111111111
11111111111111211111111111111111111111111111111111111111111111111111111111111111
11111111111111111111111111111111111111111111111266222222222222211111111111111111
11111111111111111111111111111111111111111111111111111111111111111111111111111111
11111111111111111111111111111111111111111111111111111111111111111111111111111111
11111111111111111111222222626611111111111111111111111112111111111111111111111111
11111111111111111111111111111111111111111111111111111111111111111111111111111111
11111162662222222222222111111111111111111111111111111111111111111111111111111111
11111111111111111111111111111111111111111111111111111111111111111111111111111111
11111111111111111111111111111111111111111111111111111111111111221221111111111111
11111111111111126211111111111111111111111111111111111111111111111111111111111111
11111111111111111111111111111111111111111111116666222222222222111111111111111111
11111111111111111111111111111111111111111111111111111111111111111111111111111111
11111111111111111111111111111111111111111111111111111111111111111111111111111111
11111111111111111111111111111111111111111111111111111122211111111111111111111111
11111111111111111111111111111111111111111111111111111111111111111111111111111111
11111116662222666211111111111111111111111111111111111111111111111111111111111111
11111111111111111111111111111111111111111111111111111111111111111111111111111111
11111111111111111111111111111111111111111111111111111111111111111111111111111111
11111111111111122111111111111111111111111111111111111111111111111111111111111111
11111111111111111111111111111111111111111111116666622222221111111111111111111111
11111111111111111111111111111111111111111111111111111111111111111111111111111111
11111111111111111111111111111111111111111111111111111111111111111111111111111111
11111111111111111111111116261111111111111111111111116612111111111111111111111111
11111111111111111111111111111111111111111111111111111111111111111111111111111111
11111166662222211111111111111111111111111111111111111111111111111111111111111111
11111111111111111111111111111111111111111111111111111111111111111111111111111111
11111111111111111111111111111111111111111111111111111111111111111662111111111111
11111111111622111111111111111111111111111111111111111111111111111111111111111111
11111111111111111111111111111111111111111111116666222222111111111111111111111111
11111111111111111111111111111111111111111111111111111111111111111111111111111111
11111111111111111111111111111111111111111111111111111111111111111111111111111111
11111111111111111111111111611111111111111111111116622111111111111111111111111111
11111111111111111111111111111111111111111111111111111111111111111111111111111111
11111116662222211111111111111111111111111111111111111111111111111111111111111111
11111111111111111111111111111111111111111111111111111111111111111111111111111111
11111111111111111111111111111111111111111111111111111111111111111111111111111111
11111111662111111111111111111111111111111111111111111111111111111111111111111111
11111111111111111111111111111111111111111111111666222221111111111111111111111111
11111111111111111111111111111111111111111111111111111111111111111111111111111111
11111111111111111111111111111111111111111111111111111111111111111111111111111111
11111111111111111111111111111111111111111111111222211111111111111111111111111111
11111111111111111111111111111111111111111111111111111111111111111111111111111111
11111166622221111111111111111111111111111111111111111111111111111111111111111111
11111111111111111111111111111111111111111111111111111111111111111111111111111111
11111111111111111111111111111111111111111111111111111111111111111111111111111111
11111111221111111111111111111111111111111111111111111111111111111111111111111111
11111111111111111111111111111111111111111111166622222111111111111111111111111111
11111111111111111111111111111111111111111111111111111111111111111111111111111111
11111111111111111111111111111111111111111111111111111111111111111111111111111111
11111111111111111111111111111111111111111111111111111111111111111111111111111111
11111111111111111111111111111111111111111111111111111111111111111111111111111111
11111166222222111111111111111111111111111111111111111111111111111111111111111111
11111111111111111111111111111111111111111111111111111111111111111111111111111111
11111111111111111111111111111111111111111111111111111111111111111111111111111111
11111111111111111111111111111111111111111111111111111111111111111111111111111111
11111111111111111111111111111111111111111111162662222111111111111111111111111111
11111111111111111111111111111111111111111111111111111111111111111111111111111111
11111111111111111111111111111311111111111111111111111111111111111111111111111111
11111111111111111111111111111111111111111111111111111111111111111111111111111111
11111111111111111111111111111111111111111111111111111111111111111111111111111111
11111622222211111111111111111111111111111111111111111111111111111111111111111111
11111111111111111111111111111111111111111111111111111111111111111111111111111111
11111111111111111111111111111111111111111111111111111111111111111111111111111111
11111111111111111111111111111111111111111111111111111111111111111111111111111111
11111111111111111111111111111111111111111111162662211111111111111111111111111111
11111111111111111111111111111111111111111111111111111111111111111111111111111111
11111111111111111111111111111111111111111111111111111111111111111111111111111111
11111111111111111111111111111111111111111111111111111111111111111111111111111111
11111111111111111111111111111111111111111111111111111111111111111111111111111111
11111166222111111111121111111111111111111111111111111111111111111111111111111111
11111111111111111111111111111111111111111111111111111111111111111111111111111111
11111111111111111111111111111111111111111111111111111111111111111111111111111111
11111111111111111111111111111111111111111111111111111111111111111111111111111111
11111111111111111111111111111111111111111111116622211111111111111111111111111111
11111111111111111111111111111111111111111111111111111111111111111111111111111111
11111111111111111111111111111111111111111111111111111111111111111111111111111111
11111111111111111111111111111111111111111111111111111111111111111111111111111111
11111111111111111111111111111111111111111111111111111111111111111111111111111111
11111116612211111111111111111111111111111111111111111111111111111111111111111111
11111111111111111111111111111111111111111111111111111111111111111111111111111111
11111111111111111111111111111111111111111111111111111111111111111111111111111111
11111111111111111111111111111111111111111111111111111111111111111111111111111111
11111111111111111111111111111111111111111111111116666611111111111111111111111111
11111111111111111111111111111111111111111111111111111111111111111111111111111111
11111111111111111111111111111111111111111111111111111111111111111111111111111111
11111111111111111111111111111111111111111111111111111111111111111111111111111111
11111111111111111111111111111111111111111111111111111111111111111111111111111111
11111111111111111111111111111111111111111111111111111111111111111111111111111111
11111111111111111111111111111111111111111111111111111111111111111111111111111111
11111111111111111111111111111111111111111111111111111111111111111111111111111111
11111111111111111111111111111111111111111111111111111111111111111111111111111111
11111111111111111111111111111111111111111111111111111111111111111111111111111111
11111111111111111111111111111111111111111111111111111111111111111111111111111111
11111111111111111111111111111111111111111111111111111111111111111111111111111111
11111111111111111111111111111111111111111111111111111111111111111111111111111111
11111111111111111111111111111111111111111111111111111111111111111111111111111111
11111111111111111111111111111111111111111111111111111111111111111111111111111111
11111111111111111111111111111111111111111111111111111111111111111111111111111111
11111111111111111111111111111111111111111111111111111111111111111111111111111111
11111111111111111111111111111111111111111111111111111111111111111111111111111111
11111111111111111111111111111111111111111111111111111111111111111111111111111111
11111111111111111111111111111111111111111111111111111111111111111111111111111111
11111111111111111111111111111111111111111111111111111111111111111111111111111111
11111111111111111111111111111111111111111111111111111111111111111111111111111111
11111111111111111111111111111111111111111111111111111111111111111111111111111111
11111111111111111111111111111111111111111111111111111111111111111111111111111111
11111111111111111111111111111111111111111111111111111111111111111111111111111111
11111111111111111111111111111111111111111111111111111111111111111111111111111111
11111111111111111111111111111111111111111111111111111111111111111111111111111111
11111111111111111111111111111111111111111111111111111111111111111111111111111111
11111111111111111111111111111111111111111111111111111111111111111111111111111111
11111111111111111111111111111111111111111111111111111111111111111111111111111111
11111111111111111111111111111111111111111111111111111111111111111111111111111111
11111111111111111111111111111111111111111111111111111111111111111111111111111111
11111111111111111111111111111111111111111111111111111111111111111111111111111111
11111111111111111111111111111111111111111111111111111111111111111111111111111111
11111111111111111111111111111111111111111111111111111111111111111111111111111111
11111111111111111111111111111111111111111111111111111111111111111111111111111111
11111111111111111111111111111111111111111111111111111111111111111111111111111111
11111111111111111111111111111111111111111111111111111111111111111111111111111111
11111111111111111111111111111111111111111111111111111111111111111111111111111111
11111111111111111111111111111111111111111111111111111111111111111111111111111111
11111111111111111111111111111111111111111111111111111111111111111111111111111111
11111111111111111111111111111111111111111111111111111111111111111111111111111111
11111111111111111111111111111111111111111111111111111111111111111111111111111111
11111111111111111111111111111111111111111111111111111111111111111111111111111111
11111111111111111111111111111111111111111111111111111111111111111111111111111111
11111111111111111111111111111111111111111111111111111111117777111111111111111111
11111111111111111111111111111111111111111111111111111111111111111111111111111111
11111111111111111111111111111111111111111111111111111111111177711111111111111111
11111111111111111111111111111111111111111111111111111111111111111111111111111111
11111111111111111111111111111111111111111111111111111111111111111111111111111111
11111111111111117771111111111111111111111111111111111111111111111111111111111111
11111111111111111111111111111111111111111111111111777777711111111111111111111111
11177777777777777777777777771177777771111111777111777777777771111111111111111111
11111111111111111111111111111111111111111111111111111111111111111111111111111111
11111111111111111111111111111111111111111111111111111177771111111111111111111111
11111111111111111111111111111111111111111111111111111111111111111111111111111111
11111177777777777777777777711111111111111177777777777777777777777777777777777777
77777777777777777777777777111111111111111111111111111111111111111111111111111111
11111111111111111111111111111111111111111111111111111111111111111111111111111111
11111111111111111111111111111111111111111111111111111111111111111111111111111111
11111111111111111111111111111111111111111777777777777777777777777777777111111177
77777777777777777777777777777777777777777777777777777777777777777777777771111111
11111111111111111111111111111111111111111111111111111111111111111111111111111111
11111111111111111111111111111111111111111111111111111777111111111111111111111111
11111111111111111111111111111111111111111111111111111111111111111111111777777117
77777777777777777777777777777777777777777777777777777777777777777777777777777777
77777777777777777777777777777777777777771111111111111111111111111111111111111111
11111111111111111111111111111111111111111111111111111111111111111111111111111111
11111111777177777777111111111111111111111111111111111111111111111111111111111111
77777777777777777777777777777777777777777777777777777777777777777777777777777777
77777777777777777777777777777777777777777777777777777777777777777777777777777777
71111111111111111111111111111111111111111111111111111111111111111111111111111111
11111111111111111111111111111111111111111111111117777777777711111111111111111111
11111111111111111111111111111111111117777777777777777777777777777777777777777777
77777777777777777777777777777777777777777777777777777777777777777777777777777777
77777777777777777777777777777777777777777777777771111111111111111111111111111111
11111111111111111111111111111111111111111111111111111111111111111111111111111111
11111111777777777777777111111111111111111111111111111111111111111111111117777777
77777777777777777777777777777777777777777777777777777777777777777777777777777777
77777777777777777777777777777777777777777777777777777777777777777777777777777777
77777777771111111111111111111111111111111111111111111111111111111111111111111111
11111111111111111111111717777111111111111111111117777777777777711111111111111111
11111111111111111111111111111777777777777777777777777777777777777777777777777777
77777777777777777777777777777777777777777777777777777777777777777777777777777777
77777777777777777777777777777777777777777777777711111111111111111111111111111111
11111111111111111111111111111111111111111111111111111111111111177777777777777777
77777777777777777777711111111111111111111111111111111111111111177777777777777777
77777777777777777777777777777777777777777777777777777777777777777777777777777777
77777777777777777777777777777777777777777777777777777777777777777777777777777777
77777111111111111111111111111111111111111111111111111111111111111111111111777777
77777777771111111111177777777777777777777777777777777777777771111111111111111111
11111111111111111111777777777777777777777777777777777777777777777777777777777777
77777777777777777777777777777777777777777777777777777777777777777777777777777777
77777777777777777777777777777777777777777771111111111111111111111111111111111111
11111111111111111111777777777777777777777777777777777777777777777777777777777777
77777777777777777777777111111111111111111111111111111111777777777777777777777777
77777777777777777777777777777777777777777777777777777777777777777777777777777777
77777777777777777777777777777777777777777777777777777777777777777777777777777777
77711111111111111111111111111111111111111111111111111117777777777777777777777777
77777777777777777777777777777777777777777777777777777777777777777111111111111111
11111111111177777777777777777777777777777777777777777777777777777777777777777777
77777777777777777777777777777777777777777777777777777777777777777777777777777777
77777777777777777777777777777777777777777777777777711111111111111111111111111111
11177777777777777777777777777777777777777777777777777777777777777777777777777777
77777777777777777777777777777771111111111111111177777777777777777777777777777777
77777777777777777777777777777777777777777777777777777777777777777777777777777777
77777777777777777777777777777777777777777777777777777777777777777777777777777777
77777777777777777777777777777777777777777777777777777777777777777777777777777777
77777777777777777777777777777777777777777777777777777777777777777777777777777777
77777777777777777777777777777777777777777777777777777777777777777777777777777777
77777777777777777777777777777777777777777777777777777777777777777777777777777777
77777777777777777777777777777777777777777777777777777777777777777777777777777777
77777777777777777777777777777777777777777777777777777777777777777777777777777777
77777777777777777777777777777777777777777777777777777777777777777777777777777777
77777777777777777777777777777777777777777777777777777777777777777777777777777777
77777777777777777777777777777777777777777777777777777777777777777777777777777777
77777777777777777777777777777777777777777777777777777777777777777777777777777777
77777777777777777777777777777777777777777777777777777777777777777777777777777777
77777777777777777777777777777777777777777777777777777777777777777777777777777777
77777777777777777777777777777777777777777777777777777777777777777777777777777777
77777777777777777777777777777777777777777777777777777777777777777777777777777777
77777777777777777777777777777777777777777777777777777777777777777777777777777777
77777777777777777777777777777777777777777777777777777777777777777777777777777777
77777777777777777777777777777777777777777777777777777777777777777777777777777777
77777777777777777777777777777777777777777777777777777777777777777777777777777777
77777777777777777777777777777777777777777777777777777777777777777777777777777777
77777777777777777777777777777777777777777777777777777777777777777777777777777777
77777777777777777777777777777777777777777777777777777777777777777777777777777777
77777777777777777777777777777777777777777777777777777777777777777777777777777777
77777777777777777777777777777777777777777777777777777777777777777777777777777777
77777777777777777777777777777777777777777777777777777777777777777777777777777777
77777777777777777777777777777777777777777777777777777777777777777777777777777777
77777777777777777777777777777777777777777777777777777777777777777777777777777777
77777777777777777777777777777777777777777777777777777777777777777777777777777777
77777777777777777777777777777777777777777777777777777777777777777777777777777777
77777777777777777777777777777777777777777777777777777777777777777777777777777777
77777777777777777777777777777777777777777777777777777777777777777777777777777777
77777777777777777777777777777777777777777777777777777777777777777777777777777777
77777777777777777777777777777777777777777777777777777777777777777777777777777777
77777777777777777777777777777777777777777777777777777777777777777777777777777777
77777777777777777777777777777777777777777777777777777777777777777777777777777777
77777777777777777777777777777777777777777777777777777777777777777777777777777777
77777777777777777777777777777777777777777777777777777777777777777777777777777777
77777777777777777777777777777777777777777777777777777777777777777777777777777777
77777777777777777777777777777777777777777777777777777777777777777777777777777777
77777777777777777777777777777777777777777777777777777777777777777777777777777777
77777777777777777777777777777777777777777777777777777777777777777777777777777777
77777777777777777777777777777777777777777777777777777777777777777777777777777777
77777777777777777777777777777777777777777777777777777777777777777777777777777777
77777777777777777777777777777777777777777777777777777777777777777777777777777777
77777777777777777777777777777777777777777777777777777777777777777777777777777777
77777777777777777777777777777777777777777777777777777777777777777777777777777777
77777777777777777777777777777777777777777777777777777777777777777777777777777777
77777777777777777777777777777777777777777777777777777777777777777777777777777777
77777777777777777777777777777777777777777777777777777777777777777777777777777777
77777777777777777777777777777777777777777777777777777777777777777777777777777777
77777777777777777777777777777777777777777777777777777777777777777777777777777777
77777777777777777777777777777777777777777777777777777777777777777777777777777777
77777777777777777777777777777777777777777777777777777777777777777777777777777777
