1990-1999 MONTHLY VOLCANIC FORCING IN 45-DEGREE-LAT BANDS FROM N TO S
  103  160   62   66   57   54   51   51   53   57   60   66
   35   34   43   11   38   40   42   45   47   46   48   43
   39   45   75   48   16   55   61   64   56   56   57   56
   58   60   63   48   63   89  137  137  113   70   71   71
   76   67   57   58   52   57  119  221  347  569  774 1370
   42   42   40   38   38  340  661 1080 1521 1756 1748 1556
   49   45   49   44   46  218  574 1233 1485 1609 1814 1507
   71   70   73   69   74   81  111  228  410  771 1116 1078
 1596 1701 1581 1425 1367 1177 1069 1054 1018 1018 1019 1006
 1654 1680 1587 1482 1475 1217 1233 1078 1023  933  815  653
 1537 1453 1395 1407 1367 1263 1186 1076  941  848  801  618
 1122 1128 1133 1216 1294 1404 1420 1361 1202 1125 1049  918
 1004  893  804  731  618  527  416  392  365  359  360  357
  571  496  447  404  379  332  317  321  317  290  258  234
  575  507  473  430  422  389  368  354  322  318  311  251
  844  768  727  689  695  694  694  645  580  545  480  414
  350  335  302  282  237  190  159  155  150  156  180  219
  211  193  172  158  150  140  141  150  137  136  119  103
  235  219  193  166  165  148  154  143  130  140  132  126
  349  319  289  269  271  265  265  243  227  230  207  194
  202  186  171  157  144  133  122  113  103   95   88   81
   94   87   80   74   68   62   57   53   48   44   41   38
  116  106   98   90   83   76   70   65   60   55   50   46
  178  164  151  139  128  117  108   99   92   84   77   72
   74   68   63   58   53   49   45   41   38   35   32   30
   35   32    3   27   25   23   21   19   18   16   15   14
   42   39   36   33   31   28   26   24   22   20   19   17
   66   60   55   51   47   43   40   37   34   31   28   26
   27   25   23   21   20   18   17   15   14   13   12   11
   13   12   11   10    9    8    8    7    7    6    6    5
   15   14   13   12   11   10   10    9    8    8    7    6
   24   22   20   19   17   16   15   13   13   11   10   10
   10    9    9    8    7    7    6    6    5    5    5    4
    5    4    4    4    3    3    3    3    2    2    2    2
    6    6    5    5    4    4    4    3    3    3    3    2
    9    8    7    7    6    6    6    5    5    4    4    3
    4    4    3    3    3    2    2    2    2    2    2    1
    2    2    1    1    1    1    1    1    1    1    1    1
    2    2    2    2    2    1    1    1    1    1    1    1
    3    3    3    3    3    2    2    2    2    2    2    1

     -----     -----     -----     -----     -----
  NOTE: data in (12 months) by (4 lat-zones) by (10 years)
        to get actual values of optical depth use a factor of 1.e-4
