1860-1869 MONTHLY VOLCANIC FORCING IN 45-DEGREE-LAT BANDS FROM N TO S
   68   62   56   50   45   39   35   32   30   27   25   22
   68   62   56   50   45   39   35   32   30   27   25   22
   68   62   56   50   45   39   35   32   30   27   25   22
   68   62   56   50   45   39   35   32   30   27   25   22
   20   17   15   12   10    7   12   26   39   52   65   78
   20   17   15   12   10    7   12   26   39   52   65   78
   20   17   15   12   10    7   12   26   39   52   65   78
   20   17   15   12   10    7   12   26   39   52   65   78
   91  104  117  131  144  157  161  155  150  144  139  134
   91  104  117  131  144  157  161  155  150  144  139  134
   91  104  117  131  144  157  161  155  150  144  139  134
   91  104  117  131  144  157  161  155  150  144  139  134
  128  123  117  112  106  101   96   91   86   81   77   72
  128  123  117  112  106  101   96   91   86   81   77   72
  128  123  117  112  106  101   96   91   86   81   77   72
  128  123  117  112  106  101   96   91   86   81   77   72
   67   62   57   53   48   43   40   38   36   34   32   30
   67   62   57   53   48   43   40   38   36   34   32   30
   67   62   57   53   48   43   40   38   36   34   32   30
   67   62   57   53   48   43   40   38   36   34   32   30
   28   26   24   22   21   19   17   16   15   14   13   12
   28   26   24   22   21   19   17   16   15   14   13   12
   28   26   24   22   21   19   17   16   15   14   13   12
   28   26   24   22   21   19   17   16   15   14   13   12
   11   10    9    8    7    6    5    4    4    3    3    2
   11   10    9    8    7    6    5    4    4    3    3    2
   11   10    9    8    7    6    5    4    4    3    3    2
   11   10    9    8    7    6    5    4    4    3    3    2
    1    1    1    1    1    1    1    1    1    1    1    1
    1    1    1    1    1    1    1    1    1    1    1    1
    1    1    1    1    1    1    1    1    1    1    1    1
    1    1    1    1    1    1    1    1    1    1    1    1
    1    1    1    1    1    1    1    1    1    1    1    2
    1    1    1    1    1    1    1    1    1    1    1    2
    1    1    1    1    1    1    1    1    1    1    1    2
    1    1    1    1    1    1    1    1    1    1    1    2
    2    3    4    4    5    6    6    6    6    6    6    6
    2    3    4    4    5    6    6    6    6    6    6    6
    2    3    4    4    5    6    6    6    6    6    6    6
    2    3    4    4    5    6    6    6    6    6    6    6

     -----     -----     -----     -----     -----
  NOTE: data in (12 months) by (4 lat-zones) by (10 years)
        to get actual values of optical depth use a factor of 1.e-4

