     2    42
        .000  1.00000000
        .000   .99197450
       1.934   .98272560
      22.949   .97192966
      82.986   .95922528
     199.750   .94426634
     391.250   .92670039
     675.265   .90617952
    1068.610   .88237470
    1586.215   .85499376
    2240.051   .82380243
    3037.925   .78864794
    3982.226   .74948356
    5068.710   .70639231
    6285.476   .65960709
    7612.263   .60952439
    9020.227   .55670866
   10472.313   .50188499
   11924.286   .44591905
   13326.392   .38978444
   14625.550   .33451989
   15767.873   .28117990
   16701.271   .23078383
   17377.869   .18426853
   17756.019   .14244900
   17801.724   .10599051
   17489.420   .07539334
   16812.225   .05088901
   15812.992   .03213383
   14552.540   .01853460
   13097.874   .00937715
   11520.933   .00385071
    9897.348   .00107227
    8305.282   .00010929
    6824.375   .00000000
    5511.896   .00000000
    4361.609   .00000000
    3356.837   .00000000
    2481.735   .00000000
    1721.505   .00000000
    1062.530   .00000000
     492.416   .00000000
        .000   .00000000
