     3    42     3
        .000  1.00000000        .000
        .000   .99197450        .000
       1.934   .98272560        .000
      22.949   .97192966        .000
      82.986   .95922528        .000
     199.750   .94426634        .000
     391.250   .92670039        .000
     675.265   .90617952        .000
    1068.610   .88237470        .000
    1586.215   .85499376        .000
    2240.051   .82380243        .000
    3037.925   .78864794        .000
    3982.226   .74948356        .000
    5068.710   .70639231        .000
    6285.476   .65960709        .000
    7612.263   .60952439        .000
    9020.227   .55670866        .000
   10472.313   .50188499        .000
   11924.286   .44591905        .000
   13326.392   .38978444        .000
   14625.550   .33451989        .000
   15767.873   .28117990        .000
   16701.271   .23078383        .000
   17377.869   .18426853        .000
   17756.019   .14244900        .000
   17801.724   .10599051        .000
   17489.420   .07539334        .000
   16812.225   .05088901        .000
   15812.992   .03213383        .000
   14552.540   .01853460        .000
   13097.874   .00937715        .000
   11520.933   .00385071        .000
    9897.348   .00107227        .000
    8305.282   .00010929        .000
    6824.375   .00000000        .000
    5511.896   .00000000        .000
    4361.609   .00000000        .000
    3356.837   .00000000        .000
    2481.735   .00000000        .000
    1721.505   .00000000        .000
    1062.530   .00000000        .000
     492.416   .00000000        .000
        .000   .00000000        .000
