     3    60     3
       0.000  1.00000000        .000
       0.000  0.99763012        .000
       7.368  0.99401945        .000
      65.889  0.98827010        .000
     210.394  0.97966272        .000
     467.333  0.96764523        .000
     855.362  0.95182151        .000
    1385.913  0.93194032        .000
    2063.780  0.90788388        .000
    2887.697  0.87965691        .000
    3850.913  0.84737492        .000
    4941.777  0.81125343        .000
    6144.316  0.77159661        .000
    7438.805  0.72878581        .000
    8802.355  0.68326861        .000
   10209.500  0.63554746        .000
   11632.758  0.58616841        .000
   13043.219  0.53570992        .000
   14411.125  0.48477155        .000
   15706.449  0.43396294        .000
   16899.469  0.38389212        .000
   17961.359  0.33515489        .000
   18864.750  0.28832299        .000
   19584.328  0.24393314        .000
   20097.402  0.20247591        .000
   20384.480  0.16438431        .000
   20429.863  0.13002253        .000
   20222.203  0.09967470        .000
   19755.109  0.07353383        .000
   19027.695  0.05169041        .000
   18045.184  0.03412116        .000
   16819.473  0.02067788        .000
   15379.805  0.01114291        .000
   13775.324  0.00508112        .000
   12077.445  0.00181516        .000
   10376.125  0.00046139        .000
    8765.055  0.00007582        .000
    7306.633  0.00000000        .000
    6018.020  0.00000000        .000
    4906.707  0.00000000        .000
    3960.292  0.00000000        .000
    3196.422  0.00000000        .000
    2579.889  0.00000000        .000
    2082.274  0.00000000        .000
    1680.640  0.00000000        .000
    1356.475  0.00000000        .000
    1094.835  0.00000000        .000
     883.660  0.00000000        .000
     713.218  0.00000000        .000
     575.651  0.00000000        .000
     464.618  0.00000000        .000
     373.972  0.00000000        .000
     298.496  0.00000000        .000
     234.779  0.00000000        .000
     180.584  0.00000000        .000
     134.483  0.00000000        .000
      95.637  0.00000000        .000
      63.648  0.00000000        .000
      38.425  0.00000000        .000
      20.000  0.00000000        .000
       0.000  0.00000000        .000
