     2    60
       0.000  1.00000000
       0.000  0.99763012
       7.368  0.99401945
      65.889  0.98827010
     210.394  0.97966272
     467.333  0.96764523
     855.362  0.95182151
    1385.913  0.93194032
    2063.780  0.90788388
    2887.697  0.87965691
    3850.913  0.84737492
    4941.777  0.81125343
    6144.316  0.77159661
    7438.805  0.72878581
    8802.355  0.68326861
   10209.500  0.63554746
   11632.758  0.58616841
   13043.219  0.53570992
   14411.125  0.48477155
   15706.449  0.43396294
   16899.469  0.38389212
   17961.359  0.33515489
   18864.750  0.28832299
   19584.328  0.24393314
   20097.402  0.20247591
   20384.480  0.16438431
   20429.863  0.13002253
   20222.203  0.09967470
   19755.109  0.07353383
   19027.695  0.05169041
   18045.184  0.03412116
   16819.473  0.02067788
   15379.805  0.01114291
   13775.324  0.00508112
   12077.445  0.00181516
   10376.125  0.00046139
    8765.055  0.00007582
    7306.633  0.00000000
    6018.020  0.00000000
    4906.707  0.00000000
    3960.292  0.00000000
    3196.422  0.00000000
    2579.889  0.00000000
    2082.274  0.00000000
    1680.640  0.00000000
    1356.475  0.00000000
    1094.835  0.00000000
     883.660  0.00000000
     713.218  0.00000000
     575.651  0.00000000
     464.618  0.00000000
     373.972  0.00000000
     298.496  0.00000000
     234.779  0.00000000
     180.584  0.00000000
     134.483  0.00000000
      95.637  0.00000000
      63.648  0.00000000
      38.425  0.00000000
      20.000  0.00000000
       0.000  0.00000000
