     3    64     3
        .000  1.00000000        .000
        .000   .99467119        .000
        .575   .98862660        .000
       5.741   .98174229        .000
      21.516   .97386760        .000
      55.712   .96482757        .000
     116.899   .95443411        .000
     214.015   .94249106        .000
     356.223   .92879731        .000
     552.720   .91315100        .000
     812.489   .89535499        .000
    1143.988   .87522360        .000
    1554.789   .85259067        .000
    2051.150   .82731884        .000
    2637.553   .79930974        .000
    3316.217   .76851468        .000
    4086.614   .73494523        .000
    4945.029   .69868292        .000
    5884.206   .65988704        .000
    6893.117   .61879962        .000
    7956.908   .57574665        .000
    9057.051   .53113482        .000
   10171.712   .48544331        .000
   11276.348   .43921080        .000
   12344.490   .39301826        .000
   13348.671   .34746849        .000
   14261.435   .30316412        .000
   15056.342   .26068545        .000
   15708.893   .22057019        .000
   16197.315   .18329624        .000
   16503.144   .14926877        .000
   16611.603   .11881219        .000
   16511.736   .09216691        .000
   16197.967   .06947458        .000
   15683.489   .05064684        .000
   14993.074   .03544162        .000
   14154.316   .02355588        .000
   13197.065   .01463712        .000
   12152.937   .00829402        .000
   11054.853   .00410671        .000
    9936.614   .00163591        .000
    8832.537   .00043106        .000
    7777.150   .00003697        .000
    6804.874   .00000000        .000
    5937.050   .00000000        .000
    5167.146   .00000000        .000
    4485.493   .00000000        .000
    3883.052   .00000000        .000
    3351.460   .00000000        .000
    2883.038   .00000000        .000
    2470.788   .00000000        .000
    2108.366   .00000000        .000
    1790.051   .00000000        .000
    1510.711   .00000000        .000
    1265.752   .00000000        .000
    1051.080   .00000000        .000
     863.058   .00000000        .000
     698.457   .00000000        .000
     554.424   .00000000        .000
     428.434   .00000000        .000
     318.266   .00000000        .000
     221.958   .00000000        .000
     137.790   .00000000        .000
      64.247   .00000000        .000
        .000   .00000000        .000
