     2    64
       0.000  1.00000000
       0.000  0.99467390
       0.523  0.98863883
       5.244  0.98177573
      19.840  0.97393896
      52.173  0.96495490
     110.960  0.95463594
     205.290  0.94278646
     344.480  0.92920590
     537.891  0.91369283
     794.672  0.89605033
    1123.457  0.87609252
    1532.004  0.85365248
    2026.768  0.82859128
    2612.440  0.80080793
    3291.459  0.77024993
    4063.530  0.73692365
    4925.173  0.70090400
    5869.358  0.66234225
    6885.267  0.62147127
    7958.213  0.57860714
    9069.772  0.53414642
   10198.123  0.48855874
   11318.622  0.44237451
   12404.562  0.39616856
   13428.087  0.35054043
   14361.195  0.30609278
   15176.752  0.26340963
   15849.437  0.22303597
   16356.554  0.18546024
   16678.663  0.15110090
   16799.985  0.12029753
   16708.594  0.09330683
   16397.407  0.07029290
   15877.547  0.05119593
   15174.344  0.03577606
   14316.260  0.02372900
   13334.151  0.01469897
   12260.775  0.00828928
   11130.319  0.00407245
    9977.965  0.00159960
    8839.507  0.00040864
    7751.029  0.00003127
    6748.506  0.00000000
    5852.851  0.00000000
    5057.011  0.00000000
    4351.321  0.00000000
    3726.713  0.00000000
    3174.766  0.00000000
    2687.726  0.00000000
    2258.503  0.00000000
    1880.654  0.00000000
    1548.356  0.00000000
    1256.370  0.00000000
    1000.000  0.00000000
     775.635  0.00000000
     582.659  0.00000000
     421.462  0.00000000
     291.859  0.00000000
     192.374  0.00000000
     119.995  0.00000000
      70.422  0.00000000
      38.661  0.00000000
      19.740  0.00000000
       0.000  0.00000000
