     3    28     3
        .000  1.00000000        .000
        .009   .98872586        .000
      11.635   .97440184        .000
      86.457   .95587239        .000
     292.577   .93174961        .000
     701.453   .90058087        .000
    1381.526   .86097487        .000
    2389.205   .81178485        .000
    3757.142   .75234710        .000
    5481.144   .68274682        .000
    7508.532   .60405491        .000
    9731.807   .51845667        .000
   11991.428   .42919536        .000
   14089.535   .34029321        .000
   15812.926   .25608430        .000
   16959.994   .18066704        .000
   17364.658   .11741761        .000
   16912.130   .06867500        .000
   15613.564   .03495010        .000
   13671.427   .01432627        .000
   11343.654   .00393276        .000
    8913.767   .00037868        .000
    6678.608   .00000000        .000
    4844.036   .00000000        .000
    3376.516   .00000000        .000
    2210.979   .00000000        .000
    1290.533   .00000000        .000
     566.898   .00000000        .000
        .000   .00000000        .000
