       2 91
       .000000  1.000000
       .003160   .997630
      6.575628   .994204
     54.208336   .989153
    162.043427   .982238
    336.772369   .973466
    576.314148   .963007
    895.193542   .950274
   1297.656128   .935157
   1784.854614   .917651
   2356.202637   .897767
   3010.146973   .875518
   3743.464355   .850950
   4550.215820   .824185
   5422.802734   .795385
   6353.920898   .764679
   7335.164551   .732224
   8356.252930   .698224
   9405.222656   .662934
  10471.310547   .626559
  11543.166992   .589317
  12608.383789   .551458
  13653.219727   .513280
  14665.645508   .475016
  15633.566406   .436906
  16544.585938   .399205
  17385.595703   .362203
  18141.296875   .326329
  18798.822266   .291993
  19348.775391   .259554
  19785.357422   .229315
  20107.031250   .201520
  20319.011719   .176091
  20426.218750   .152934
  20434.158203   .131935
  20348.916016   .112979
  20175.394531   .095964
  19919.796875   .080777
  19587.513672   .067316
  19184.544922   .055474
  18716.968750   .045146
  18191.029297   .036227
  17613.281250   .028610
  16990.623047   .022189
  16329.560547   .016860
  15638.053711   .012508
  14922.685547   .009035
  14192.009766   .006322
  13453.225586   .004267
  12713.897461   .002765
  11982.662109   .001701
  11262.484375   .001000
  10558.881836   .000548
   9873.560547   .000279
   9208.305664   .000131
   8564.624023   .000055
   7942.926270   .000014
   7341.469727   .000000
   6759.727051   .000000
   6199.839355   .000000
   5663.156250   .000000
   5150.859863   .000000
   4663.776367   .000000
   4202.416504   .000000
   3767.196045   .000000
   3358.425781   .000000
   2976.302246   .000000
   2620.898438   .000000
   2292.155518   .000000
   1989.874390   .000000
   1713.709595   .000000
   1463.163940   .000000
   1237.585449   .000000
   1036.166504   .000000
    857.945801   .000000
    701.813354   .000000
    566.519226   .000000
    450.685791   .000000
    352.824493   .000000
    271.356506   .000000
    204.637451   .000000
    150.986023   .000000
    108.715561   .000000
     76.167656   .000000
     51.746601   .000000
     33.952858   .000000
     21.413612   .000000
     12.908319   .000000
      7.387186   .000000
      3.980832   .000000
      2.000040   .000000
       .000000   .000000
