1973 MONTHLY CO2 (PPMV)   24  12  LON/LAT (N-S/0-360E) IN 15 DEGREE RESOLUTION,  GLB ANNUAL MEAN = 330.42,  GROWTH RATE = 1.54,  MISS DATA = -99.99
 336.92 336.92 336.92 336.92 336.92 336.92 336.92 336.92 336.92 336.92 336.92 336.92 336.92 336.92 336.92 336.92 336.92 336.92 336.92 336.92 336.92 336.92 336.92 336.92
 344.91 344.91 344.91 344.91 344.91 344.91 341.51 334.72 334.72 334.72 334.72 334.72 334.72 334.72 334.72 334.72 330.45 330.45 330.79 331.81 331.81 331.81 331.81 344.91
 344.91 344.91 344.91 344.91 344.91 344.91 344.91 338.12 334.72 334.72 334.72 334.72 334.72 334.72 334.72 330.45 330.45 330.45 330.79 331.81 331.81 331.81 331.81 344.91
 344.91 344.91 344.91 344.91 344.91 344.91 344.91 328.54 328.54 328.54 328.54 328.54 328.54 328.54 329.18 330.45 330.45 330.45 330.79 330.79 331.81 331.81 331.81 344.91
 344.91 344.91 344.91 344.91 344.91 338.85 327.64 328.54 328.54 328.54 328.54 328.54 328.54 328.54 328.54 329.81 330.45 330.79 330.79 330.79 330.79 331.81 331.81 344.91
 344.91 344.91 344.91 338.85 326.74 326.74 326.74 327.74 328.74 328.74 328.74 328.74 328.74 328.74 328.74 328.74 330.45 330.79 330.79 330.79 330.79 331.81 331.81 344.91
 344.91 338.85 326.74 326.74 326.74 326.74 326.74 326.74 326.23 326.16 326.16 326.16 328.74 328.74 328.74 328.74 330.45 330.79 330.79 330.79 330.79 331.81 330.12 335.83
 326.74 326.74 326.74 326.74 326.74 326.74 326.74 326.74 326.31 326.16 326.16 326.16 326.16 328.74 328.74 328.07 328.60 329.44 330.79 329.44 326.74 326.74 326.74 326.74
 326.74 326.74 326.74 326.74 326.74 326.74 326.74 326.74 326.45 326.16 326.16 326.16 326.16 326.16 326.45 326.74 326.74 326.74 326.74 326.74 326.74 326.74 326.74 326.74
 326.74 326.74 326.74 326.74 326.74 326.74 326.74 326.74 326.74 326.74 326.35 326.16 326.35 326.74 326.74 326.74 326.74 326.74 326.74 326.74 326.74 326.74 326.74 326.74
 326.74 326.74 326.74 326.74 326.74 326.74 326.74 326.74 326.74 326.74 326.74 326.74 326.74 326.74 326.74 326.74 326.74 326.74 326.74 326.74 326.74 326.74 326.74 326.74
 326.74 326.74 326.74 326.74 326.74 326.74 326.74 326.74 326.74 326.74 326.74 326.74 326.74 326.74 326.74 326.74 326.74 326.74 326.74 326.74 326.74 326.74 326.74 326.74
 335.91 335.91 335.91 335.91 335.91 335.91 335.91 335.91 335.91 335.91 335.91 335.91 335.91 335.91 335.91 335.91 335.91 335.91 335.91 335.91 335.91 335.91 335.91 335.91
 339.92 339.92 339.92 339.92 339.92 339.92 338.43 335.45 335.45 335.45 335.45 335.45 335.45 335.45 335.45 335.45 331.41 331.41 331.53 332.75 332.75 332.75 332.75 339.92
 339.92 339.92 339.92 339.92 339.92 339.92 339.92 336.94 335.45 335.45 335.45 335.45 335.45 335.45 335.45 331.41 331.41 331.41 331.53 332.75 332.75 332.75 332.75 339.92
 339.92 339.92 339.92 339.92 339.92 339.92 339.92 329.56 329.56 329.56 329.56 329.56 329.56 329.56 330.18 331.41 331.41 331.41 331.53 331.53 332.75 332.75 332.75 339.92
 339.92 339.92 339.92 339.92 339.92 335.39 327.95 329.56 329.56 329.56 329.56 329.56 329.56 329.56 329.56 330.80 331.41 331.53 331.53 331.53 331.53 332.75 332.75 339.92
 339.92 339.92 339.92 335.39 326.34 326.34 326.34 328.02 329.70 329.70 329.70 329.70 329.70 329.70 329.70 329.70 331.41 331.53 331.53 331.53 331.53 332.75 332.75 339.92
 339.92 335.39 326.34 326.34 326.34 326.34 326.34 326.34 326.41 326.42 326.42 326.42 329.70 329.70 329.70 329.70 331.41 331.53 331.53 331.53 331.53 332.75 330.61 333.13
 326.34 326.34 326.34 326.34 326.34 326.34 326.34 326.34 326.40 326.42 326.42 326.42 326.42 329.70 329.70 328.58 328.88 329.80 331.53 329.80 326.34 326.34 326.34 326.34
 326.34 326.34 326.34 326.34 326.34 326.34 326.34 326.34 326.38 326.42 326.42 326.42 326.42 326.42 326.38 326.34 326.34 326.34 326.34 326.34 326.34 326.34 326.34 326.34
 326.34 326.34 326.34 326.34 326.34 326.34 326.34 326.34 326.34 326.34 326.39 326.42 326.39 326.34 326.34 326.34 326.34 326.34 326.34 326.34 326.34 326.34 326.34 326.34
 326.34 326.34 326.34 326.34 326.34 326.34 326.34 326.34 326.34 326.34 326.34 326.34 326.34 326.34 326.34 326.34 326.34 326.34 326.34 326.34 326.34 326.34 326.34 326.34
 326.34 326.34 326.34 326.34 326.34 326.34 326.34 326.34 326.34 326.34 326.34 326.34 326.34 326.34 326.34 326.34 326.34 326.34 326.34 326.34 326.34 326.34 326.34 326.34
 336.95 336.95 336.95 336.95 336.95 336.95 336.95 336.95 336.95 336.95 336.95 336.95 336.95 336.95 336.95 336.95 336.95 336.95 336.95 336.95 336.95 336.95 336.95 336.95
 341.11 341.11 341.11 341.11 341.11 341.11 339.57 336.49 336.49 336.49 336.49 336.49 336.49 336.49 336.49 336.49 332.14 332.14 332.60 333.64 333.64 333.64 333.64 341.11
 341.11 341.11 341.11 341.11 341.11 341.11 341.11 338.03 336.49 336.49 336.49 336.49 336.49 336.49 336.49 332.14 332.14 332.14 332.60 333.64 333.64 333.64 333.64 341.11
 341.11 341.11 341.11 341.11 341.11 341.11 341.11 330.30 330.30 330.30 330.30 330.30 330.30 330.30 330.91 332.14 332.14 332.14 332.60 332.60 333.64 333.64 333.64 341.11
 341.11 341.11 341.11 341.11 341.11 336.19 328.33 330.30 330.30 330.30 330.30 330.30 330.30 330.30 330.30 331.53 332.14 332.60 332.60 332.60 332.60 333.64 333.64 341.11
 341.11 341.11 341.11 336.19 326.36 326.36 326.36 328.51 330.66 330.66 330.66 330.66 330.66 330.66 330.66 330.66 332.14 332.60 332.60 332.60 332.60 333.64 333.64 341.11
 341.11 336.19 326.36 326.36 326.36 326.36 326.36 326.36 326.83 326.90 326.90 326.90 330.66 330.66 330.66 330.66 332.14 332.60 332.60 332.60 332.60 333.64 331.21 333.74
 326.36 326.36 326.36 326.36 326.36 326.36 326.36 326.36 326.76 326.90 326.90 326.90 326.90 330.66 330.66 329.23 329.25 330.52 332.60 330.52 326.36 326.36 326.36 326.36
 326.36 326.36 326.36 326.36 326.36 326.36 326.36 326.36 326.63 326.90 326.90 326.90 326.90 326.90 326.63 326.36 326.36 326.36 326.36 326.36 326.36 326.36 326.36 326.36
 326.36 326.36 326.36 326.36 326.36 326.36 326.36 326.36 326.36 326.36 326.72 326.90 326.72 326.36 326.36 326.36 326.36 326.36 326.36 326.36 326.36 326.36 326.36 326.36
 326.36 326.36 326.36 326.36 326.36 326.36 326.36 326.36 326.36 326.36 326.36 326.36 326.36 326.36 326.36 326.36 326.36 326.36 326.36 326.36 326.36 326.36 326.36 326.36
 326.36 326.36 326.36 326.36 326.36 326.36 326.36 326.36 326.36 326.36 326.36 326.36 326.36 326.36 326.36 326.36 326.36 326.36 326.36 326.36 326.36 326.36 326.36 326.36
 336.56 336.56 336.56 336.56 336.56 336.56 336.56 336.56 336.56 336.56 336.56 336.56 336.56 336.56 336.56 336.56 336.56 336.56 336.56 336.56 336.56 336.56 336.56 336.56
 338.24 338.24 338.24 338.24 338.24 338.24 337.81 336.94 336.94 336.94 336.94 336.94 336.94 336.94 336.94 336.94 333.22 333.22 334.03 334.82 334.82 334.82 334.82 338.24
 338.24 338.24 338.24 338.24 338.24 338.24 338.24 337.37 336.94 336.94 336.94 336.94 336.94 336.94 336.94 333.22 333.22 333.22 334.03 334.82 334.82 334.82 334.82 338.24
 338.24 338.24 338.24 338.24 338.24 338.24 338.24 331.50 331.50 331.50 331.50 331.50 331.50 331.50 332.07 333.22 333.22 333.22 334.03 334.03 334.82 334.82 334.82 338.24
 338.24 338.24 338.24 338.24 338.24 334.43 329.16 331.50 331.50 331.50 331.50 331.50 331.50 331.50 331.50 332.64 333.22 334.03 334.03 334.03 334.03 334.82 334.82 338.24
 338.24 338.24 338.24 334.43 326.82 326.82 326.82 329.38 331.93 331.93 331.93 331.93 331.93 331.93 331.93 331.93 333.22 334.03 334.03 334.03 334.03 334.82 334.82 338.24
 338.24 334.43 326.82 326.82 326.82 326.82 326.82 326.82 327.08 327.12 327.12 327.12 331.93 331.93 331.93 331.93 333.22 334.03 334.03 334.03 334.03 334.82 332.15 332.53
 326.82 326.82 326.82 326.82 326.82 326.82 326.82 326.82 327.05 327.12 327.12 327.12 327.12 331.93 331.93 330.23 330.02 331.63 334.03 331.63 326.82 326.82 326.82 326.82
 326.82 326.82 326.82 326.82 326.82 326.82 326.82 326.82 326.97 327.12 327.12 327.12 327.12 327.12 326.97 326.82 326.82 326.82 326.82 326.82 326.82 326.82 326.82 326.82
 326.82 326.82 326.82 326.82 326.82 326.82 326.82 326.82 326.82 326.82 327.02 327.12 327.02 326.82 326.82 326.82 326.82 326.82 326.82 326.82 326.82 326.82 326.82 326.82
 326.82 326.82 326.82 326.82 326.82 326.82 326.82 326.82 326.82 326.82 326.82 326.82 326.82 326.82 326.82 326.82 326.82 326.82 326.82 326.82 326.82 326.82 326.82 326.82
 326.82 326.82 326.82 326.82 326.82 326.82 326.82 326.82 326.82 326.82 326.82 326.82 326.82 326.82 326.82 326.82 326.82 326.82 326.82 326.82 326.82 326.82 326.82 326.82
 335.42 335.42 335.42 335.42 335.42 335.42 335.42 335.42 335.42 335.42 335.42 335.42 335.42 335.42 335.42 335.42 335.42 335.42 335.42 335.42 335.42 335.42 335.42 335.42
 335.14 335.14 335.14 335.14 335.14 335.14 335.61 336.55 336.55 336.55 336.55 336.55 336.55 336.55 336.55 336.55 333.60 333.60 334.31 334.48 334.48 334.48 334.48 335.14
 335.14 335.14 335.14 335.14 335.14 335.14 335.14 336.08 336.55 336.55 336.55 336.55 336.55 336.55 336.55 333.60 333.60 333.60 334.31 334.48 334.48 334.48 334.48 335.14
 335.14 335.14 335.14 335.14 335.14 335.14 335.14 332.48 332.48 332.48 332.48 332.48 332.48 332.48 332.85 333.60 333.60 333.60 334.31 334.31 334.48 334.48 334.48 335.14
 335.14 335.14 335.14 335.14 335.14 332.46 329.80 332.48 332.48 332.48 332.48 332.48 332.48 332.48 332.48 333.23 333.60 334.31 334.31 334.31 334.31 334.48 334.48 335.14
 335.14 335.14 335.14 332.46 327.11 327.11 327.11 329.35 331.58 331.58 331.58 331.58 331.58 331.58 331.58 331.58 333.60 334.31 334.31 334.31 334.31 334.48 334.48 335.14
 335.14 332.46 327.11 327.11 327.11 327.11 327.11 327.11 327.12 327.12 327.12 327.12 331.58 331.58 331.58 331.58 333.60 334.31 334.31 334.31 334.31 334.48 332.02 331.12
 327.11 327.11 327.11 327.11 327.11 327.11 327.11 327.11 327.12 327.12 327.12 327.12 327.12 331.58 331.58 330.09 330.36 331.91 334.31 331.91 327.11 327.11 327.11 327.11
 327.11 327.11 327.11 327.11 327.11 327.11 327.11 327.11 327.12 327.12 327.12 327.12 327.12 327.12 327.12 327.11 327.11 327.11 327.11 327.11 327.11 327.11 327.11 327.11
 327.11 327.11 327.11 327.11 327.11 327.11 327.11 327.11 327.11 327.11 327.12 327.12 327.12 327.11 327.11 327.11 327.11 327.11 327.11 327.11 327.11 327.11 327.11 327.11
 327.11 327.11 327.11 327.11 327.11 327.11 327.11 327.11 327.11 327.11 327.11 327.11 327.11 327.11 327.11 327.11 327.11 327.11 327.11 327.11 327.11 327.11 327.11 327.11
 327.11 327.11 327.11 327.11 327.11 327.11 327.11 327.11 327.11 327.11 327.11 327.11 327.11 327.11 327.11 327.11 327.11 327.11 327.11 327.11 327.11 327.11 327.11 327.11
 332.65 332.65 332.65 332.65 332.65 332.65 332.65 332.65 332.65 332.65 332.65 332.65 332.65 332.65 332.65 332.65 332.65 332.65 332.65 332.65 332.65 332.65 332.65 332.65
 331.53 331.53 331.53 331.53 331.53 331.53 332.34 333.95 333.95 333.95 333.95 333.95 333.95 333.95 333.95 333.95 332.04 332.04 332.67 332.67 332.17 331.53 331.53 331.53
 331.53 331.53 331.53 331.53 331.53 331.53 331.53 333.14 333.95 333.95 333.95 333.95 333.95 333.95 333.95 332.04 332.04 332.04 332.67 332.67 332.29 331.53 331.53 331.53
 331.53 331.53 331.53 331.53 331.53 331.53 331.53 332.07 332.07 332.07 332.07 332.07 332.07 332.07 332.06 332.04 332.04 332.04 332.67 332.67 332.67 332.10 331.53 331.53
 331.53 331.53 331.53 331.53 331.53 330.17 329.75 332.07 332.07 332.07 332.07 332.07 332.07 332.07 332.07 332.05 332.04 332.67 332.67 332.67 332.67 332.67 331.91 331.53
 331.53 331.53 331.53 330.17 327.43 327.43 327.43 328.81 330.19 330.19 330.19 330.19 330.19 330.19 330.19 330.19 332.04 332.67 332.67 332.67 332.67 332.67 332.04 331.53
 331.53 330.17 327.43 327.43 327.43 327.43 327.43 327.43 327.30 327.28 327.28 327.28 330.19 330.19 330.19 330.19 332.04 332.67 332.67 332.67 332.67 330.92 327.43 329.48
 327.43 327.43 327.43 327.43 327.43 327.43 327.43 327.43 327.32 327.28 327.28 327.28 327.28 330.19 330.19 329.27 329.74 330.92 332.67 330.92 327.43 327.43 327.43 327.43
 327.43 327.43 327.43 327.43 327.43 327.43 327.43 327.43 327.36 327.28 327.28 327.28 327.28 327.28 327.36 327.43 327.43 327.43 327.43 327.43 327.43 327.43 327.43 327.43
 327.43 327.43 327.43 327.43 327.43 327.43 327.43 327.43 327.43 327.43 327.33 327.28 327.33 327.43 327.43 327.43 327.43 327.43 327.43 327.43 327.43 327.43 327.43 327.43
 327.43 327.43 327.43 327.43 327.43 327.43 327.43 327.43 327.43 327.43 327.43 327.43 327.43 327.43 327.43 327.43 327.43 327.43 327.43 327.43 327.43 327.43 327.43 327.43
 327.43 327.43 327.43 327.43 327.43 327.43 327.43 327.43 327.43 327.43 327.43 327.43 327.43 327.43 327.43 327.43 327.43 327.43 327.43 327.43 327.43 327.43 327.43 327.43
 328.85 328.85 328.85 328.85 328.85 328.85 328.85 328.85 328.85 328.85 328.85 328.85 328.85 328.85 328.85 328.85 328.85 328.85 328.85 328.85 328.85 328.85 328.85 328.85
 330.88 330.88 330.88 330.88 330.88 330.88 329.36 326.31 326.31 326.31 326.31 326.31 326.31 326.31 326.31 326.31 328.34 328.34 330.68 330.68 330.77 330.88 330.88 330.88
 330.88 330.88 330.88 330.88 330.88 330.88 330.88 327.83 326.31 326.31 326.31 326.31 326.31 326.31 326.31 328.34 328.34 328.34 330.68 330.68 330.75 330.88 330.88 330.88
 330.88 330.88 330.88 330.88 330.88 330.88 330.88 330.87 330.87 330.87 330.87 330.87 330.87 330.87 330.03 328.34 328.34 328.34 330.68 330.68 330.68 330.78 330.88 330.88
 330.88 330.88 330.88 330.88 330.88 329.83 329.30 330.87 330.87 330.87 330.87 330.87 330.87 330.87 330.87 329.18 328.34 330.68 330.68 330.68 330.68 330.68 330.81 330.88
 330.88 330.88 330.88 329.83 327.73 327.73 327.73 328.93 330.13 330.13 330.13 330.13 330.13 330.13 330.13 330.13 328.34 330.68 330.68 330.68 330.68 330.68 330.79 330.88
 330.88 329.83 327.73 327.73 327.73 327.73 327.73 327.73 327.91 327.94 327.94 327.94 330.13 330.13 330.13 330.13 328.34 330.68 330.68 330.68 330.68 329.70 327.73 329.30
 327.73 327.73 327.73 327.73 327.73 327.73 327.73 327.73 327.89 327.94 327.94 327.94 327.94 330.13 330.13 329.33 328.03 329.70 330.68 329.70 327.73 327.73 327.73 327.73
 327.73 327.73 327.73 327.73 327.73 327.73 327.73 327.73 327.84 327.94 327.94 327.94 327.94 327.94 327.84 327.73 327.73 327.73 327.73 327.73 327.73 327.73 327.73 327.73
 327.73 327.73 327.73 327.73 327.73 327.73 327.73 327.73 327.73 327.73 327.87 327.94 327.87 327.73 327.73 327.73 327.73 327.73 327.73 327.73 327.73 327.73 327.73 327.73
 327.73 327.73 327.73 327.73 327.73 327.73 327.73 327.73 327.73 327.73 327.73 327.73 327.73 327.73 327.73 327.73 327.73 327.73 327.73 327.73 327.73 327.73 327.73 327.73
 327.73 327.73 327.73 327.73 327.73 327.73 327.73 327.73 327.73 327.73 327.73 327.73 327.73 327.73 327.73 327.73 327.73 327.73 327.73 327.73 327.73 327.73 327.73 327.73
 326.79 326.79 326.79 326.79 326.79 326.79 326.79 326.79 326.79 326.79 326.79 326.79 326.79 326.79 326.79 326.79 326.79 326.79 326.79 326.79 326.79 326.79 326.79 326.79
 330.66 330.66 330.66 330.66 330.66 330.66 328.00 322.67 322.67 322.67 322.67 322.67 322.67 322.67 322.67 322.67 325.20 325.20 328.12 328.12 329.25 330.66 330.66 330.66
 330.66 330.66 330.66 330.66 330.66 330.66 330.66 325.33 322.67 322.67 322.67 322.67 322.67 322.67 322.67 325.20 325.20 325.20 328.12 328.12 328.97 330.66 330.66 330.66
 330.66 330.66 330.66 330.66 330.66 330.66 330.66 329.31 329.31 329.31 329.31 329.31 329.31 329.31 327.94 325.20 325.20 325.20 328.12 328.12 328.12 329.39 330.66 330.66
 330.66 330.66 330.66 330.66 330.66 329.91 328.86 329.31 329.31 329.31 329.31 329.31 329.31 329.31 329.31 326.57 325.20 328.12 328.12 328.12 328.12 328.12 329.81 330.66
 330.66 330.66 330.66 329.91 328.40 328.40 328.40 329.81 330.28 330.28 330.29 330.32 330.37 330.46 330.46 330.46 325.20 328.12 328.12 328.12 328.12 328.12 329.53 330.66
 330.66 329.91 328.40 328.40 328.40 328.40 328.40 329.33 330.27 330.27 330.27 330.27 330.27 330.37 330.41 330.44 325.20 328.12 328.12 328.12 328.12 328.21 328.40 329.53
 328.40 328.40 328.40 328.40 328.40 328.40 328.40 328.40 328.44 328.46 328.46 328.46 330.27 330.32 330.37 329.73 326.80 328.21 328.12 328.21 328.40 328.40 328.40 328.40
 328.40 328.40 328.40 328.40 328.40 328.40 328.40 328.40 328.43 328.46 328.46 328.46 328.46 328.46 328.43 328.40 328.40 328.40 328.40 328.40 328.40 328.40 328.40 328.40
 328.40 328.40 328.40 328.40 328.40 328.40 328.40 328.40 328.40 328.40 328.44 328.46 328.44 328.40 328.40 328.40 328.40 328.40 328.40 328.40 328.40 328.40 328.40 328.40
 328.40 328.40 328.40 328.40 328.40 328.40 328.40 328.40 328.40 328.40 328.40 328.40 328.40 328.40 328.40 328.40 328.40 328.40 328.40 328.40 328.40 328.40 328.40 328.40
 328.40 328.40 328.40 328.40 328.40 328.40 328.40 328.40 328.40 328.40 328.40 328.40 328.40 328.40 328.40 328.40 328.40 328.40 328.40 328.40 328.40 328.40 328.40 328.40
 328.15 328.15 328.15 328.15 328.15 328.15 328.15 328.15 328.15 328.15 328.15 328.15 328.15 328.15 328.15 328.15 328.15 328.15 328.15 328.15 328.15 328.15 328.15 328.15
 332.67 332.67 332.67 332.67 332.67 332.67 329.84 324.18 324.18 324.18 324.18 324.18 324.18 324.18 324.18 324.18 325.85 325.85 326.90 326.90 329.47 332.67 332.67 332.67
 332.67 332.67 332.67 332.67 332.67 332.67 332.67 327.01 324.18 324.18 324.18 324.18 324.18 324.18 324.18 325.85 325.85 325.85 326.90 326.90 328.82 332.67 332.67 332.67
 332.67 332.67 332.67 332.67 332.67 332.67 332.67 327.51 327.51 327.51 327.51 327.51 327.51 327.51 326.96 325.85 325.85 325.85 326.90 326.90 326.90 329.79 332.67 332.67
 332.67 332.67 332.67 332.67 332.67 331.34 328.10 327.51 327.51 327.51 327.51 327.51 327.51 327.51 327.51 326.40 325.85 326.90 326.90 326.90 326.90 326.90 330.75 332.67
 332.67 332.67 332.67 331.34 328.69 328.69 328.69 329.85 330.24 330.24 330.24 330.24 330.24 327.51 327.51 326.59 325.85 326.90 326.90 326.90 326.90 326.90 330.11 332.67
 332.67 331.34 328.69 328.69 328.69 328.69 328.69 329.47 330.24 330.24 330.24 330.24 330.24 330.24 330.24 330.24 325.85 326.90 326.90 326.90 326.90 327.50 328.69 330.68
 328.69 328.69 328.69 328.69 328.69 328.69 328.69 328.69 328.53 328.48 328.48 328.48 330.24 330.24 330.24 329.72 327.27 327.50 326.90 327.50 328.69 328.69 328.69 328.69
 328.69 328.69 328.69 328.69 328.69 328.69 328.69 328.69 328.59 328.48 328.48 328.48 328.48 328.48 328.59 328.69 328.69 328.69 328.69 328.69 328.69 328.69 328.69 328.69
 328.69 328.69 328.69 328.69 328.69 328.69 328.69 328.69 328.69 328.69 328.55 328.48 328.55 328.69 328.69 328.69 328.69 328.69 328.69 328.69 328.69 328.69 328.69 328.69
 328.69 328.69 328.69 328.69 328.69 328.69 328.69 328.69 328.69 328.69 328.69 328.69 328.69 328.69 328.69 328.69 328.69 328.69 328.69 328.69 328.69 328.69 328.69 328.69
 328.69 328.69 328.69 328.69 328.69 328.69 328.69 328.69 328.69 328.69 328.69 328.69 328.69 328.69 328.69 328.69 328.69 328.69 328.69 328.69 328.69 328.69 328.69 328.69
 332.95 332.95 332.95 332.95 332.95 332.95 332.95 332.95 332.95 332.95 332.95 332.95 332.95 332.95 332.95 332.95 332.95 332.95 332.95 332.95 332.95 332.95 332.95 332.95
 338.75 338.75 338.75 338.75 338.75 338.75 335.53 329.10 329.10 329.10 329.10 329.10 329.10 329.10 329.10 329.10 328.41 328.41 327.87 327.87 332.70 338.75 338.75 338.75
 338.75 338.75 338.75 338.75 338.75 338.75 338.75 332.31 329.10 329.10 329.10 329.10 329.10 329.10 329.10 328.41 328.41 328.41 327.87 327.87 331.50 338.75 338.75 338.75
 338.75 338.75 338.75 338.75 338.75 338.75 338.75 327.18 327.18 327.18 327.18 327.18 327.18 327.18 327.59 328.41 328.41 328.41 327.87 327.87 327.87 333.31 338.75 338.75
 338.75 338.75 338.75 338.75 338.75 335.38 327.90 327.18 327.18 327.18 327.18 327.18 327.18 327.18 327.18 328.00 328.41 327.87 327.87 327.87 327.87 327.87 335.12 338.75
 338.75 338.75 338.75 335.38 328.63 328.63 328.63 329.72 330.08 330.08 330.08 330.08 330.08 327.18 327.18 327.87 328.41 327.87 327.87 327.87 327.87 327.87 333.91 338.75
 338.75 335.38 328.63 328.63 328.63 328.63 328.63 329.36 330.08 330.08 330.08 330.08 330.08 330.08 330.08 330.08 328.41 327.87 327.87 327.87 327.87 328.12 328.63 333.69
 328.63 328.63 328.63 328.63 328.63 328.63 328.63 328.63 328.61 328.60 328.60 328.60 330.08 330.08 330.08 329.60 328.52 328.12 327.87 328.12 328.63 328.63 328.63 328.63
 328.63 328.63 328.63 328.63 328.63 328.63 328.63 328.63 328.62 328.60 328.60 328.60 328.60 328.60 328.62 328.63 328.63 328.63 328.63 328.63 328.63 328.63 328.63 328.63
 328.63 328.63 328.63 328.63 328.63 328.63 328.63 328.63 328.63 328.63 328.61 328.60 328.61 328.63 328.63 328.63 328.63 328.63 328.63 328.63 328.63 328.63 328.63 328.63
 328.63 328.63 328.63 328.63 328.63 328.63 328.63 328.63 328.63 328.63 328.63 328.63 328.63 328.63 328.63 328.63 328.63 328.63 328.63 328.63 328.63 328.63 328.63 328.63
 328.63 328.63 328.63 328.63 328.63 328.63 328.63 328.63 328.63 328.63 328.63 328.63 328.63 328.63 328.63 328.63 328.63 328.63 328.63 328.63 328.63 328.63 328.63 328.63
 334.53 334.53 334.53 334.53 334.53 334.53 334.53 334.53 334.53 334.53 334.53 334.53 334.53 334.53 334.53 334.53 334.53 334.53 334.53 334.53 334.53 334.53 334.53 334.53
 338.28 338.28 338.28 338.28 338.28 338.28 336.49 332.90 332.90 332.90 332.90 332.90 332.90 332.90 332.90 332.90 330.16 330.16 329.12 329.12 333.19 338.28 338.28 338.28
 338.28 338.28 338.28 338.28 338.28 338.28 338.28 334.70 332.90 332.90 332.90 332.90 332.90 332.90 332.90 330.16 330.16 330.16 329.12 329.12 332.17 338.28 338.28 338.28
 338.28 338.28 338.28 338.28 338.28 338.28 338.28 328.16 328.16 328.16 328.16 328.16 328.16 328.16 328.83 330.16 330.16 330.16 329.12 329.12 329.12 333.70 338.28 338.28
 338.28 338.28 338.28 338.28 338.28 335.05 328.38 328.16 328.16 328.16 328.16 328.16 328.16 328.16 328.16 329.50 330.16 329.12 329.12 329.12 329.12 329.12 335.23 338.28
 338.28 338.28 338.28 335.05 328.60 328.60 328.60 329.70 330.06 330.03 329.96 329.84 329.58 329.08 329.08 329.08 330.16 329.12 329.12 329.12 329.12 329.12 334.21 338.28
 338.28 335.05 328.60 328.60 328.60 328.60 328.60 329.35 330.09 330.09 330.09 330.09 330.09 329.58 329.33 329.21 330.16 329.12 329.12 329.12 329.12 328.95 328.60 333.44
 328.60 328.60 328.60 328.60 328.60 328.60 328.60 328.60 328.80 328.87 328.87 328.87 330.09 329.84 329.58 329.13 329.38 328.95 329.12 328.95 328.60 328.60 328.60 328.60
 328.60 328.60 328.60 328.60 328.60 328.60 328.60 328.60 328.74 328.87 328.87 328.87 328.87 328.87 328.74 328.60 328.60 328.60 328.60 328.60 328.60 328.60 328.60 328.60
 328.60 328.60 328.60 328.60 328.60 328.60 328.60 328.60 328.60 328.60 328.78 328.87 328.78 328.60 328.60 328.60 328.60 328.60 328.60 328.60 328.60 328.60 328.60 328.60
 328.60 328.60 328.60 328.60 328.60 328.60 328.60 328.60 328.60 328.60 328.60 328.60 328.60 328.60 328.60 328.60 328.60 328.60 328.60 328.60 328.60 328.60 328.60 328.60
 328.60 328.60 328.60 328.60 328.60 328.60 328.60 328.60 328.60 328.60 328.60 328.60 328.60 328.60 328.60 328.60 328.60 328.60 328.60 328.60 328.60 328.60 328.60 328.60
 337.16 337.16 337.16 337.16 337.16 337.16 337.16 337.16 337.16 337.16 337.16 337.16 337.16 337.16 337.16 337.16 337.16 337.16 337.16 337.16 337.16 337.16 337.16 337.16
 342.31 342.31 342.31 342.31 342.31 342.31 339.77 334.69 334.69 334.69 334.69 334.69 334.69 334.69 334.69 334.69 331.57 331.57 330.39 330.39 335.69 342.31 342.31 342.31
 342.31 342.31 342.31 342.31 342.31 342.31 342.31 337.23 334.69 334.69 334.69 334.69 334.69 334.69 334.69 331.57 331.57 331.57 330.39 330.39 334.36 342.31 342.31 342.31
 342.31 342.31 342.31 342.31 342.31 342.31 342.31 328.64 328.64 328.64 328.64 328.64 328.64 328.64 329.62 331.57 331.57 331.57 330.39 330.39 330.39 336.35 342.31 342.31
 342.31 342.31 342.31 342.31 342.31 337.73 328.61 328.64 328.64 328.64 328.64 328.64 328.64 328.64 328.64 330.59 331.57 330.39 330.39 330.39 330.39 330.39 338.34 342.31
 342.31 342.31 342.31 337.73 328.58 328.58 328.58 329.85 330.26 330.24 330.19 330.08 329.88 329.46 329.46 329.46 331.57 330.39 330.39 330.39 330.39 330.39 337.01 342.31
 342.31 337.73 328.58 328.58 328.58 328.58 328.58 329.44 330.29 330.29 330.29 330.29 330.29 329.88 329.67 329.56 331.57 330.39 330.39 330.39 330.39 329.79 328.58 335.44
 328.58 328.58 328.58 328.58 328.58 328.58 328.58 328.58 328.54 328.53 328.53 328.53 330.29 330.08 329.88 329.34 330.07 329.79 330.39 329.79 328.58 328.58 328.58 328.58
 328.58 328.58 328.58 328.58 328.58 328.58 328.58 328.58 328.55 328.53 328.53 328.53 328.53 328.53 328.55 328.58 328.58 328.58 328.58 328.58 328.58 328.58 328.58 328.58
 328.58 328.58 328.58 328.58 328.58 328.58 328.58 328.58 328.58 328.58 328.55 328.53 328.55 328.58 328.58 328.58 328.58 328.58 328.58 328.58 328.58 328.58 328.58 328.58
 328.58 328.58 328.58 328.58 328.58 328.58 328.58 328.58 328.58 328.58 328.58 328.58 328.58 328.58 328.58 328.58 328.58 328.58 328.58 328.58 328.58 328.58 328.58 328.58
 328.58 328.58 328.58 328.58 328.58 328.58 328.58 328.58 328.58 328.58 328.58 328.58 328.58 328.58 328.58 328.58 328.58 328.58 328.58 328.58 328.58 328.58 328.58 328.58
