1979 MONTHLY CO2 (PPMV)   24  12  LON/LAT (N-S/0-360E) IN 15 DEGREE RESOLUTION,  GLB ANNUAL MEAN = 336.89,  GROWTH RATE = 1.29,  MISS DATA = -99.99
 343.77 343.77 343.77 343.77 343.77 343.77 343.77 343.77 343.77 343.77 343.77 343.77 343.77 343.77 343.77 343.77 343.77 343.77 343.77 343.77 343.77 343.77 343.77 343.77
 350.04 350.04 350.04 350.04 350.04 350.04 346.77 340.25 340.25 340.25 340.25 340.25 340.25 340.25 340.25 340.25 338.36 338.36 339.01 342.17 342.17 342.17 350.04 350.04
 350.04 350.04 350.04 350.04 350.04 350.04 350.04 340.04 340.04 340.04 340.04 340.04 340.04 340.04 340.04 338.92 338.36 338.36 339.01 342.17 342.17 342.17 350.04 350.04
 350.04 350.04 350.04 350.04 350.04 350.04 350.04 337.47 337.64 337.90 338.22 338.22 338.22 338.22 338.25 338.36 338.36 338.36 339.01 342.17 342.17 342.17 342.17 350.04
 350.04 350.04 350.04 350.04 350.04 344.75 334.61 334.74 334.97 335.45 336.39 336.39 336.39 336.39 336.39 337.70 338.36 339.01 339.01 339.01 342.17 342.17 342.17 350.04
 350.04 350.04 350.04 344.75 334.17 334.17 334.48 334.50 334.50 334.50 334.92 335.10 335.46 336.18 336.18 336.18 338.36 339.01 339.01 339.01 342.17 342.17 342.17 350.04
 350.04 344.75 334.17 334.17 334.17 334.17 334.46 334.50 334.50 334.50 334.74 334.74 334.74 335.46 335.82 336.00 338.36 339.01 339.01 339.01 342.17 342.17 339.50 342.10
 334.17 334.17 334.17 334.17 334.17 334.17 334.42 334.50 334.50 334.50 334.05 333.60 334.74 335.10 335.46 335.21 336.26 337.40 339.01 334.46 337.02 334.17 334.17 334.17
 334.17 334.17 334.17 334.17 334.17 334.17 334.33 334.50 334.50 334.50 334.05 333.60 333.60 333.60 333.88 334.17 334.17 334.17 334.42 334.46 334.42 334.17 334.17 334.17
 334.17 334.17 334.17 334.17 334.17 334.17 334.17 334.17 334.39 334.50 334.08 333.60 333.79 334.17 334.17 334.17 334.17 334.17 334.39 334.46 334.39 334.17 334.17 334.17
 334.17 334.17 334.17 334.17 334.17 334.17 334.17 334.17 334.17 334.17 334.17 334.17 334.17 334.17 334.17 334.17 334.17 334.17 334.31 334.46 334.31 334.17 334.17 334.17
 334.17 334.17 334.17 334.17 334.17 334.17 334.17 334.17 334.17 334.17 334.17 334.17 334.17 334.17 334.17 334.17 334.17 334.17 334.17 334.17 334.17 334.17 334.17 334.17
 339.95 339.95 339.95 339.95 339.95 339.95 339.95 339.95 339.95 339.95 339.95 339.95 339.95 339.95 339.95 339.95 339.95 339.95 339.95 339.95 339.95 339.95 339.95 339.95
 345.63 339.95 339.95 339.95 339.95 339.95 339.95 339.95 339.95 339.95 339.95 339.95 340.62 341.28 340.62 339.95 339.95 339.95 339.95 339.95 339.95 339.95 339.95 339.95
 351.32 351.32 345.63 339.95 339.95 339.95 339.95 339.95 339.95 339.95 339.95 340.39 340.83 340.83 340.83 339.82 339.25 339.48 340.01 340.02 340.06 340.02 345.63 351.32
 351.32 351.32 348.47 339.95 339.95 339.95 339.95 339.95 339.95 339.95 339.95 338.90 339.04 339.04 339.09 339.25 339.25 339.25 340.08 340.06 340.06 340.06 340.06 351.32
 351.32 351.32 349.89 339.95 339.95 339.95 339.95 339.95 339.95 337.30 337.25 337.25 337.25 337.25 337.25 338.58 339.25 340.08 340.08 340.08 340.06 340.06 340.06 351.32
 351.32 351.32 350.60 339.95 339.95 339.95 339.95 336.45 334.70 334.70 335.95 336.10 336.40 337.01 337.01 337.01 339.25 340.08 340.08 340.08 340.06 340.06 340.06 351.32
 351.32 345.53 333.95 333.95 333.95 333.95 334.61 334.70 334.70 334.70 335.79 335.79 335.79 336.40 336.71 336.86 339.25 340.08 340.08 340.08 340.06 340.06 338.03 342.63
 333.95 333.95 333.95 333.95 333.95 333.95 334.51 334.70 334.70 334.70 334.23 333.76 335.79 336.10 336.40 335.74 336.60 338.04 340.08 334.08 336.07 333.95 333.95 333.95
 333.95 333.95 333.95 333.95 333.95 333.95 334.33 334.70 334.70 334.70 334.23 333.76 333.76 333.76 333.86 333.95 333.95 333.95 334.06 334.08 334.06 333.95 333.95 333.95
 333.95 333.95 333.95 333.95 333.95 333.95 333.95 333.95 334.45 334.70 334.16 333.76 333.82 333.95 333.95 333.95 333.95 333.95 334.05 334.08 334.05 333.95 333.95 333.95
 333.95 333.95 333.95 333.95 333.95 333.95 333.95 333.95 333.95 333.95 333.95 333.95 333.95 333.95 333.95 333.95 333.95 333.95 334.02 334.08 334.02 333.95 333.95 333.95
 333.95 333.95 333.95 333.95 333.95 333.95 333.95 333.95 333.95 333.95 333.95 333.95 333.95 333.95 333.95 333.95 333.95 333.95 333.95 333.95 333.95 333.95 333.95 333.95
 342.42 342.42 342.42 342.42 342.42 342.42 342.42 342.42 342.42 342.42 342.42 342.42 342.42 342.42 342.42 342.42 342.42 342.42 342.42 342.42 342.42 342.42 342.42 342.42
 343.26 342.42 342.42 342.42 342.42 342.42 342.42 342.42 342.42 342.42 342.42 342.42 342.51 342.60 342.51 342.42 342.42 342.42 342.42 342.42 342.42 342.42 342.42 342.42
 344.10 344.10 343.26 342.42 342.42 342.42 342.42 342.42 342.42 342.42 342.42 342.05 341.67 341.67 341.67 341.27 340.50 341.14 341.76 341.24 341.09 341.53 342.64 342.85
 341.60 341.60 341.60 342.01 342.42 342.42 342.42 342.42 340.35 339.31 340.35 340.23 340.10 340.10 340.20 340.50 340.50 340.50 341.10 340.22 341.09 341.09 341.35 341.60
 341.60 341.60 341.60 341.81 342.42 342.42 340.35 339.31 339.31 339.31 339.31 338.54 338.54 338.54 338.54 339.84 340.50 341.10 341.10 339.35 340.22 340.65 341.20 341.60
 341.60 341.60 341.60 341.70 340.87 339.31 339.31 339.31 339.31 339.31 339.31 337.24 336.58 337.32 337.32 337.32 340.50 341.10 341.10 339.35 339.79 340.22 341.01 341.60
 341.60 341.60 338.98 333.74 333.74 337.45 339.31 339.31 339.31 339.31 338.15 335.83 335.83 336.58 336.95 337.13 340.50 341.10 341.10 339.35 339.57 339.89 339.06 341.60
 337.67 333.74 333.74 333.74 333.74 333.74 334.53 334.80 334.80 334.80 334.22 333.63 335.83 336.20 336.58 335.81 337.12 338.65 341.10 336.63 336.70 333.74 333.74 333.74
 333.74 333.74 333.74 333.74 333.74 333.74 334.27 334.80 334.80 334.80 334.22 333.63 333.63 333.63 333.68 333.74 333.74 333.74 333.89 333.91 333.89 333.74 333.74 333.74
 333.74 333.74 333.74 333.74 333.74 333.74 333.74 333.74 334.45 334.80 334.10 333.63 333.67 333.74 333.74 333.74 333.74 333.74 333.87 333.91 333.87 333.74 333.74 333.74
 333.74 333.74 333.74 333.74 333.74 333.74 333.74 333.74 333.74 333.74 333.74 333.74 333.74 333.74 333.74 333.74 333.74 333.74 333.82 333.91 333.82 333.74 333.74 333.74
 333.73 333.73 333.73 333.73 333.73 333.73 333.73 333.73 333.73 333.73 333.73 333.73 333.73 333.73 333.73 333.73 333.73 333.73 333.73 333.73 333.73 333.73 333.73 333.73
 341.65 341.65 341.65 341.65 341.65 341.65 341.65 341.65 341.65 341.65 341.65 341.65 341.65 341.65 341.65 341.65 341.65 341.65 341.65 341.65 341.65 341.65 341.65 341.65
 342.76 341.65 341.65 341.65 341.65 341.65 341.65 341.65 341.65 341.65 341.65 341.65 342.02 342.40 342.02 341.65 341.65 341.65 341.65 341.65 341.65 341.65 341.65 341.65
 343.88 343.88 342.76 341.65 341.65 341.65 341.65 341.65 341.65 341.65 341.65 342.28 342.91 342.91 342.91 341.61 340.94 341.18 341.85 341.15 341.65 341.65 342.52 343.39
 342.90 342.90 342.90 342.27 341.65 341.65 341.65 341.65 340.42 339.81 340.42 340.90 341.11 341.11 341.07 340.94 340.94 340.94 342.04 340.66 340.66 341.47 342.90 342.90
 342.90 342.90 342.90 342.59 341.65 341.65 340.42 339.81 339.81 339.81 339.81 339.31 339.31 339.31 339.31 340.40 340.94 342.04 342.04 340.66 340.66 340.66 342.15 342.90
 342.90 342.90 342.90 342.74 340.73 339.81 339.81 339.81 339.81 339.81 339.81 337.71 337.23 338.38 338.38 338.38 340.94 342.04 342.04 340.66 340.66 340.66 341.90 342.90
 342.90 342.90 339.93 334.00 334.00 337.87 339.81 339.81 339.81 339.81 338.57 336.08 336.08 337.23 337.81 338.09 340.94 342.04 342.04 340.66 340.66 340.66 339.87 342.90
 338.45 334.00 334.00 334.00 334.00 334.00 334.45 334.60 334.60 334.60 334.34 334.07 336.08 336.66 337.23 336.44 337.47 339.36 342.04 337.31 337.31 334.00 334.00 334.00
 334.00 334.00 334.00 334.00 334.00 334.00 334.30 334.60 334.60 334.60 334.34 334.07 334.07 334.07 334.03 334.00 334.00 334.00 333.96 333.95 333.96 334.00 334.00 334.00
 334.00 334.00 334.00 334.00 334.00 334.00 334.00 334.00 334.40 334.60 334.25 334.07 334.05 334.00 334.00 334.00 334.00 334.00 333.96 333.95 333.96 334.00 334.00 334.00
 334.00 334.00 334.00 334.00 334.00 334.00 334.00 334.00 334.00 334.00 334.00 334.00 334.00 334.00 334.00 334.00 334.00 334.00 333.98 333.95 333.98 334.00 334.00 334.00
 334.00 334.00 334.00 334.00 334.00 334.00 334.00 334.00 334.00 334.00 334.00 334.00 334.00 334.00 334.00 334.00 334.00 334.00 334.00 334.00 334.00 334.00 334.00 334.00
 343.52 343.52 343.52 343.52 343.52 343.52 343.52 343.52 343.52 343.52 343.52 343.52 343.52 343.52 343.52 343.52 343.52 343.52 343.52 343.52 343.52 343.52 343.52 343.52
 342.13 343.52 343.52 343.52 343.52 343.52 343.52 343.52 343.52 343.52 343.52 343.52 343.34 343.16 343.34 343.52 343.52 343.52 343.52 343.52 343.52 343.52 343.52 343.52
 340.73 340.73 342.13 343.52 343.52 343.52 343.52 343.52 343.52 343.52 343.52 343.06 342.60 342.60 342.60 341.78 340.51 341.51 342.45 341.63 340.71 341.65 341.44 339.37
 338.00 338.00 338.00 340.76 343.52 343.52 343.52 343.52 341.21 340.06 341.21 341.27 341.12 341.12 340.97 340.51 340.51 340.51 341.39 340.65 340.71 340.71 339.36 338.00
 338.00 338.00 338.00 339.38 343.52 343.52 341.21 340.06 340.06 340.06 340.06 339.64 339.64 339.64 339.64 340.22 340.51 341.39 341.39 340.60 340.65 340.68 339.35 338.00
 338.00 338.00 338.00 338.69 341.79 340.06 340.06 340.06 340.06 340.06 340.06 337.74 337.37 338.97 338.97 338.97 340.51 341.39 341.39 340.60 340.63 340.65 339.33 338.00
 338.00 338.00 336.76 334.28 334.28 338.13 340.06 340.06 340.06 340.06 338.63 335.77 335.77 337.37 338.17 338.57 340.51 341.39 341.39 340.60 340.61 340.63 338.06 338.00
 336.14 334.28 334.28 334.28 334.28 334.28 334.60 334.70 334.70 334.70 334.61 334.52 335.77 336.57 337.37 336.74 337.39 339.02 341.39 337.42 337.43 334.28 334.28 334.28
 334.28 334.28 334.28 334.28 334.28 334.28 334.49 334.70 334.70 334.70 334.61 334.52 334.52 334.52 334.40 334.28 334.28 334.28 334.25 334.24 334.25 334.28 334.28 334.28
 334.28 334.28 334.28 334.28 334.28 334.28 334.28 334.28 334.56 334.70 334.53 334.52 334.44 334.28 334.28 334.28 334.28 334.28 334.25 334.24 334.25 334.28 334.28 334.28
 334.28 334.28 334.28 334.28 334.28 334.28 334.28 334.28 334.28 334.28 334.28 334.28 334.28 334.28 334.28 334.28 334.28 334.28 334.26 334.24 334.26 334.28 334.28 334.28
 334.28 334.28 334.28 334.28 334.28 334.28 334.28 334.28 334.28 334.28 334.28 334.28 334.28 334.28 334.28 334.28 334.28 334.28 334.28 334.28 334.28 334.28 334.28 334.28
 340.59 340.59 340.59 340.59 340.59 340.59 340.59 340.59 340.59 340.59 340.59 340.59 340.59 340.59 340.59 340.59 340.59 340.59 340.59 340.59 340.59 340.59 340.59 340.59
 337.85 340.59 340.59 340.59 340.59 340.59 340.59 340.59 340.59 340.59 340.59 340.59 341.32 342.04 341.32 341.17 340.59 340.59 340.59 340.59 340.59 340.59 340.59 340.59
 335.11 335.11 337.85 340.59 340.59 340.59 340.59 340.59 340.59 340.59 340.59 339.63 338.68 338.68 340.22 341.75 339.96 339.57 340.05 339.48 338.96 339.50 338.32 336.06
 337.00 337.00 337.00 338.79 340.59 340.59 340.59 340.59 340.02 339.74 340.02 339.41 339.09 339.09 339.69 339.96 338.17 338.17 339.52 338.88 338.96 338.96 337.98 337.00
 337.00 337.00 337.00 337.90 340.59 340.59 340.02 339.74 339.74 339.74 339.74 339.50 339.50 339.50 339.50 339.21 338.17 339.52 339.52 338.81 338.88 338.92 337.97 337.00
 337.00 337.00 337.00 337.45 340.16 339.74 339.74 339.74 339.74 339.74 339.74 337.51 336.89 337.87 337.87 337.87 338.17 339.52 339.52 338.81 338.85 338.88 337.95 337.00
 337.00 337.00 336.16 334.49 334.49 337.99 339.74 339.74 339.74 339.74 338.46 335.90 335.90 336.89 337.38 337.62 338.17 339.52 339.52 338.81 338.83 338.86 337.07 337.00
 335.75 334.49 334.49 334.49 334.49 334.49 334.95 335.10 335.10 335.10 334.93 334.75 335.90 336.40 336.89 336.33 336.33 337.84 339.52 336.67 336.67 334.49 334.49 334.49
 334.49 334.49 334.49 334.49 334.49 334.49 334.80 335.10 335.10 335.10 334.93 334.75 334.75 334.75 334.62 334.49 334.49 334.49 334.52 334.53 334.52 334.49 334.49 334.49
 334.49 334.49 334.49 334.49 334.49 334.49 334.49 334.49 334.90 335.10 334.82 334.75 334.66 334.49 334.49 334.49 334.49 334.49 334.52 334.53 334.52 334.49 334.49 334.49
 334.49 334.49 334.49 334.49 334.49 334.49 334.49 334.49 334.49 334.49 334.49 334.49 334.49 334.49 334.49 334.49 334.49 334.49 334.51 334.53 334.51 334.49 334.49 334.49
 334.49 334.49 334.49 334.49 334.49 334.49 334.49 334.49 334.49 334.49 334.49 334.49 334.49 334.49 334.49 334.49 334.49 334.49 334.49 334.49 334.49 334.49 334.49 334.49
 334.35 334.35 334.35 334.35 334.35 334.35 334.35 334.35 334.35 334.35 334.35 334.35 334.35 334.35 334.35 334.35 334.35 334.35 334.35 334.35 334.35 334.35 334.35 334.35
 333.38 334.35 334.35 334.35 334.35 334.35 334.35 334.35 334.35 334.35 334.35 334.35 334.14 333.94 334.14 335.24 334.35 334.35 334.35 334.35 334.35 334.35 334.35 334.35
 332.41 332.41 333.38 334.35 334.35 334.35 334.35 334.35 334.35 334.35 334.35 333.43 332.50 332.50 334.31 336.12 335.27 334.69 336.04 332.37 330.29 331.64 333.55 332.76
 333.10 333.10 333.10 333.73 334.35 334.35 334.35 334.35 337.10 338.47 337.10 335.29 334.98 334.98 335.51 335.27 334.43 334.43 337.72 332.48 330.29 330.29 331.70 333.10
 333.10 333.10 333.10 333.41 334.35 334.35 337.10 338.47 338.47 338.47 338.47 337.46 337.46 337.46 337.46 335.72 334.43 337.72 337.72 334.66 332.48 331.38 332.06 333.10
 333.10 333.10 333.10 333.26 336.41 338.47 338.47 338.47 338.47 338.47 338.47 337.08 336.78 337.57 337.57 337.57 334.43 337.72 337.72 334.66 333.57 332.48 332.54 333.10
 333.10 333.10 333.75 335.03 335.03 337.33 338.47 338.47 338.47 338.47 337.65 336.00 336.00 336.78 337.18 337.37 334.43 337.72 337.72 334.66 334.11 333.29 333.49 333.10
 334.07 335.03 335.03 335.03 335.03 335.03 335.53 335.70 335.70 335.70 335.52 335.34 336.00 336.39 336.78 336.40 334.73 336.83 337.72 334.77 334.60 335.03 335.03 335.03
 335.03 335.03 335.03 335.03 335.03 335.03 335.37 335.70 335.70 335.70 335.52 335.34 335.34 335.34 335.19 335.03 335.03 335.03 334.91 334.89 334.91 335.03 335.03 335.03
 335.03 335.03 335.03 335.03 335.03 335.03 335.03 335.03 335.48 335.70 335.40 335.34 335.23 335.03 335.03 335.03 335.03 335.03 334.93 334.89 334.93 335.03 335.03 335.03
 335.03 335.03 335.03 335.03 335.03 335.03 335.03 335.03 335.03 335.03 335.03 335.03 335.03 335.03 335.03 335.03 335.03 335.03 334.96 334.89 334.96 335.03 335.03 335.03
 335.03 335.03 335.03 335.03 335.03 335.03 335.03 335.03 335.03 335.03 335.03 335.03 335.03 335.03 335.03 335.03 335.03 335.03 335.03 335.03 335.03 335.03 335.03 335.03
 329.50 329.50 329.50 329.50 329.50 329.50 329.50 329.50 329.50 329.50 329.50 329.50 329.50 329.50 329.50 329.50 329.50 329.50 329.50 329.50 329.50 329.50 329.50 329.50
 331.15 329.50 329.50 329.50 329.50 329.50 329.50 329.50 329.50 329.50 329.50 329.50 328.54 327.58 328.54 328.65 329.50 329.50 329.50 329.50 329.50 329.50 329.50 329.50
 332.81 332.81 331.15 329.50 329.50 329.50 329.50 329.50 329.50 329.50 329.50 328.73 327.96 327.96 327.88 327.81 330.43 331.00 332.56 330.35 330.20 329.97 330.28 331.06
 329.30 329.30 329.30 329.40 329.50 329.50 329.50 329.50 334.48 336.97 334.48 331.93 331.67 331.67 331.34 330.43 333.06 333.06 335.62 331.34 330.20 330.20 329.75 329.30
 329.30 329.30 329.30 329.35 329.50 329.50 334.48 336.97 336.97 336.97 336.97 335.38 335.38 335.38 335.38 332.96 333.06 335.62 335.62 332.47 331.34 330.77 332.49 332.01
 334.72 333.82 333.52 333.43 333.24 336.97 336.97 336.97 336.97 336.97 336.97 336.48 336.45 336.88 336.88 336.88 333.06 335.62 335.62 332.47 331.90 334.38 337.43 337.43
 337.43 337.43 337.43 337.43 336.52 336.52 336.97 336.97 336.97 336.97 336.66 336.03 336.03 336.45 336.67 336.77 333.06 335.62 335.62 332.47 333.93 337.43 337.43 337.43
 337.43 337.43 336.83 335.62 335.62 335.62 335.83 335.90 335.90 335.90 335.86 335.82 336.03 336.24 336.45 336.28 334.34 335.62 335.62 334.09 335.29 337.43 337.43 337.43
 336.83 335.62 335.62 335.62 335.62 335.62 335.76 335.90 335.90 335.90 335.86 335.82 335.82 335.82 335.72 335.62 335.62 335.62 335.70 335.71 335.70 335.62 336.83 337.43
 335.62 335.62 335.62 335.62 335.62 335.62 335.62 335.62 335.81 335.90 335.80 335.82 335.76 335.62 335.62 335.62 335.62 335.62 335.69 335.71 335.69 335.62 335.62 335.62
 335.62 335.62 335.62 335.62 335.62 335.62 335.62 335.62 335.62 335.62 335.62 335.62 335.62 335.62 335.62 335.62 335.62 335.62 335.66 335.71 335.66 335.62 335.62 335.62
 335.61 335.61 335.61 335.61 335.61 335.61 335.61 335.61 335.61 335.61 335.61 335.61 335.61 335.61 335.61 335.61 335.61 335.61 335.61 335.61 335.61 335.61 335.61 335.61
 331.70 331.70 331.70 331.70 331.70 331.70 331.70 331.70 331.70 331.70 331.70 331.70 331.70 331.70 331.70 331.70 331.70 331.70 331.70 331.70 331.70 331.70 331.70 331.70
 333.87 333.87 333.87 333.87 333.87 333.87 334.48 334.67 333.92 332.43 329.43 329.43 329.43 329.43 329.43 330.63 331.12 331.62 334.54 329.17 328.57 328.57 332.30 332.82
 333.87 333.87 333.87 333.87 333.87 333.87 334.90 335.42 335.42 335.42 331.11 331.11 331.11 331.11 330.87 330.63 331.62 332.11 334.54 329.76 328.57 328.57 331.78 331.78
 329.70 329.70 329.70 329.70 329.70 329.70 335.42 335.42 335.42 335.42 335.42 332.41 332.41 332.41 332.15 331.62 332.60 332.60 334.54 330.95 328.57 328.57 329.13 329.70
 329.70 329.70 329.70 329.70 329.70 335.42 335.42 335.42 335.42 335.42 335.42 333.71 333.71 333.71 333.71 332.64 332.60 334.54 334.54 333.34 330.95 329.76 332.11 332.24
 334.77 333.93 333.65 333.55 335.42 335.42 335.42 335.42 335.42 335.42 335.42 335.99 336.30 336.35 336.35 336.35 332.60 334.54 334.54 333.34 332.15 334.13 337.31 337.31
 337.31 337.31 337.31 337.31 336.52 335.52 335.42 335.42 335.42 335.42 335.69 336.24 336.24 336.30 336.32 336.34 332.60 334.54 334.54 333.34 334.27 337.31 337.31 337.31
 337.31 337.31 336.78 335.73 335.73 335.73 336.08 336.20 336.20 336.20 336.10 336.00 336.24 336.27 336.30 336.12 334.17 334.94 334.54 334.98 335.77 337.31 337.31 337.31
 336.78 335.73 335.73 335.73 335.73 335.73 335.97 336.20 336.20 336.20 336.10 336.00 336.00 336.00 335.86 335.73 335.73 335.73 336.51 336.62 336.51 335.73 336.78 337.31
 335.73 335.73 335.73 335.73 335.73 335.73 335.73 335.73 336.04 336.20 336.01 336.00 335.91 335.73 335.73 335.73 335.73 335.73 336.40 336.62 336.40 335.73 335.73 335.73
 335.73 335.73 335.73 335.73 335.73 335.73 335.73 335.73 335.73 335.73 335.73 335.73 335.73 335.73 335.73 335.73 335.73 335.73 336.18 336.62 336.18 335.73 335.73 335.73
 335.73 335.73 335.73 335.73 335.73 335.73 335.73 335.73 335.73 335.73 335.73 335.73 335.73 335.73 335.73 335.73 335.73 335.73 335.73 335.73 335.73 335.73 335.73 335.73
 334.15 334.15 334.15 334.15 334.15 334.15 334.15 334.15 334.15 334.15 334.15 334.15 334.15 334.15 334.15 334.15 334.15 334.15 334.15 334.15 334.15 334.15 334.15 334.15
 337.95 334.15 334.15 334.15 334.15 334.15 334.15 334.15 334.15 334.15 334.15 334.15 333.90 333.66 333.90 334.45 334.15 334.15 334.15 334.15 334.15 334.15 334.15 334.15
 341.74 341.74 337.95 334.15 334.15 334.15 334.15 334.15 334.15 334.15 334.15 335.46 336.77 336.77 335.76 334.75 334.38 334.18 334.94 334.45 334.15 334.15 335.94 337.72
 333.70 333.70 333.70 333.92 334.15 334.15 334.15 334.15 334.42 334.56 334.42 335.09 335.52 335.52 334.98 334.38 334.01 334.01 335.74 334.75 334.75 334.34 333.70 333.70
 333.70 333.70 333.70 333.81 334.15 334.15 334.42 334.56 334.56 334.56 334.56 334.28 334.28 334.28 334.28 334.22 334.01 335.74 335.74 334.75 334.75 334.75 335.15 334.89
 336.07 335.68 335.55 335.54 334.36 334.56 334.56 334.56 334.56 334.56 334.56 335.89 336.47 336.30 336.30 336.30 334.01 335.74 335.74 334.75 334.75 336.00 337.26 337.26
 337.26 337.26 337.26 337.26 336.53 334.97 334.56 334.56 334.56 334.56 335.25 336.64 336.64 336.47 336.39 336.34 334.01 335.74 335.74 334.75 335.59 337.26 337.26 337.26
 337.26 337.26 336.77 335.79 335.79 335.79 335.79 334.97 334.56 334.56 335.76 335.76 336.64 336.56 336.47 336.20 334.90 335.76 335.74 335.90 336.41 337.26 337.26 337.26
 336.77 335.79 335.79 335.79 335.79 335.79 335.79 335.79 335.78 335.76 335.76 335.76 335.76 335.76 335.78 335.79 335.79 335.79 336.90 337.06 336.90 335.79 336.77 337.26
 335.79 335.79 335.79 335.79 335.79 335.79 335.79 335.79 335.79 335.79 335.77 335.76 335.77 335.79 335.79 335.79 335.79 335.79 336.74 337.06 336.74 335.79 335.79 335.79
 335.79 335.79 335.79 335.79 335.79 335.79 335.79 335.79 335.79 335.79 335.79 335.79 335.79 335.79 335.79 335.79 335.79 335.79 336.43 337.06 336.43 335.79 335.79 335.79
 335.80 335.80 335.80 335.80 335.80 335.80 335.80 335.80 335.80 335.80 335.80 335.80 335.80 335.80 335.80 335.80 335.80 335.80 335.80 335.80 335.80 335.80 335.80 335.80
 336.09 336.09 336.09 336.09 336.09 336.09 336.09 336.09 336.09 336.09 336.09 336.09 336.09 336.09 336.09 336.09 336.09 336.09 336.09 336.09 336.09 336.09 336.09 336.09
 340.46 336.09 336.09 336.09 336.09 336.09 336.09 336.09 336.09 336.09 336.09 336.09 336.88 337.67 336.88 336.09 336.09 336.09 336.09 336.09 336.09 336.09 336.09 336.09
 344.84 344.84 340.46 336.09 336.09 336.09 336.09 336.09 336.09 336.09 336.09 337.57 339.05 339.05 339.05 336.69 335.82 335.91 336.88 336.16 336.09 336.09 338.13 340.17
 335.50 335.50 335.50 335.79 336.09 336.09 336.09 336.09 335.93 335.85 335.93 336.91 337.40 337.40 337.01 335.82 335.82 335.82 337.68 336.24 336.24 336.02 335.50 335.50
 335.50 335.50 335.50 335.65 336.09 336.09 335.93 335.85 335.85 335.85 335.85 335.76 335.76 335.76 335.76 335.80 335.82 337.68 337.68 336.24 336.24 336.24 336.46 336.28
 337.06 336.80 336.71 336.73 335.97 335.85 335.85 335.85 335.85 335.85 335.85 336.44 336.75 336.77 336.77 336.77 335.82 337.68 337.68 336.24 336.24 337.04 337.84 337.84
 337.84 337.84 337.84 337.84 336.92 335.90 335.85 335.85 335.85 335.85 336.14 336.73 336.73 336.75 336.76 336.76 335.82 337.68 337.68 336.24 336.77 337.84 337.84 337.84
 337.84 337.84 337.23 336.01 336.01 336.01 336.15 336.20 336.20 336.20 335.54 334.88 336.73 336.74 336.75 336.51 335.91 337.12 337.68 336.49 336.94 337.84 337.84 337.84
 337.23 336.01 336.01 336.01 336.01 336.01 336.11 336.20 336.20 336.20 335.54 334.88 334.88 334.88 335.44 336.01 336.01 336.01 336.65 336.74 336.65 336.01 337.23 337.84
 336.01 336.01 336.01 336.01 336.01 336.01 336.01 336.01 336.14 336.20 335.66 334.88 335.26 336.01 336.01 336.01 336.01 336.01 336.56 336.74 336.56 336.01 336.01 336.01
 336.01 336.01 336.01 336.01 336.01 336.01 336.01 336.01 336.01 336.01 336.01 336.01 336.01 336.01 336.01 336.01 336.01 336.01 336.38 336.74 336.38 336.01 336.01 336.01
 336.01 336.01 336.01 336.01 336.01 336.01 336.01 336.01 336.01 336.01 336.01 336.01 336.01 336.01 336.01 336.01 336.01 336.01 336.01 336.01 336.01 336.01 336.01 336.01
 341.42 341.42 341.42 341.42 341.42 341.42 341.42 341.42 341.42 341.42 341.42 341.42 341.42 341.42 341.42 341.42 341.42 341.42 341.42 341.42 341.42 341.42 341.42 341.42
 344.93 344.93 344.93 344.93 344.93 344.93 341.18 338.32 338.66 339.35 340.73 340.73 340.73 340.73 340.73 340.18 339.33 338.48 339.19 339.65 339.94 339.60 339.26 343.10
 344.93 344.93 344.93 344.93 344.93 344.93 340.29 337.97 337.97 337.97 339.75 339.75 339.75 339.75 339.97 340.18 338.48 337.63 339.19 339.37 339.94 339.60 339.26 341.26
 337.60 337.60 337.60 337.60 337.60 337.60 337.97 337.97 337.97 337.97 337.97 338.43 338.43 338.43 338.50 338.48 336.78 336.78 339.19 338.80 339.94 339.60 339.26 338.01
 337.60 337.60 337.60 337.60 337.60 337.97 337.97 337.97 337.97 337.97 337.97 337.12 337.12 337.12 337.12 337.46 336.78 339.19 339.19 337.66 338.80 339.22 339.26 338.11
 338.13 338.04 338.01 338.00 337.97 337.97 337.97 337.97 337.97 337.97 337.97 337.27 337.07 337.39 337.39 337.39 336.78 339.19 339.19 337.66 338.23 338.63 338.69 338.40
 338.40 338.40 338.40 338.40 337.16 337.29 337.97 337.97 337.97 337.97 337.57 336.76 336.76 337.07 337.23 337.31 336.78 339.19 339.19 337.66 338.10 338.40 338.40 338.40
 338.40 338.40 337.57 335.92 335.92 335.92 335.83 335.80 335.80 335.80 335.69 335.58 336.76 336.92 337.07 336.77 336.35 338.10 339.19 336.85 337.34 338.40 338.40 338.40
 337.57 335.92 335.92 335.92 335.92 335.92 335.86 335.80 335.80 335.80 335.69 335.58 335.58 335.58 335.75 335.92 335.92 335.92 336.02 336.04 336.02 335.92 337.57 338.40
 335.92 335.92 335.92 335.92 335.92 335.92 335.92 335.92 335.84 335.80 335.75 335.58 335.69 335.92 335.92 335.92 335.92 335.92 336.01 336.04 336.01 335.92 335.92 335.92
 335.92 335.92 335.92 335.92 335.92 335.92 335.92 335.92 335.92 335.92 335.92 335.92 335.92 335.92 335.92 335.92 335.92 335.92 335.98 336.04 335.98 335.92 335.92 335.92
 335.92 335.92 335.92 335.92 335.92 335.92 335.92 335.92 335.92 335.92 335.92 335.92 335.92 335.92 335.92 335.92 335.92 335.92 335.92 335.92 335.92 335.92 335.92 335.92
