1956 MONTHLY CO2 (PPMV)   24  12  LON/LAT (N-S/0-360E) IN 15 DEGREE RESOLUTION,  GLB ANNUAL MEAN = 313.87,  GROWTH RATE = 0.00,  MISS DATA = -99.99
 314.43 314.43 314.43 314.43 314.43 314.43 314.43 314.43 314.43 314.43 314.43 314.43 314.43 314.43 314.43 314.43 314.43 314.43 314.43 314.43 314.43 314.43 314.43 314.43
 314.43 314.43 314.43 314.43 314.43 314.43 314.43 314.43 314.43 314.43 314.43 314.43 314.43 314.43 314.43 314.43 314.43 314.43 314.43 314.43 314.43 314.43 314.43 314.43
 314.43 314.43 314.43 314.43 314.43 314.43 314.43 314.43 314.43 314.43 314.43 314.43 314.43 314.43 314.43 314.43 314.43 314.43 314.43 314.43 314.43 314.43 314.43 314.43
 314.43 314.43 314.43 314.43 314.43 314.43 314.43 314.43 314.43 314.43 314.43 314.43 314.43 314.43 314.43 314.43 314.43 314.43 314.43 314.43 314.43 314.43 314.43 314.43
 314.43 314.43 314.43 314.43 314.43 314.43 314.43 314.43 314.43 314.43 314.43 314.43 314.43 314.43 314.43 314.43 314.43 314.43 314.43 314.43 314.43 314.43 314.43 314.43
 314.43 314.43 314.43 314.43 314.43 314.43 314.43 314.43 314.43 314.43 314.43 314.43 314.43 314.43 314.43 314.43 314.43 314.43 314.43 314.43 314.43 314.43 314.43 314.43
 314.43 314.43 314.43 314.43 314.43 314.43 314.43 314.43 314.43 314.43 314.43 314.43 314.43 314.43 314.43 314.43 314.43 314.43 314.43 314.43 314.43 314.43 314.43 314.43
 314.43 314.43 314.43 314.43 314.43 314.43 314.43 314.43 314.43 314.43 314.43 314.43 314.43 314.43 314.43 314.43 314.43 314.43 314.43 314.43 314.43 314.43 314.43 314.43
 314.43 314.43 314.43 314.43 314.43 314.43 314.43 314.43 314.43 314.43 314.43 314.43 314.43 314.43 314.43 314.43 314.43 314.43 314.43 314.43 314.43 314.43 314.43 314.43
 314.43 314.43 314.43 314.43 314.43 314.43 314.43 314.43 314.43 314.43 314.43 314.43 314.43 314.43 314.43 314.43 314.43 314.43 314.43 314.43 314.43 314.43 314.43 314.43
 314.43 314.43 314.43 314.43 314.43 314.43 314.43 314.43 314.43 314.43 314.43 314.43 314.43 314.43 314.43 314.43 314.43 314.43 314.43 314.43 314.43 314.43 314.43 314.43
 314.43 314.43 314.43 314.43 314.43 314.43 314.43 314.43 314.43 314.43 314.43 314.43 314.43 314.43 314.43 314.43 314.43 314.43 314.43 314.43 314.43 314.43 314.43 314.43
 314.43 314.43 314.43 314.43 314.43 314.43 314.43 314.43 314.43 314.43 314.43 314.43 314.43 314.43 314.43 314.43 314.43 314.43 314.43 314.43 314.43 314.43 314.43 314.43
 314.43 314.43 314.43 314.43 314.43 314.43 314.43 314.43 314.43 314.43 314.43 314.43 314.43 314.43 314.43 314.43 314.43 314.43 314.43 314.43 314.43 314.43 314.43 314.43
 314.43 314.43 314.43 314.43 314.43 314.43 314.43 314.43 314.43 314.43 314.43 314.43 314.43 314.43 314.43 314.43 314.43 314.43 314.43 314.43 314.43 314.43 314.43 314.43
 314.43 314.43 314.43 314.43 314.43 314.43 314.43 314.43 314.43 314.43 314.43 314.43 314.43 314.43 314.43 314.43 314.43 314.43 314.43 314.43 314.43 314.43 314.43 314.43
 314.43 314.43 314.43 314.43 314.43 314.43 314.43 314.43 314.43 314.43 314.43 314.43 314.43 314.43 314.43 314.43 314.43 314.43 314.43 314.43 314.43 314.43 314.43 314.43
 314.43 314.43 314.43 314.43 314.43 314.43 314.43 314.43 314.43 314.43 314.43 314.43 314.43 314.43 314.43 314.43 314.43 314.43 314.43 314.43 314.43 314.43 314.43 314.43
 314.43 314.43 314.43 314.43 314.43 314.43 314.43 314.43 314.43 314.43 314.43 314.43 314.43 314.43 314.43 314.43 314.43 314.43 314.43 314.43 314.43 314.43 314.43 314.43
 314.43 314.43 314.43 314.43 314.43 314.43 314.43 314.43 314.43 314.43 314.43 314.43 314.43 314.43 314.43 314.43 314.43 314.43 314.43 314.43 314.43 314.43 314.43 314.43
 314.43 314.43 314.43 314.43 314.43 314.43 314.43 314.43 314.43 314.43 314.43 314.43 314.43 314.43 314.43 314.43 314.43 314.43 314.43 314.43 314.43 314.43 314.43 314.43
 314.43 314.43 314.43 314.43 314.43 314.43 314.43 314.43 314.43 314.43 314.43 314.43 314.43 314.43 314.43 314.43 314.43 314.43 314.43 314.43 314.43 314.43 314.43 314.43
 314.43 314.43 314.43 314.43 314.43 314.43 314.43 314.43 314.43 314.43 314.43 314.43 314.43 314.43 314.43 314.43 314.43 314.43 314.43 314.43 314.43 314.43 314.43 314.43
 314.43 314.43 314.43 314.43 314.43 314.43 314.43 314.43 314.43 314.43 314.43 314.43 314.43 314.43 314.43 314.43 314.43 314.43 314.43 314.43 314.43 314.43 314.43 314.43
 314.43 314.43 314.43 314.43 314.43 314.43 314.43 314.43 314.43 314.43 314.43 314.43 314.43 314.43 314.43 314.43 314.43 314.43 314.43 314.43 314.43 314.43 314.43 314.43
 314.43 314.43 314.43 314.43 314.43 314.43 314.43 314.43 314.43 314.43 314.43 314.43 314.43 314.43 314.43 314.43 314.43 314.43 314.43 314.43 314.43 314.43 314.43 314.43
 314.43 314.43 314.43 314.43 314.43 314.43 314.43 314.43 314.43 314.43 314.43 314.43 314.43 314.43 314.43 314.43 314.43 314.43 314.43 314.43 314.43 314.43 314.43 314.43
 314.43 314.43 314.43 314.43 314.43 314.43 314.43 314.43 314.43 314.43 314.43 314.43 314.43 314.43 314.43 314.43 314.43 314.43 314.43 314.43 314.43 314.43 314.43 314.43
 314.43 314.43 314.43 314.43 314.43 314.43 314.43 314.43 314.43 314.43 314.43 314.43 314.43 314.43 314.43 314.43 314.43 314.43 314.43 314.43 314.43 314.43 314.43 314.43
 314.43 314.43 314.43 314.43 314.43 314.43 314.43 314.43 314.43 314.43 314.43 314.43 314.43 314.43 314.43 314.43 314.43 314.43 314.43 314.43 314.43 314.43 314.43 314.43
 314.43 314.43 314.43 314.43 314.43 314.43 314.43 314.43 314.43 314.43 314.43 314.43 314.43 314.43 314.43 314.43 314.43 314.43 314.43 314.43 314.43 314.43 314.43 314.43
 314.43 314.43 314.43 314.43 314.43 314.43 314.43 314.43 314.43 314.43 314.43 314.43 314.43 314.43 314.43 314.43 314.43 314.43 314.43 314.43 314.43 314.43 314.43 314.43
 314.43 314.43 314.43 314.43 314.43 314.43 314.43 314.43 314.43 314.43 314.43 314.43 314.43 314.43 314.43 314.43 314.43 314.43 314.43 314.43 314.43 314.43 314.43 314.43
 314.43 314.43 314.43 314.43 314.43 314.43 314.43 314.43 314.43 314.43 314.43 314.43 314.43 314.43 314.43 314.43 314.43 314.43 314.43 314.43 314.43 314.43 314.43 314.43
 314.43 314.43 314.43 314.43 314.43 314.43 314.43 314.43 314.43 314.43 314.43 314.43 314.43 314.43 314.43 314.43 314.43 314.43 314.43 314.43 314.43 314.43 314.43 314.43
 314.43 314.43 314.43 314.43 314.43 314.43 314.43 314.43 314.43 314.43 314.43 314.43 314.43 314.43 314.43 314.43 314.43 314.43 314.43 314.43 314.43 314.43 314.43 314.43
 314.43 314.43 314.43 314.43 314.43 314.43 314.43 314.43 314.43 314.43 314.43 314.43 314.43 314.43 314.43 314.43 314.43 314.43 314.43 314.43 314.43 314.43 314.43 314.43
 314.43 314.43 314.43 314.43 314.43 314.43 314.43 314.43 314.43 314.43 314.43 314.43 314.43 314.43 314.43 314.43 314.43 314.43 314.43 314.43 314.43 314.43 314.43 314.43
 314.43 314.43 314.43 314.43 314.43 314.43 314.43 314.43 314.43 314.43 314.43 314.43 314.43 314.43 314.43 314.43 314.43 314.43 314.43 314.43 314.43 314.43 314.43 314.43
 314.43 314.43 314.43 314.43 314.43 314.43 314.43 314.43 314.43 314.43 314.43 314.43 314.43 314.43 314.43 314.43 314.43 314.43 314.43 314.43 314.43 314.43 314.43 314.43
 314.43 314.43 314.43 314.43 314.43 314.43 314.43 314.43 314.43 314.43 314.43 314.43 314.43 314.43 314.43 314.43 314.43 314.43 314.43 314.43 314.43 314.43 314.43 314.43
 314.43 314.43 314.43 314.43 314.43 314.43 314.43 314.43 314.43 314.43 314.43 314.43 314.43 314.43 314.43 314.43 314.43 314.43 314.43 314.43 314.43 314.43 314.43 314.43
 314.43 314.43 314.43 314.43 314.43 314.43 314.43 314.43 314.43 314.43 314.43 314.43 314.43 314.43 314.43 314.43 314.43 314.43 314.43 314.43 314.43 314.43 314.43 314.43
 314.43 314.43 314.43 314.43 314.43 314.43 314.43 314.43 314.43 314.43 314.43 314.43 314.43 314.43 314.43 314.43 314.43 314.43 314.43 314.43 314.43 314.43 314.43 314.43
 314.43 314.43 314.43 314.43 314.43 314.43 314.43 314.43 314.43 314.43 314.43 314.43 314.43 314.43 314.43 314.43 314.43 314.43 314.43 314.43 314.43 314.43 314.43 314.43
 314.43 314.43 314.43 314.43 314.43 314.43 314.43 314.43 314.43 314.43 314.43 314.43 314.43 314.43 314.43 314.43 314.43 314.43 314.43 314.43 314.43 314.43 314.43 314.43
 314.43 314.43 314.43 314.43 314.43 314.43 314.43 314.43 314.43 314.43 314.43 314.43 314.43 314.43 314.43 314.43 314.43 314.43 314.43 314.43 314.43 314.43 314.43 314.43
 314.43 314.43 314.43 314.43 314.43 314.43 314.43 314.43 314.43 314.43 314.43 314.43 314.43 314.43 314.43 314.43 314.43 314.43 314.43 314.43 314.43 314.43 314.43 314.43
 313.37 313.37 313.37 313.37 313.37 313.37 313.37 313.37 313.37 313.37 313.37 313.37 313.37 313.37 313.37 313.37 313.37 313.37 313.37 313.37 313.37 313.37 313.37 313.37
 313.37 313.37 313.37 313.37 313.37 313.37 313.37 313.37 313.37 313.37 313.37 313.37 313.37 313.37 313.37 313.37 313.37 313.37 313.37 313.37 313.37 313.37 313.37 313.37
 313.37 313.37 313.37 313.37 313.37 313.37 313.37 313.37 313.37 313.37 313.37 313.37 313.37 313.37 313.37 313.37 313.37 313.37 313.37 313.37 313.37 313.37 313.37 313.37
 313.37 313.37 313.37 313.37 313.37 313.37 313.37 313.37 313.37 313.37 313.37 313.37 313.37 313.37 313.37 313.37 313.37 313.37 313.37 313.37 313.37 313.37 313.37 313.37
 313.37 313.37 313.37 313.37 313.37 313.37 313.37 313.37 313.37 313.37 313.37 313.37 313.37 313.37 313.37 313.37 313.37 313.37 313.37 313.37 313.37 313.37 313.37 313.37
 313.37 313.37 313.37 313.37 313.37 313.37 313.37 313.37 313.37 313.37 313.37 313.37 313.37 313.37 313.37 313.37 313.37 313.37 313.37 313.37 313.37 313.37 313.37 313.37
 313.37 313.37 313.37 313.37 313.37 313.37 313.37 313.37 313.37 313.37 313.37 313.37 313.37 313.37 313.37 313.37 313.37 313.37 313.37 313.37 313.37 313.37 313.37 313.37
 313.37 313.37 313.37 313.37 313.37 313.37 313.37 313.37 313.37 313.37 313.37 313.37 313.37 313.37 313.37 313.37 313.37 313.37 313.37 313.37 313.37 313.37 313.37 313.37
 313.37 313.37 313.37 313.37 313.37 313.37 313.37 313.37 313.37 313.37 313.37 313.37 313.37 313.37 313.37 313.37 313.37 313.37 313.37 313.37 313.37 313.37 313.37 313.37
 313.37 313.37 313.37 313.37 313.37 313.37 313.37 313.37 313.37 313.37 313.37 313.37 313.37 313.37 313.37 313.37 313.37 313.37 313.37 313.37 313.37 313.37 313.37 313.37
 313.37 313.37 313.37 313.37 313.37 313.37 313.37 313.37 313.37 313.37 313.37 313.37 313.37 313.37 313.37 313.37 313.37 313.37 313.37 313.37 313.37 313.37 313.37 313.37
 313.37 313.37 313.37 313.37 313.37 313.37 313.37 313.37 313.37 313.37 313.37 313.37 313.37 313.37 313.37 313.37 313.37 313.37 313.37 313.37 313.37 313.37 313.37 313.37
 313.37 313.37 313.37 313.37 313.37 313.37 313.37 313.37 313.37 313.37 313.37 313.37 313.37 313.37 313.37 313.37 313.37 313.37 313.37 313.37 313.37 313.37 313.37 313.37
 313.37 313.37 313.37 313.37 313.37 313.37 313.37 313.37 313.37 313.37 313.37 313.37 313.37 313.37 313.37 313.37 313.37 313.37 313.37 313.37 313.37 313.37 313.37 313.37
 313.37 313.37 313.37 313.37 313.37 313.37 313.37 313.37 313.37 313.37 313.37 313.37 313.37 313.37 313.37 313.37 313.37 313.37 313.37 313.37 313.37 313.37 313.37 313.37
 313.37 313.37 313.37 313.37 313.37 313.37 313.37 313.37 313.37 313.37 313.37 313.37 313.37 313.37 313.37 313.37 313.37 313.37 313.37 313.37 313.37 313.37 313.37 313.37
 313.37 313.37 313.37 313.37 313.37 313.37 313.37 313.37 313.37 313.37 313.37 313.37 313.37 313.37 313.37 313.37 313.37 313.37 313.37 313.37 313.37 313.37 313.37 313.37
 313.37 313.37 313.37 313.37 313.37 313.37 313.37 313.37 313.37 313.37 313.37 313.37 313.37 313.37 313.37 313.37 313.37 313.37 313.37 313.37 313.37 313.37 313.37 313.37
 313.37 313.37 313.37 313.37 313.37 313.37 313.37 313.37 313.37 313.37 313.37 313.37 313.37 313.37 313.37 313.37 313.37 313.37 313.37 313.37 313.37 313.37 313.37 313.37
 313.37 313.37 313.37 313.37 313.37 313.37 313.37 313.37 313.37 313.37 313.37 313.37 313.37 313.37 313.37 313.37 313.37 313.37 313.37 313.37 313.37 313.37 313.37 313.37
 313.37 313.37 313.37 313.37 313.37 313.37 313.37 313.37 313.37 313.37 313.37 313.37 313.37 313.37 313.37 313.37 313.37 313.37 313.37 313.37 313.37 313.37 313.37 313.37
 313.37 313.37 313.37 313.37 313.37 313.37 313.37 313.37 313.37 313.37 313.37 313.37 313.37 313.37 313.37 313.37 313.37 313.37 313.37 313.37 313.37 313.37 313.37 313.37
 313.37 313.37 313.37 313.37 313.37 313.37 313.37 313.37 313.37 313.37 313.37 313.37 313.37 313.37 313.37 313.37 313.37 313.37 313.37 313.37 313.37 313.37 313.37 313.37
 313.37 313.37 313.37 313.37 313.37 313.37 313.37 313.37 313.37 313.37 313.37 313.37 313.37 313.37 313.37 313.37 313.37 313.37 313.37 313.37 313.37 313.37 313.37 313.37
 313.37 313.37 313.37 313.37 313.37 313.37 313.37 313.37 313.37 313.37 313.37 313.37 313.37 313.37 313.37 313.37 313.37 313.37 313.37 313.37 313.37 313.37 313.37 313.37
 313.37 313.37 313.37 313.37 313.37 313.37 313.37 313.37 313.37 313.37 313.37 313.37 313.37 313.37 313.37 313.37 313.37 313.37 313.37 313.37 313.37 313.37 313.37 313.37
 313.37 313.37 313.37 313.37 313.37 313.37 313.37 313.37 313.37 313.37 313.37 313.37 313.37 313.37 313.37 313.37 313.37 313.37 313.37 313.37 313.37 313.37 313.37 313.37
 313.37 313.37 313.37 313.37 313.37 313.37 313.37 313.37 313.37 313.37 313.37 313.37 313.37 313.37 313.37 313.37 313.37 313.37 313.37 313.37 313.37 313.37 313.37 313.37
 313.37 313.37 313.37 313.37 313.37 313.37 313.37 313.37 313.37 313.37 313.37 313.37 313.37 313.37 313.37 313.37 313.37 313.37 313.37 313.37 313.37 313.37 313.37 313.37
 313.37 313.37 313.37 313.37 313.37 313.37 313.37 313.37 313.37 313.37 313.37 313.37 313.37 313.37 313.37 313.37 313.37 313.37 313.37 313.37 313.37 313.37 313.37 313.37
 313.37 313.37 313.37 313.37 313.37 313.37 313.37 313.37 313.37 313.37 313.37 313.37 313.37 313.37 313.37 313.37 313.37 313.37 313.37 313.37 313.37 313.37 313.37 313.37
 313.37 313.37 313.37 313.37 313.37 313.37 313.37 313.37 313.37 313.37 313.37 313.37 313.37 313.37 313.37 313.37 313.37 313.37 313.37 313.37 313.37 313.37 313.37 313.37
 313.37 313.37 313.37 313.37 313.37 313.37 313.37 313.37 313.37 313.37 313.37 313.37 313.37 313.37 313.37 313.37 313.37 313.37 313.37 313.37 313.37 313.37 313.37 313.37
 313.37 313.37 313.37 313.37 313.37 313.37 313.37 313.37 313.37 313.37 313.37 313.37 313.37 313.37 313.37 313.37 313.37 313.37 313.37 313.37 313.37 313.37 313.37 313.37
 313.37 313.37 313.37 313.37 313.37 313.37 313.37 313.37 313.37 313.37 313.37 313.37 313.37 313.37 313.37 313.37 313.37 313.37 313.37 313.37 313.37 313.37 313.37 313.37
 313.37 313.37 313.37 313.37 313.37 313.37 313.37 313.37 313.37 313.37 313.37 313.37 313.37 313.37 313.37 313.37 313.37 313.37 313.37 313.37 313.37 313.37 313.37 313.37
 313.62 313.62 313.62 313.62 313.62 313.62 313.62 313.62 313.62 313.62 313.62 313.62 313.62 313.62 313.62 313.62 313.62 313.62 313.62 313.62 313.62 313.62 313.62 313.62
 313.62 313.62 313.62 313.62 313.62 313.62 313.62 313.62 313.62 313.62 313.62 313.62 313.62 313.62 313.62 313.62 313.62 313.62 313.62 313.62 313.62 313.62 313.62 313.62
 313.62 313.62 313.62 313.62 313.62 313.62 313.62 313.62 313.62 313.62 313.62 313.62 313.62 313.62 313.62 313.62 313.62 313.62 313.62 313.62 313.62 313.62 313.62 313.62
 313.62 313.62 313.62 313.62 313.62 313.62 313.62 313.62 313.62 313.62 313.62 313.62 313.62 313.62 313.62 313.62 313.62 313.62 313.62 313.62 313.62 313.62 313.62 313.62
 313.62 313.62 313.62 313.62 313.62 313.62 313.62 313.62 313.62 313.62 313.62 313.62 313.62 313.62 313.62 313.62 313.62 313.62 313.62 313.62 313.62 313.62 313.62 313.62
 313.62 313.62 313.62 313.62 313.62 313.62 313.62 313.62 313.62 313.62 313.62 313.62 313.62 313.62 313.62 313.62 313.62 313.62 313.62 313.62 313.62 313.62 313.62 313.62
 313.62 313.62 313.62 313.62 313.62 313.62 313.62 313.62 313.62 313.62 313.62 313.62 313.62 313.62 313.62 313.62 313.62 313.62 313.62 313.62 313.62 313.62 313.62 313.62
 313.62 313.62 313.62 313.62 313.62 313.62 313.62 313.62 313.62 313.62 313.62 313.62 313.62 313.62 313.62 313.62 313.62 313.62 313.62 313.62 313.62 313.62 313.62 313.62
 313.62 313.62 313.62 313.62 313.62 313.62 313.62 313.62 313.62 313.62 313.62 313.62 313.62 313.62 313.62 313.62 313.62 313.62 313.62 313.62 313.62 313.62 313.62 313.62
 313.62 313.62 313.62 313.62 313.62 313.62 313.62 313.62 313.62 313.62 313.62 313.62 313.62 313.62 313.62 313.62 313.62 313.62 313.62 313.62 313.62 313.62 313.62 313.62
 313.62 313.62 313.62 313.62 313.62 313.62 313.62 313.62 313.62 313.62 313.62 313.62 313.62 313.62 313.62 313.62 313.62 313.62 313.62 313.62 313.62 313.62 313.62 313.62
 313.62 313.62 313.62 313.62 313.62 313.62 313.62 313.62 313.62 313.62 313.62 313.62 313.62 313.62 313.62 313.62 313.62 313.62 313.62 313.62 313.62 313.62 313.62 313.62
 313.87 313.87 313.87 313.87 313.87 313.87 313.87 313.87 313.87 313.87 313.87 313.87 313.87 313.87 313.87 313.87 313.87 313.87 313.87 313.87 313.87 313.87 313.87 313.87
 313.87 313.87 313.87 313.87 313.87 313.87 313.87 313.87 313.87 313.87 313.87 313.87 313.87 313.87 313.87 313.87 313.87 313.87 313.87 313.87 313.87 313.87 313.87 313.87
 313.87 313.87 313.87 313.87 313.87 313.87 313.87 313.87 313.87 313.87 313.87 313.87 313.87 313.87 313.87 313.87 313.87 313.87 313.87 313.87 313.87 313.87 313.87 313.87
 313.87 313.87 313.87 313.87 313.87 313.87 313.87 313.87 313.87 313.87 313.87 313.87 313.87 313.87 313.87 313.87 313.87 313.87 313.87 313.87 313.87 313.87 313.87 313.87
 313.87 313.87 313.87 313.87 313.87 313.87 313.87 313.87 313.87 313.87 313.87 313.87 313.87 313.87 313.87 313.87 313.87 313.87 313.87 313.87 313.87 313.87 313.87 313.87
 313.87 313.87 313.87 313.87 313.87 313.87 313.87 313.87 313.87 313.87 313.87 313.87 313.87 313.87 313.87 313.87 313.87 313.87 313.87 313.87 313.87 313.87 313.87 313.87
 313.87 313.87 313.87 313.87 313.87 313.87 313.87 313.87 313.87 313.87 313.87 313.87 313.87 313.87 313.87 313.87 313.87 313.87 313.87 313.87 313.87 313.87 313.87 313.87
 313.87 313.87 313.87 313.87 313.87 313.87 313.87 313.87 313.87 313.87 313.87 313.87 313.87 313.87 313.87 313.87 313.87 313.87 313.87 313.87 313.87 313.87 313.87 313.87
 313.87 313.87 313.87 313.87 313.87 313.87 313.87 313.87 313.87 313.87 313.87 313.87 313.87 313.87 313.87 313.87 313.87 313.87 313.87 313.87 313.87 313.87 313.87 313.87
 313.87 313.87 313.87 313.87 313.87 313.87 313.87 313.87 313.87 313.87 313.87 313.87 313.87 313.87 313.87 313.87 313.87 313.87 313.87 313.87 313.87 313.87 313.87 313.87
 313.87 313.87 313.87 313.87 313.87 313.87 313.87 313.87 313.87 313.87 313.87 313.87 313.87 313.87 313.87 313.87 313.87 313.87 313.87 313.87 313.87 313.87 313.87 313.87
 313.87 313.87 313.87 313.87 313.87 313.87 313.87 313.87 313.87 313.87 313.87 313.87 313.87 313.87 313.87 313.87 313.87 313.87 313.87 313.87 313.87 313.87 313.87 313.87
 313.87 313.87 313.87 313.87 313.87 313.87 313.87 313.87 313.87 313.87 313.87 313.87 313.87 313.87 313.87 313.87 313.87 313.87 313.87 313.87 313.87 313.87 313.87 313.87
 313.87 313.87 313.87 313.87 313.87 313.87 313.87 313.87 313.87 313.87 313.87 313.87 313.87 313.87 313.87 313.87 313.87 313.87 313.87 313.87 313.87 313.87 313.87 313.87
 313.87 313.87 313.87 313.87 313.87 313.87 313.87 313.87 313.87 313.87 313.87 313.87 313.87 313.87 313.87 313.87 313.87 313.87 313.87 313.87 313.87 313.87 313.87 313.87
 313.87 313.87 313.87 313.87 313.87 313.87 313.87 313.87 313.87 313.87 313.87 313.87 313.87 313.87 313.87 313.87 313.87 313.87 313.87 313.87 313.87 313.87 313.87 313.87
 313.87 313.87 313.87 313.87 313.87 313.87 313.87 313.87 313.87 313.87 313.87 313.87 313.87 313.87 313.87 313.87 313.87 313.87 313.87 313.87 313.87 313.87 313.87 313.87
 313.87 313.87 313.87 313.87 313.87 313.87 313.87 313.87 313.87 313.87 313.87 313.87 313.87 313.87 313.87 313.87 313.87 313.87 313.87 313.87 313.87 313.87 313.87 313.87
 313.87 313.87 313.87 313.87 313.87 313.87 313.87 313.87 313.87 313.87 313.87 313.87 313.87 313.87 313.87 313.87 313.87 313.87 313.87 313.87 313.87 313.87 313.87 313.87
 313.87 313.87 313.87 313.87 313.87 313.87 313.87 313.87 313.87 313.87 313.87 313.87 313.87 313.87 313.87 313.87 313.87 313.87 313.87 313.87 313.87 313.87 313.87 313.87
 313.87 313.87 313.87 313.87 313.87 313.87 313.87 313.87 313.87 313.87 313.87 313.87 313.87 313.87 313.87 313.87 313.87 313.87 313.87 313.87 313.87 313.87 313.87 313.87
 313.87 313.87 313.87 313.87 313.87 313.87 313.87 313.87 313.87 313.87 313.87 313.87 313.87 313.87 313.87 313.87 313.87 313.87 313.87 313.87 313.87 313.87 313.87 313.87
 313.87 313.87 313.87 313.87 313.87 313.87 313.87 313.87 313.87 313.87 313.87 313.87 313.87 313.87 313.87 313.87 313.87 313.87 313.87 313.87 313.87 313.87 313.87 313.87
 313.87 313.87 313.87 313.87 313.87 313.87 313.87 313.87 313.87 313.87 313.87 313.87 313.87 313.87 313.87 313.87 313.87 313.87 313.87 313.87 313.87 313.87 313.87 313.87
 314.18 314.18 314.18 314.18 314.18 314.18 314.18 314.18 314.18 314.18 314.18 314.18 314.18 314.18 314.18 314.18 314.18 314.18 314.18 314.18 314.18 314.18 314.18 314.18
 314.18 314.18 314.18 314.18 314.18 314.18 314.18 314.18 314.18 314.18 314.18 314.18 314.18 314.18 314.18 314.18 314.18 314.18 314.18 314.18 314.18 314.18 314.18 314.18
 314.18 314.18 314.18 314.18 314.18 314.18 314.18 314.18 314.18 314.18 314.18 314.18 314.18 314.18 314.18 314.18 314.18 314.18 314.18 314.18 314.18 314.18 314.18 314.18
 314.18 314.18 314.18 314.18 314.18 314.18 314.18 314.18 314.18 314.18 314.18 314.18 314.18 314.18 314.18 314.18 314.18 314.18 314.18 314.18 314.18 314.18 314.18 314.18
 314.18 314.18 314.18 314.18 314.18 314.18 314.18 314.18 314.18 314.18 314.18 314.18 314.18 314.18 314.18 314.18 314.18 314.18 314.18 314.18 314.18 314.18 314.18 314.18
 314.18 314.18 314.18 314.18 314.18 314.18 314.18 314.18 314.18 314.18 314.18 314.18 314.18 314.18 314.18 314.18 314.18 314.18 314.18 314.18 314.18 314.18 314.18 314.18
 314.18 314.18 314.18 314.18 314.18 314.18 314.18 314.18 314.18 314.18 314.18 314.18 314.18 314.18 314.18 314.18 314.18 314.18 314.18 314.18 314.18 314.18 314.18 314.18
 314.18 314.18 314.18 314.18 314.18 314.18 314.18 314.18 314.18 314.18 314.18 314.18 314.18 314.18 314.18 314.18 314.18 314.18 314.18 314.18 314.18 314.18 314.18 314.18
 314.18 314.18 314.18 314.18 314.18 314.18 314.18 314.18 314.18 314.18 314.18 314.18 314.18 314.18 314.18 314.18 314.18 314.18 314.18 314.18 314.18 314.18 314.18 314.18
 314.18 314.18 314.18 314.18 314.18 314.18 314.18 314.18 314.18 314.18 314.18 314.18 314.18 314.18 314.18 314.18 314.18 314.18 314.18 314.18 314.18 314.18 314.18 314.18
 314.18 314.18 314.18 314.18 314.18 314.18 314.18 314.18 314.18 314.18 314.18 314.18 314.18 314.18 314.18 314.18 314.18 314.18 314.18 314.18 314.18 314.18 314.18 314.18
 314.18 314.18 314.18 314.18 314.18 314.18 314.18 314.18 314.18 314.18 314.18 314.18 314.18 314.18 314.18 314.18 314.18 314.18 314.18 314.18 314.18 314.18 314.18 314.18
 314.43 314.43 314.43 314.43 314.43 314.43 314.43 314.43 314.43 314.43 314.43 314.43 314.43 314.43 314.43 314.43 314.43 314.43 314.43 314.43 314.43 314.43 314.43 314.43
 314.43 314.43 314.43 314.43 314.43 314.43 314.43 314.43 314.43 314.43 314.43 314.43 314.43 314.43 314.43 314.43 314.43 314.43 314.43 314.43 314.43 314.43 314.43 314.43
 314.43 314.43 314.43 314.43 314.43 314.43 314.43 314.43 314.43 314.43 314.43 314.43 314.43 314.43 314.43 314.43 314.43 314.43 314.43 314.43 314.43 314.43 314.43 314.43
 314.43 314.43 314.43 314.43 314.43 314.43 314.43 314.43 314.43 314.43 314.43 314.43 314.43 314.43 314.43 314.43 314.43 314.43 314.43 314.43 314.43 314.43 314.43 314.43
 314.43 314.43 314.43 314.43 314.43 314.43 314.43 314.43 314.43 314.43 314.43 314.43 314.43 314.43 314.43 314.43 314.43 314.43 314.43 314.43 314.43 314.43 314.43 314.43
 314.43 314.43 314.43 314.43 314.43 314.43 314.43 314.43 314.43 314.43 314.43 314.43 314.43 314.43 314.43 314.43 314.43 314.43 314.43 314.43 314.43 314.43 314.43 314.43
 314.43 314.43 314.43 314.43 314.43 314.43 314.43 314.43 314.43 314.43 314.43 314.43 314.43 314.43 314.43 314.43 314.43 314.43 314.43 314.43 314.43 314.43 314.43 314.43
 314.43 314.43 314.43 314.43 314.43 314.43 314.43 314.43 314.43 314.43 314.43 314.43 314.43 314.43 314.43 314.43 314.43 314.43 314.43 314.43 314.43 314.43 314.43 314.43
 314.43 314.43 314.43 314.43 314.43 314.43 314.43 314.43 314.43 314.43 314.43 314.43 314.43 314.43 314.43 314.43 314.43 314.43 314.43 314.43 314.43 314.43 314.43 314.43
 314.43 314.43 314.43 314.43 314.43 314.43 314.43 314.43 314.43 314.43 314.43 314.43 314.43 314.43 314.43 314.43 314.43 314.43 314.43 314.43 314.43 314.43 314.43 314.43
 314.43 314.43 314.43 314.43 314.43 314.43 314.43 314.43 314.43 314.43 314.43 314.43 314.43 314.43 314.43 314.43 314.43 314.43 314.43 314.43 314.43 314.43 314.43 314.43
 314.43 314.43 314.43 314.43 314.43 314.43 314.43 314.43 314.43 314.43 314.43 314.43 314.43 314.43 314.43 314.43 314.43 314.43 314.43 314.43 314.43 314.43 314.43 314.43
