1970 MONTHLY CO2 (PPMV)   24  12  LON/LAT (N-S/0-360E) IN 15 DEGREE RESOLUTION,  GLB ANNUAL MEAN = 325.16,  GROWTH RATE = 1.32,  MISS DATA = -99.99
 326.74 326.74 326.74 326.74 326.74 326.74 326.74 326.74 326.74 326.74 326.74 326.74 326.74 326.74 326.74 326.74 326.74 326.74 326.74 326.74 326.74 326.74 326.74 326.74
 327.88 327.88 327.88 327.88 327.88 327.88 326.29 325.10 325.10 325.10 325.10 325.10 325.10 325.10 325.84 326.64 326.64 326.64 327.19 327.88 327.88 327.88 327.88 327.88
 327.88 327.88 327.88 327.88 327.88 327.88 325.91 325.10 325.10 325.10 325.10 325.10 325.10 325.10 325.78 326.64 326.64 326.64 327.05 327.88 327.88 327.88 327.88 327.88
 327.88 327.88 327.88 327.88 326.48 323.68 324.74 325.10 325.10 325.10 325.10 325.10 325.10 325.10 325.61 326.64 326.64 326.64 326.64 327.47 327.88 327.88 327.88 327.88
 327.88 327.88 326.48 323.68 323.68 323.68 324.39 325.10 325.10 325.10 325.10 325.10 325.10 325.10 325.10 326.12 326.64 326.64 326.64 327.33 327.88 327.88 327.88 327.88
 326.48 323.68 323.68 323.68 323.68 323.68 323.68 323.68 324.62 325.10 325.10 325.10 325.10 325.10 325.10 325.95 326.64 326.64 326.64 327.28 327.88 327.88 327.88 327.88
 323.68 323.68 323.68 323.68 323.68 323.68 323.68 323.68 323.68 323.68 324.62 325.10 325.10 325.10 325.10 325.90 326.64 326.64 325.65 323.68 326.48 327.88 326.48 323.68
 323.68 323.68 323.68 323.68 323.68 323.68 323.68 323.68 323.68 323.68 323.68 323.68 324.62 325.10 324.62 323.68 325.16 323.68 323.68 323.68 323.68 323.68 323.68 323.68
 323.68 323.68 323.68 323.68 323.68 323.68 323.68 323.68 323.68 323.68 323.68 323.68 323.68 323.68 323.68 323.68 323.68 323.68 323.68 323.68 323.68 323.68 323.68 323.68
 323.68 323.68 323.68 323.68 323.68 323.68 323.68 323.68 323.68 323.68 323.68 323.68 323.68 323.68 323.68 323.68 323.68 323.68 323.68 323.68 323.68 323.68 323.68 323.68
 323.68 323.68 323.68 323.68 323.68 323.68 323.68 323.68 323.68 323.68 323.68 323.68 323.68 323.68 323.68 323.68 323.68 323.68 323.68 323.68 323.68 323.68 323.68 323.68
 323.68 323.68 323.68 323.68 323.68 323.68 323.68 323.68 323.68 323.68 323.68 323.68 323.68 323.68 323.68 323.68 323.68 323.68 323.68 323.68 323.68 323.68 323.68 323.68
 327.73 327.73 327.73 327.73 327.73 327.73 327.73 327.73 327.73 327.73 327.73 327.73 327.73 327.73 327.73 327.73 327.73 327.73 327.73 327.73 327.73 327.73 327.73 327.73
 329.16 329.16 329.16 329.16 329.16 329.16 327.21 325.76 325.76 325.76 325.76 325.76 325.76 325.76 326.54 327.39 327.39 327.39 328.18 329.16 329.16 329.16 329.16 329.16
 329.16 329.16 329.16 329.16 329.16 329.16 326.71 325.76 325.76 325.76 325.76 325.76 325.76 325.76 326.48 327.39 327.39 327.39 327.98 329.16 329.16 329.16 329.16 329.16
 329.16 329.16 329.16 329.16 327.28 323.53 325.20 325.76 325.76 325.76 325.76 325.76 325.76 325.76 326.30 327.39 327.39 327.39 327.39 328.57 329.16 329.16 329.16 329.16
 329.16 329.16 327.28 323.53 323.53 323.53 324.64 325.76 325.76 325.76 325.76 325.76 325.76 325.76 325.76 326.85 327.39 327.39 327.39 328.37 329.16 329.16 329.16 329.16
 327.28 323.53 323.53 323.53 323.53 323.53 323.53 323.53 325.02 325.76 325.76 325.76 325.76 325.76 325.76 326.67 327.39 327.39 327.39 328.31 329.16 329.16 329.16 329.16
 323.53 323.53 323.53 323.53 323.53 323.53 323.53 323.53 323.53 323.53 325.02 325.76 325.76 325.76 325.76 326.61 327.39 327.39 326.10 323.53 327.28 329.16 327.28 323.53
 323.53 323.53 323.53 323.53 323.53 323.53 323.53 323.53 323.53 323.53 323.53 323.53 325.02 325.76 325.02 323.53 325.46 323.53 323.53 323.53 323.53 323.53 323.53 323.53
 323.53 323.53 323.53 323.53 323.53 323.53 323.53 323.53 323.53 323.53 323.53 323.53 323.53 323.53 323.53 323.53 323.53 323.53 323.53 323.53 323.53 323.53 323.53 323.53
 323.53 323.53 323.53 323.53 323.53 323.53 323.53 323.53 323.53 323.53 323.53 323.53 323.53 323.53 323.53 323.53 323.53 323.53 323.53 323.53 323.53 323.53 323.53 323.53
 323.53 323.53 323.53 323.53 323.53 323.53 323.53 323.53 323.53 323.53 323.53 323.53 323.53 323.53 323.53 323.53 323.53 323.53 323.53 323.53 323.53 323.53 323.53 323.53
 323.53 323.53 323.53 323.53 323.53 323.53 323.53 323.53 323.53 323.53 323.53 323.53 323.53 323.53 323.53 323.53 323.53 323.53 323.53 323.53 323.53 323.53 323.53 323.53
 328.80 328.80 328.80 328.80 328.80 328.80 328.80 328.80 328.80 328.80 328.80 328.80 328.80 328.80 328.80 328.80 328.80 328.80 328.80 328.80 328.80 328.80 328.80 328.80
 330.41 330.41 330.41 330.41 330.41 330.41 328.05 326.31 326.31 326.31 326.31 326.31 326.31 326.31 327.61 329.01 329.01 329.01 329.63 330.41 330.41 330.41 330.41 330.41
 330.41 330.41 330.41 330.41 330.41 330.41 327.43 326.31 326.31 326.31 326.31 326.31 326.31 326.31 327.51 329.01 329.01 329.01 329.48 330.41 330.41 330.41 330.41 330.41
 330.41 330.41 330.41 330.41 328.08 323.43 325.59 326.31 326.31 326.31 326.31 326.31 326.31 326.31 327.21 329.01 329.01 329.01 329.01 329.94 330.41 330.41 330.41 330.41
 330.41 330.41 328.08 323.43 323.43 323.43 324.87 326.31 326.31 326.31 326.31 326.31 326.31 326.31 326.31 328.11 329.01 329.01 329.01 329.79 330.41 330.41 330.41 330.41
 328.08 323.43 323.43 323.43 323.43 323.43 323.43 323.43 325.35 326.31 326.31 326.31 326.31 326.31 326.31 327.81 329.01 329.01 329.01 329.74 330.41 330.41 330.41 330.41
 323.43 323.43 323.43 323.43 323.43 323.43 323.43 323.43 323.43 323.43 325.35 326.31 326.31 326.31 326.31 327.71 329.01 329.01 327.15 323.43 328.08 330.41 328.08 323.43
 323.43 323.43 323.43 323.43 323.43 323.43 323.43 323.43 323.43 323.43 323.43 323.43 325.35 326.31 325.35 323.43 326.22 323.43 323.43 323.43 323.43 323.43 323.43 323.43
 323.43 323.43 323.43 323.43 323.43 323.43 323.43 323.43 323.43 323.43 323.43 323.43 323.43 323.43 323.43 323.43 323.43 323.43 323.43 323.43 323.43 323.43 323.43 323.43
 323.43 323.43 323.43 323.43 323.43 323.43 323.43 323.43 323.43 323.43 323.43 323.43 323.43 323.43 323.43 323.43 323.43 323.43 323.43 323.43 323.43 323.43 323.43 323.43
 323.43 323.43 323.43 323.43 323.43 323.43 323.43 323.43 323.43 323.43 323.43 323.43 323.43 323.43 323.43 323.43 323.43 323.43 323.43 323.43 323.43 323.43 323.43 323.43
 323.43 323.43 323.43 323.43 323.43 323.43 323.43 323.43 323.43 323.43 323.43 323.43 323.43 323.43 323.43 323.43 323.43 323.43 323.43 323.43 323.43 323.43 323.43 323.43
 329.49 329.49 329.49 329.49 329.49 329.49 329.49 329.49 329.49 329.49 329.49 329.49 329.49 329.49 329.49 329.49 329.49 329.49 329.49 329.49 329.49 329.49 329.49 329.49
 330.83 330.83 330.83 330.83 330.83 330.83 328.79 327.35 327.35 327.35 327.35 327.35 327.35 327.35 328.53 329.80 329.80 329.80 330.26 330.83 330.83 330.83 330.83 330.83
 330.83 330.83 330.83 330.83 330.83 330.83 328.20 327.35 327.35 327.35 327.35 327.35 327.35 327.35 328.44 329.80 329.80 329.80 330.15 330.83 330.83 330.83 330.83 330.83
 330.83 330.83 330.83 330.83 328.44 323.67 326.43 327.35 327.35 327.35 327.35 327.35 327.35 327.35 328.17 329.80 329.80 329.80 329.80 330.49 330.83 330.83 330.83 330.83
 330.83 330.83 328.44 323.67 323.67 323.67 325.51 327.35 327.35 327.35 327.35 327.35 327.35 327.35 327.35 328.99 329.80 329.80 329.80 330.37 330.83 330.83 330.83 330.83
 328.44 323.67 323.67 323.67 323.67 323.67 323.67 323.67 326.12 327.35 327.35 327.35 327.35 327.35 327.35 328.71 329.80 329.80 329.80 330.34 330.83 330.83 330.83 330.83
 323.67 323.67 323.67 323.67 323.67 323.67 323.67 323.67 323.67 323.67 326.12 327.35 327.35 327.35 327.35 328.62 329.80 329.80 327.76 323.67 328.44 330.83 328.44 323.67
 323.67 323.67 323.67 323.67 323.67 323.67 323.67 323.67 323.67 323.67 323.67 323.67 326.12 327.35 326.12 323.67 326.74 323.67 323.67 323.67 323.67 323.67 323.67 323.67
 323.67 323.67 323.67 323.67 323.67 323.67 323.67 323.67 323.67 323.67 323.67 323.67 323.67 323.67 323.67 323.67 323.67 323.67 323.67 323.67 323.67 323.67 323.67 323.67
 323.67 323.67 323.67 323.67 323.67 323.67 323.67 323.67 323.67 323.67 323.67 323.67 323.67 323.67 323.67 323.67 323.67 323.67 323.67 323.67 323.67 323.67 323.67 323.67
 323.67 323.67 323.67 323.67 323.67 323.67 323.67 323.67 323.67 323.67 323.67 323.67 323.67 323.67 323.67 323.67 323.67 323.67 323.67 323.67 323.67 323.67 323.67 323.67
 323.67 323.67 323.67 323.67 323.67 323.67 323.67 323.67 323.67 323.67 323.67 323.67 323.67 323.67 323.67 323.67 323.67 323.67 323.67 323.67 323.67 323.67 323.67 323.67
 328.85 328.85 328.85 328.85 328.85 328.85 328.85 328.85 328.85 328.85 328.85 328.85 328.85 328.85 328.85 328.85 328.85 328.85 328.85 328.85 328.85 328.85 328.85 328.85
 328.97 328.97 328.97 328.97 328.97 328.97 328.25 327.88 327.88 327.88 327.88 327.88 327.88 327.88 329.11 330.44 330.44 330.44 329.78 328.97 328.97 328.97 328.97 328.97
 328.97 328.97 328.97 328.97 328.97 328.97 327.90 327.88 327.88 327.88 327.88 327.88 327.88 327.88 329.01 330.44 330.44 330.44 329.95 328.97 328.97 328.97 328.97 328.97
 328.97 328.97 328.97 328.97 327.24 323.78 326.85 327.88 327.88 327.88 327.88 327.88 327.88 327.88 328.73 330.44 330.44 330.44 330.44 329.46 328.97 328.97 328.97 328.97
 328.97 328.97 327.24 323.78 323.78 323.78 325.83 327.88 327.88 327.88 327.88 327.88 327.88 327.88 327.88 329.58 330.44 330.44 330.44 329.62 328.97 328.97 328.97 328.97
 327.24 323.78 323.78 323.78 323.78 323.78 323.78 323.78 326.51 327.88 327.88 327.88 327.88 327.88 327.88 329.30 330.44 330.44 330.44 329.68 328.97 328.97 328.97 328.97
 323.78 323.78 323.78 323.78 323.78 323.78 323.78 323.78 323.78 323.78 326.51 327.88 327.88 327.88 327.88 329.20 330.44 330.44 328.22 323.78 327.24 328.97 327.24 323.78
 323.78 323.78 323.78 323.78 323.78 323.78 323.78 323.78 323.78 323.78 323.78 323.78 326.51 327.88 326.51 323.78 327.11 323.78 323.78 323.78 323.78 323.78 323.78 323.78
 323.78 323.78 323.78 323.78 323.78 323.78 323.78 323.78 323.78 323.78 323.78 323.78 323.78 323.78 323.78 323.78 323.78 323.78 323.78 323.78 323.78 323.78 323.78 323.78
 323.78 323.78 323.78 323.78 323.78 323.78 323.78 323.78 323.78 323.78 323.78 323.78 323.78 323.78 323.78 323.78 323.78 323.78 323.78 323.78 323.78 323.78 323.78 323.78
 323.78 323.78 323.78 323.78 323.78 323.78 323.78 323.78 323.78 323.78 323.78 323.78 323.78 323.78 323.78 323.78 323.78 323.78 323.78 323.78 323.78 323.78 323.78 323.78
 323.78 323.78 323.78 323.78 323.78 323.78 323.78 323.78 323.78 323.78 323.78 323.78 323.78 323.78 323.78 323.78 323.78 323.78 323.78 323.78 323.78 323.78 323.78 323.78
 326.71 326.71 326.71 326.71 326.71 326.71 326.71 326.71 326.71 326.71 326.71 326.71 326.71 326.71 326.71 326.71 326.71 326.71 326.71 326.71 326.71 326.71 326.71 326.71
 326.05 326.05 326.05 326.05 326.05 326.05 326.76 327.49 327.49 327.49 327.49 327.49 327.49 327.49 327.31 327.13 327.13 327.13 326.65 326.05 326.05 326.05 326.05 326.05
 326.05 326.05 326.05 326.05 326.05 326.05 326.73 327.49 327.49 327.49 327.49 327.49 327.49 327.49 327.33 327.13 327.13 327.13 326.77 326.05 326.05 326.05 326.05 326.05
 326.05 326.05 326.05 326.05 325.43 324.18 326.66 327.49 327.49 327.49 327.49 327.49 327.49 327.49 327.37 327.13 327.13 327.13 327.13 326.41 326.05 326.05 326.05 326.05
 326.05 326.05 325.43 324.18 324.18 324.18 325.83 327.49 327.49 327.49 327.49 327.49 327.49 327.49 327.49 327.25 327.13 327.13 327.13 326.53 326.05 326.05 326.05 326.05
 325.43 324.18 324.18 324.18 324.18 324.18 324.18 324.18 326.38 327.49 327.49 327.49 327.49 327.49 327.49 327.29 327.13 327.13 327.13 326.57 326.05 326.05 326.05 326.05
 324.18 324.18 324.18 324.18 324.18 324.18 324.18 324.18 324.18 324.18 326.38 327.49 327.49 327.49 327.49 327.30 327.13 327.13 326.15 324.18 325.43 326.05 325.43 324.18
 324.18 324.18 324.18 324.18 324.18 324.18 324.18 324.18 324.18 324.18 324.18 324.18 326.38 327.49 326.38 324.18 325.65 324.18 324.18 324.18 324.18 324.18 324.18 324.18
 324.18 324.18 324.18 324.18 324.18 324.18 324.18 324.18 324.18 324.18 324.18 324.18 324.18 324.18 324.18 324.18 324.18 324.18 324.18 324.18 324.18 324.18 324.18 324.18
 324.18 324.18 324.18 324.18 324.18 324.18 324.18 324.18 324.18 324.18 324.18 324.18 324.18 324.18 324.18 324.18 324.18 324.18 324.18 324.18 324.18 324.18 324.18 324.18
 324.18 324.18 324.18 324.18 324.18 324.18 324.18 324.18 324.18 324.18 324.18 324.18 324.18 324.18 324.18 324.18 324.18 324.18 324.18 324.18 324.18 324.18 324.18 324.18
 324.18 324.18 324.18 324.18 324.18 324.18 324.18 324.18 324.18 324.18 324.18 324.18 324.18 324.18 324.18 324.18 324.18 324.18 324.18 324.18 324.18 324.18 324.18 324.18
 323.74 323.74 323.74 323.74 323.74 323.74 323.74 323.74 323.74 323.74 323.74 323.74 323.74 323.74 323.74 323.74 323.74 323.74 323.74 323.74 323.74 323.74 323.74 323.74
 322.54 322.54 322.54 322.54 322.54 322.54 324.54 326.24 326.24 326.24 326.24 326.24 326.24 326.24 324.35 322.31 322.31 322.31 322.41 322.54 322.54 322.54 322.54 322.54
 322.54 322.54 322.54 322.54 322.54 322.54 324.86 326.24 326.24 326.24 326.24 326.24 326.24 326.24 324.49 322.31 322.31 322.31 322.39 322.54 322.54 322.54 322.54 322.54
 322.54 322.54 322.54 322.54 323.18 324.46 325.79 326.24 326.24 326.24 326.24 326.24 326.24 326.24 324.93 322.31 322.31 322.31 322.31 322.46 322.54 322.54 322.54 322.54
 322.54 322.54 323.18 324.46 324.46 324.46 325.35 326.24 326.24 326.24 326.24 326.24 326.24 326.24 326.24 323.62 322.31 322.31 322.31 322.44 322.54 322.54 322.54 322.54
 323.18 324.46 324.46 324.46 324.46 324.46 324.46 324.46 325.64 326.24 326.24 326.24 326.24 326.24 326.24 324.05 322.31 322.31 322.31 322.43 322.54 322.54 322.54 322.54
 324.46 324.46 324.46 324.46 324.46 324.46 324.46 324.46 324.46 324.46 325.64 326.24 326.24 326.24 326.24 324.20 322.31 322.31 323.03 324.46 323.18 322.54 323.18 324.46
 324.46 324.46 324.46 324.46 324.46 324.46 324.46 324.46 324.46 324.46 324.46 324.46 325.64 326.24 325.64 324.46 323.38 324.46 324.46 324.46 324.46 324.46 324.46 324.46
 324.46 324.46 324.46 324.46 324.46 324.46 324.46 324.46 324.46 324.46 324.46 324.46 324.46 324.46 324.46 324.46 324.46 324.46 324.46 324.46 324.46 324.46 324.46 324.46
 324.46 324.46 324.46 324.46 324.46 324.46 324.46 324.46 324.46 324.46 324.46 324.46 324.46 324.46 324.46 324.46 324.46 324.46 324.46 324.46 324.46 324.46 324.46 324.46
 324.46 324.46 324.46 324.46 324.46 324.46 324.46 324.46 324.46 324.46 324.46 324.46 324.46 324.46 324.46 324.46 324.46 324.46 324.46 324.46 324.46 324.46 324.46 324.46
 324.46 324.46 324.46 324.46 324.46 324.46 324.46 324.46 324.46 324.46 324.46 324.46 324.46 324.46 324.46 324.46 324.46 324.46 324.46 324.46 324.46 324.46 324.46 324.46
 321.44 321.44 321.44 321.44 321.44 321.44 321.44 321.44 321.44 321.44 321.44 321.44 321.44 321.44 321.44 321.44 321.44 321.44 321.44 321.44 321.44 321.44 321.44 321.44
 319.84 319.84 319.84 319.84 319.84 319.84 322.60 324.81 324.81 324.81 324.81 324.81 324.81 324.81 322.25 319.49 319.49 319.49 319.65 319.84 319.84 319.84 319.84 319.84
 319.84 319.84 319.84 319.84 319.84 319.84 323.14 324.81 324.81 324.81 324.81 324.81 324.81 324.81 322.44 319.49 319.49 319.49 319.61 319.84 319.84 319.84 319.84 319.84
 319.84 319.84 319.84 319.84 321.47 324.72 324.78 324.81 324.81 324.81 324.81 324.81 324.81 324.81 323.03 319.49 319.49 319.49 319.49 319.72 319.84 319.84 319.84 319.84
 319.84 319.84 321.47 324.72 324.72 324.72 324.76 324.81 324.81 324.81 324.81 324.81 324.81 324.81 324.81 321.26 319.49 319.49 319.49 319.68 319.84 319.84 319.84 319.84
 321.47 324.72 324.72 324.72 324.72 324.72 324.72 324.72 324.78 324.81 324.81 324.81 324.81 324.81 324.81 321.85 319.49 319.49 319.49 319.67 319.84 319.84 319.84 319.84
 324.72 324.72 324.72 324.72 324.72 324.72 324.72 324.72 324.72 324.72 324.78 324.81 324.81 324.81 324.81 322.05 319.49 319.49 321.23 324.72 321.47 319.84 321.47 324.72
 324.72 324.72 324.72 324.72 324.72 324.72 324.72 324.72 324.72 324.72 324.72 324.72 324.78 324.81 324.78 324.72 322.11 324.72 324.72 324.72 324.72 324.72 324.72 324.72
 324.72 324.72 324.72 324.72 324.72 324.72 324.72 324.72 324.72 324.72 324.72 324.72 324.72 324.72 324.72 324.72 324.72 324.72 324.72 324.72 324.72 324.72 324.72 324.72
 324.72 324.72 324.72 324.72 324.72 324.72 324.72 324.72 324.72 324.72 324.72 324.72 324.72 324.72 324.72 324.72 324.72 324.72 324.72 324.72 324.72 324.72 324.72 324.72
 324.72 324.72 324.72 324.72 324.72 324.72 324.72 324.72 324.72 324.72 324.72 324.72 324.72 324.72 324.72 324.72 324.72 324.72 324.72 324.72 324.72 324.72 324.72 324.72
 324.72 324.72 324.72 324.72 324.72 324.72 324.72 324.72 324.72 324.72 324.72 324.72 324.72 324.72 324.72 324.72 324.72 324.72 324.72 324.72 324.72 324.72 324.72 324.72
 321.79 321.79 321.79 321.79 321.79 321.79 321.79 321.79 321.79 321.79 321.79 321.79 321.79 321.79 321.79 321.79 321.79 321.79 321.79 321.79 321.79 321.79 321.79 321.79
 321.06 321.06 321.06 321.06 321.06 321.06 322.22 323.04 323.04 323.04 323.04 323.04 323.04 323.04 322.27 321.44 321.44 321.44 321.27 321.06 321.06 321.06 321.06 321.06
 321.06 321.06 321.06 321.06 321.06 321.06 322.56 323.04 323.04 323.04 323.04 323.04 323.04 323.04 322.33 321.44 321.44 321.44 321.31 321.06 321.06 321.06 321.06 321.06
 321.06 321.06 321.06 321.06 322.44 325.19 323.58 323.04 323.04 323.04 323.04 323.04 323.04 323.04 322.51 321.44 321.44 321.44 321.44 321.19 321.06 321.06 321.06 321.06
 321.06 321.06 322.44 325.19 325.19 325.19 324.12 323.04 323.04 323.04 323.04 323.04 323.04 323.04 323.04 321.97 321.44 321.44 321.44 321.23 321.06 321.06 321.06 321.06
 322.44 325.19 325.19 325.19 325.19 325.19 325.19 325.19 323.76 323.04 323.04 323.04 323.04 323.04 323.04 322.15 321.44 321.44 321.44 321.24 321.06 321.06 321.06 321.06
 325.19 325.19 325.19 325.19 325.19 325.19 325.19 325.19 325.19 325.19 323.76 323.04 323.04 323.04 323.04 322.21 321.44 321.44 322.69 325.19 322.44 321.06 322.44 325.19
 325.19 325.19 325.19 325.19 325.19 325.19 325.19 325.19 325.19 325.19 325.19 325.19 323.76 323.04 323.76 325.19 323.31 325.19 325.19 325.19 325.19 325.19 325.19 325.19
 325.19 325.19 325.19 325.19 325.19 325.19 325.19 325.19 325.19 325.19 325.19 325.19 325.19 325.19 325.19 325.19 325.19 325.19 325.19 325.19 325.19 325.19 325.19 325.19
 325.19 325.19 325.19 325.19 325.19 325.19 325.19 325.19 325.19 325.19 325.19 325.19 325.19 325.19 325.19 325.19 325.19 325.19 325.19 325.19 325.19 325.19 325.19 325.19
 325.19 325.19 325.19 325.19 325.19 325.19 325.19 325.19 325.19 325.19 325.19 325.19 325.19 325.19 325.19 325.19 325.19 325.19 325.19 325.19 325.19 325.19 325.19 325.19
 325.19 325.19 325.19 325.19 325.19 325.19 325.19 325.19 325.19 325.19 325.19 325.19 325.19 325.19 325.19 325.19 325.19 325.19 325.19 325.19 325.19 325.19 325.19 325.19
 324.03 324.03 324.03 324.03 324.03 324.03 324.03 324.03 324.03 324.03 324.03 324.03 324.03 324.03 324.03 324.03 324.03 324.03 324.03 324.03 324.03 324.03 324.03 324.03
 324.80 324.80 324.80 324.80 324.80 324.80 323.76 322.81 322.81 322.81 322.81 322.81 322.81 322.81 323.45 324.14 324.14 324.14 324.43 324.80 324.80 324.80 324.80 324.80
 324.80 324.80 324.80 324.80 324.80 324.80 323.68 322.81 322.81 322.81 322.81 322.81 322.81 322.81 323.40 324.14 324.14 324.14 324.36 324.80 324.80 324.80 324.80 324.80
 324.80 324.80 324.80 324.80 324.93 325.20 323.41 322.81 322.81 322.81 322.81 322.81 322.81 322.81 323.26 324.14 324.14 324.14 324.14 324.58 324.80 324.80 324.80 324.80
 324.80 324.80 324.93 325.20 325.20 325.20 324.01 322.81 322.81 322.81 322.81 322.81 322.81 322.81 322.81 323.70 324.14 324.14 324.14 324.51 324.80 324.80 324.80 324.80
 324.93 325.20 325.20 325.20 325.20 325.20 325.20 325.20 323.61 322.81 322.81 322.81 322.81 322.81 322.81 323.55 324.14 324.14 324.14 324.48 324.80 324.80 324.80 324.80
 325.20 325.20 325.20 325.20 325.20 325.20 325.20 325.20 325.20 325.20 323.61 322.81 322.81 322.81 322.81 323.50 324.14 324.14 324.49 325.20 324.93 324.80 324.93 325.20
 325.20 325.20 325.20 325.20 325.20 325.20 325.20 325.20 325.20 325.20 325.20 325.20 323.61 322.81 323.61 325.20 324.67 325.20 325.20 325.20 325.20 325.20 325.20 325.20
 325.20 325.20 325.20 325.20 325.20 325.20 325.20 325.20 325.20 325.20 325.20 325.20 325.20 325.20 325.20 325.20 325.20 325.20 325.20 325.20 325.20 325.20 325.20 325.20
 325.20 325.20 325.20 325.20 325.20 325.20 325.20 325.20 325.20 325.20 325.20 325.20 325.20 325.20 325.20 325.20 325.20 325.20 325.20 325.20 325.20 325.20 325.20 325.20
 325.20 325.20 325.20 325.20 325.20 325.20 325.20 325.20 325.20 325.20 325.20 325.20 325.20 325.20 325.20 325.20 325.20 325.20 325.20 325.20 325.20 325.20 325.20 325.20
 325.20 325.20 325.20 325.20 325.20 325.20 325.20 325.20 325.20 325.20 325.20 325.20 325.20 325.20 325.20 325.20 325.20 325.20 325.20 325.20 325.20 325.20 325.20 325.20
 325.94 325.94 325.94 325.94 325.94 325.94 325.94 325.94 325.94 325.94 325.94 325.94 325.94 325.94 325.94 325.94 325.94 325.94 325.94 325.94 325.94 325.94 325.94 325.94
 327.22 327.22 327.22 327.22 327.22 327.22 325.45 323.97 323.97 323.97 323.97 323.97 323.97 323.97 324.99 326.08 326.08 326.08 326.59 327.22 327.22 327.22 327.22 327.22
 327.22 327.22 327.22 327.22 327.22 327.22 325.16 323.97 323.97 323.97 323.97 323.97 323.97 323.97 324.91 326.08 326.08 326.08 326.46 327.22 327.22 327.22 327.22 327.22
 327.22 327.22 327.22 327.22 326.56 325.23 324.29 323.97 323.97 323.97 323.97 323.97 323.97 323.97 324.67 326.08 326.08 326.08 326.08 326.84 327.22 327.22 327.22 327.22
 327.22 327.22 326.56 325.23 325.23 325.23 324.60 323.97 323.97 323.97 323.97 323.97 323.97 323.97 323.97 325.38 326.08 326.08 326.08 326.71 327.22 327.22 327.22 327.22
 326.56 325.23 325.23 325.23 325.23 325.23 325.23 325.23 324.30 324.27 324.25 324.18 323.97 323.97 323.97 325.14 326.08 326.08 326.08 326.67 327.22 327.22 327.22 327.22
 325.23 325.23 325.23 325.23 325.23 325.23 325.23 325.23 324.67 324.59 324.59 324.59 324.28 323.97 323.97 325.06 326.08 326.08 325.80 325.23 326.56 327.22 326.56 325.23
 325.23 325.23 325.23 325.23 325.23 325.23 325.23 325.23 324.75 324.59 324.59 324.59 324.59 324.38 324.42 325.23 325.65 325.23 325.23 325.23 325.23 325.23 325.23 325.23
 325.23 325.23 325.23 325.23 325.23 325.23 325.23 325.23 324.91 324.59 324.59 324.59 324.59 324.59 324.91 325.23 325.23 325.23 325.23 325.23 325.23 325.23 325.23 325.23
 325.23 325.23 325.23 325.23 325.23 325.23 325.23 325.23 325.23 325.23 324.80 324.59 324.80 325.23 325.23 325.23 325.23 325.23 325.23 325.23 325.23 325.23 325.23 325.23
 325.23 325.23 325.23 325.23 325.23 325.23 325.23 325.23 325.23 325.23 325.23 325.23 325.23 325.23 325.23 325.23 325.23 325.23 325.23 325.23 325.23 325.23 325.23 325.23
 325.23 325.23 325.23 325.23 325.23 325.23 325.23 325.23 325.23 325.23 325.23 325.23 325.23 325.23 325.23 325.23 325.23 325.23 325.23 325.23 325.23 325.23 325.23 325.23
 326.74 326.74 326.74 326.74 326.74 326.74 326.74 326.74 326.74 326.74 326.74 326.74 326.74 326.74 326.74 326.74 326.74 326.74 326.74 326.74 326.74 326.74 326.74 326.74
 327.69 327.69 327.69 327.69 327.69 327.69 326.35 325.28 325.28 325.28 325.28 325.28 325.28 325.28 326.03 326.85 326.85 326.85 327.22 327.69 327.69 327.69 327.69 327.69
 327.69 327.69 327.69 327.69 327.69 327.69 326.08 325.28 325.28 325.28 325.28 325.28 325.28 325.28 325.98 326.85 326.85 326.85 327.13 327.69 327.69 327.69 327.69 327.69
 327.69 327.69 327.69 327.69 327.69 326.49 325.28 325.28 325.28 325.28 325.28 325.28 325.28 325.28 325.80 326.85 326.85 326.85 326.85 327.41 327.69 327.69 327.69 327.69
 327.69 327.69 327.69 327.69 326.89 325.28 325.28 325.28 325.28 325.28 325.28 325.28 325.28 325.28 325.28 326.32 326.85 326.85 326.85 327.31 327.69 327.69 327.69 327.69
 327.69 327.69 327.69 327.69 326.03 324.94 324.94 324.94 324.94 324.95 324.98 325.05 325.28 325.28 325.28 326.15 326.85 326.85 326.85 327.28 327.69 327.69 327.69 327.69
 327.69 327.69 327.69 326.14 324.60 324.60 324.60 324.60 324.60 324.60 324.60 324.60 324.94 325.28 325.28 326.09 326.85 326.85 326.85 327.27 327.69 327.69 327.69 327.69
 327.69 327.69 326.14 324.60 324.60 324.60 324.60 324.60 324.60 324.60 324.60 324.60 324.60 324.83 324.90 325.61 326.85 326.85 326.85 327.27 327.69 327.69 327.69 327.69
 327.69 326.66 324.60 324.60 324.60 324.60 324.60 324.60 324.60 324.60 324.60 324.60 324.60 324.60 324.60 324.60 325.72 326.28 326.56 327.17 327.69 327.69 327.69 327.69
 327.69 326.32 324.60 324.60 324.60 324.60 324.60 324.60 324.60 324.60 324.60 324.60 324.60 324.60 324.60 324.60 325.16 325.72 326.14 327.00 327.69 327.69 327.69 327.69
 327.69 326.20 324.60 324.60 324.60 324.60 324.60 324.60 324.60 324.60 324.60 324.60 324.60 324.60 324.60 324.60 324.88 325.30 325.72 326.81 327.69 327.69 327.69 327.69
 325.45 325.45 325.45 325.45 325.45 325.45 325.45 325.45 325.45 325.45 325.45 325.45 325.45 325.45 325.45 325.45 325.45 325.45 325.45 325.45 325.45 325.45 325.45 325.45
