1988 MONTHLY CO2 (PPMV)   24  12  LON/LAT (N-S/0-360E) IN 15 DEGREE RESOLUTION,  GLB ANNUAL MEAN = 351.42,  GROWTH RATE = 2.22,  MISS DATA = -99.99
 355.60 355.60 355.60 355.60 355.60 355.60 355.60 355.60 355.60 355.60 355.60 355.60 355.60 355.60 355.60 355.60 355.60 355.60 355.60 355.60 355.60 355.60 355.60 355.60
 354.37 354.98 355.60 355.60 355.60 355.60 355.60 355.60 355.60 355.60 355.60 356.41 355.44 355.28 355.44 354.58 355.60 355.60 355.60 355.60 355.60 356.42 355.60 355.22
 355.32 355.32 355.46 355.60 349.80 346.90 349.80 355.60 362.95 366.63 357.23 357.23 356.05 354.86 354.21 353.56 353.10 353.78 354.00 356.05 357.99 357.25 354.75 354.41
 353.50 353.50 353.50 346.90 346.90 346.90 346.90 356.76 366.63 366.63 366.63 357.23 352.84 352.67 354.66 354.66 352.63 352.63 352.41 354.58 358.72 356.07 352.24 353.19
 353.50 353.50 352.01 350.52 346.90 346.90 346.90 353.29 358.71 358.71 357.24 352.84 352.84 350.48 350.48 354.66 352.63 352.41 352.41 350.43 353.50 350.40 350.40 350.40
 350.66 351.14 350.52 350.52 350.52 346.90 348.20 350.79 350.79 350.79 350.79 350.96 350.89 350.51 350.51 352.59 352.63 352.41 352.41 350.89 351.35 351.35 350.40 349.24
 349.24 349.88 350.52 350.52 350.52 349.92 349.63 350.79 350.79 350.79 350.30 349.32 349.32 351.10 351.10 351.10 351.87 352.41 352.41 351.12 351.35 350.65 349.24 349.24
 349.24 349.88 350.52 350.52 349.92 349.33 349.33 348.37 347.40 347.40 347.84 348.55 349.36 350.23 350.67 350.88 350.34 351.03 352.41 350.12 351.35 350.41 349.24 349.24
 348.91 348.37 348.39 349.92 349.33 349.33 349.33 348.37 347.40 347.40 347.57 347.73 348.55 349.39 349.44 348.26 348.26 348.26 347.95 347.90 349.08 348.26 348.91 349.24
 348.26 348.36 348.39 348.36 348.97 349.33 348.97 348.26 347.69 347.40 347.74 347.73 348.18 348.26 348.26 348.26 348.26 348.26 347.99 347.90 347.99 348.26 348.26 348.26
 348.26 348.33 348.39 348.33 348.26 348.26 348.26 348.26 348.26 348.26 348.26 348.26 348.26 348.26 348.26 348.26 348.26 348.26 348.08 347.90 348.08 348.26 348.26 348.26
 348.26 348.26 348.26 348.26 348.26 348.26 348.26 348.26 348.26 348.26 348.26 348.26 348.26 348.26 348.26 348.26 348.26 348.26 348.26 348.26 348.26 348.26 348.26 348.26
 356.62 356.62 356.62 356.62 356.62 356.62 356.62 356.62 356.62 356.62 356.62 356.62 356.62 356.62 356.62 356.62 356.62 356.62 356.62 356.62 356.62 356.62 356.62 356.62
 355.78 356.20 356.62 356.62 356.62 356.62 356.62 356.62 356.62 356.62 356.62 356.85 356.71 356.80 356.71 355.19 356.62 356.62 356.62 356.62 356.62 356.50 356.62 355.95
 354.77 354.77 355.70 356.62 350.07 346.80 350.07 356.62 361.21 363.50 357.09 357.09 356.35 355.60 354.69 353.77 353.44 354.39 354.76 355.80 356.57 356.38 354.73 354.99
 355.20 355.20 355.20 346.80 346.80 346.80 346.80 355.15 363.50 363.50 363.50 357.09 353.89 353.66 355.60 355.60 353.12 353.12 352.91 354.21 356.76 355.40 353.07 354.67
 355.20 355.20 353.20 351.21 346.80 346.80 346.80 352.97 357.81 357.81 356.83 353.89 353.89 351.72 351.72 355.60 353.12 352.91 352.91 351.66 353.51 351.70 351.70 351.70
 351.31 352.00 351.21 351.21 351.21 346.80 348.57 352.11 352.11 352.11 352.11 351.84 351.61 351.18 351.18 353.39 353.12 352.91 352.91 351.89 352.12 352.12 351.70 349.36
 349.36 350.28 351.21 351.21 351.21 349.99 349.38 352.11 352.11 352.11 351.32 349.75 349.75 352.13 352.13 352.13 352.62 352.91 352.91 352.00 352.12 351.20 349.36 349.36
 349.36 350.29 351.21 351.21 349.99 348.77 348.77 348.13 347.49 347.49 347.96 348.74 349.62 350.88 351.50 351.82 350.88 351.34 352.91 350.81 352.12 350.89 349.36 349.36
 348.98 348.35 348.38 349.99 348.77 348.77 348.77 348.13 347.49 347.49 347.67 347.85 348.74 349.81 349.84 348.21 348.21 348.21 348.28 348.29 349.56 348.21 348.98 349.36
 348.21 348.33 348.38 348.33 348.59 348.77 348.59 348.21 347.73 347.49 347.80 347.85 348.27 348.21 348.21 348.21 348.21 348.21 348.27 348.29 348.27 348.21 348.21 348.21
 348.21 348.29 348.38 348.29 348.21 348.21 348.21 348.21 348.21 348.21 348.21 348.21 348.21 348.21 348.21 348.21 348.21 348.21 348.25 348.29 348.25 348.21 348.21 348.21
 348.21 348.21 348.21 348.21 348.21 348.21 348.21 348.21 348.21 348.21 348.21 348.21 348.21 348.21 348.21 348.21 348.21 348.21 348.21 348.21 348.21 348.21 348.21 348.21
 357.61 357.61 357.61 357.61 357.61 357.61 357.61 357.61 357.61 357.61 357.61 357.61 357.61 357.61 357.61 357.61 357.61 357.61 357.61 357.61 357.61 357.61 357.61 357.61
 355.89 356.75 357.61 357.61 357.61 357.61 357.61 357.61 357.61 357.61 357.61 357.50 357.17 356.73 357.17 355.89 357.61 357.61 357.61 357.61 357.61 357.11 357.61 356.49
 354.86 354.86 356.23 357.61 353.07 350.80 353.07 357.61 360.43 361.85 357.40 357.40 356.81 356.22 355.19 354.16 354.06 355.21 355.80 356.12 356.26 356.60 354.88 355.18
 355.50 355.50 355.50 350.80 350.80 350.80 350.80 356.32 361.85 361.85 361.85 357.40 353.93 354.36 355.81 355.81 353.96 353.96 353.98 354.48 355.92 355.23 353.17 354.92
 355.50 355.50 353.37 351.23 350.80 350.80 350.80 354.41 357.45 357.45 356.57 353.93 353.93 352.50 352.50 355.81 353.96 353.98 353.98 353.03 353.88 352.30 352.30 352.30
 351.37 352.09 351.23 351.23 351.23 350.80 351.55 353.06 353.06 353.06 353.06 352.25 351.93 351.77 351.77 353.79 353.96 353.98 353.98 352.86 352.69 352.69 352.30 349.30
 349.30 350.26 351.23 351.23 351.23 349.90 349.24 353.06 353.06 353.06 352.07 350.09 350.09 352.80 352.80 352.80 353.38 353.98 353.98 352.77 352.69 351.56 349.30 349.30
 349.30 350.27 351.23 351.23 349.90 348.57 348.57 348.10 347.64 347.64 348.10 348.82 349.60 351.20 352.00 352.40 351.34 352.07 353.98 351.54 352.69 351.18 349.30 349.30
 348.95 348.29 348.30 349.90 348.57 348.57 348.57 348.10 347.64 347.64 347.84 348.04 348.82 350.01 350.08 348.24 348.24 348.24 349.03 349.14 350.25 348.24 348.95 349.30
 348.24 348.28 348.30 348.28 348.46 348.57 348.46 348.24 347.84 347.64 347.94 348.04 348.37 348.24 348.24 348.24 348.24 348.24 348.91 349.14 348.91 348.24 348.24 348.24
 348.24 348.27 348.30 348.27 348.24 348.24 348.24 348.24 348.24 348.24 348.24 348.24 348.24 348.24 348.24 348.24 348.24 348.24 348.69 349.14 348.69 348.24 348.24 348.24
 348.24 348.24 348.24 348.24 348.24 348.24 348.24 348.24 348.24 348.24 348.24 348.24 348.24 348.24 348.24 348.24 348.24 348.24 348.24 348.24 348.24 348.24 348.24 348.24
 358.27 358.27 358.27 358.27 358.27 358.27 358.27 358.27 358.27 358.27 358.27 358.27 358.27 358.27 358.27 358.27 358.27 358.27 358.27 358.27 358.27 358.27 358.27 358.27
 356.53 358.30 360.10 359.19 358.27 358.27 358.27 358.27 358.27 358.27 358.27 357.95 357.98 357.68 357.98 357.25 358.27 358.27 358.27 358.27 358.27 356.86 358.27 357.17
 355.60 355.60 360.10 359.64 354.16 352.10 354.16 358.27 362.31 364.33 357.62 357.62 357.45 357.28 356.76 356.24 355.75 356.42 356.78 357.02 356.75 355.44 354.75 355.45
 355.30 355.30 357.70 352.10 352.10 352.10 352.10 358.21 364.33 364.33 364.33 357.62 354.99 355.55 356.39 356.39 355.25 355.25 355.29 356.05 358.05 355.85 354.07 354.99
 355.30 355.30 353.18 349.86 352.10 352.10 352.10 355.81 359.09 359.09 358.06 354.99 354.99 353.83 353.83 356.39 355.25 355.29 355.29 354.05 355.27 353.50 353.50 353.50
 351.16 351.45 349.86 349.86 349.86 352.10 352.68 353.85 353.85 353.85 353.85 353.04 352.73 352.59 352.59 354.49 355.25 355.29 355.29 353.88 353.70 353.70 353.50 349.09
 349.09 349.48 349.86 349.86 349.86 349.21 348.88 353.85 353.85 353.85 352.77 350.60 350.60 353.14 353.14 353.14 354.20 355.29 355.29 353.79 353.70 352.16 349.09 349.09
 349.09 349.48 349.86 349.86 349.21 348.56 348.56 348.10 347.65 347.65 348.20 348.98 349.68 351.41 352.27 352.71 351.77 352.99 355.29 352.32 353.70 351.65 349.09 349.09
 348.86 348.36 348.36 349.21 348.56 348.56 348.56 348.10 347.65 347.65 347.96 348.27 348.98 350.19 350.29 348.39 348.39 348.39 349.33 349.46 350.78 348.39 348.86 349.09
 348.39 348.37 348.36 348.37 348.50 348.56 348.50 348.39 347.90 347.65 348.07 348.27 348.55 348.39 348.39 348.39 348.39 348.39 349.19 349.46 349.19 348.39 348.39 348.39
 348.39 348.38 348.36 348.38 348.39 348.39 348.39 348.39 348.39 348.39 348.39 348.39 348.39 348.39 348.39 348.39 348.39 348.39 348.93 349.46 348.93 348.39 348.39 348.39
 348.40 348.40 348.40 348.40 348.40 348.40 348.40 348.40 348.40 348.40 348.40 348.40 348.40 348.40 348.40 348.40 348.40 348.40 348.40 348.40 348.40 348.40 348.40 348.40
 358.06 358.06 358.06 358.06 358.06 358.06 358.06 358.06 358.06 358.06 358.06 358.06 358.06 358.06 358.06 358.06 358.06 358.06 358.06 358.06 358.06 358.06 358.06 358.06
 356.02 357.13 357.30 357.68 358.06 358.06 358.06 358.06 358.06 358.06 358.06 358.22 357.57 357.09 357.57 357.46 358.06 358.06 358.06 358.06 358.06 357.14 358.06 355.91
 351.51 351.51 357.30 357.49 355.69 354.50 355.69 358.06 361.98 363.94 358.37 358.37 357.78 357.19 357.02 356.86 356.20 356.60 356.47 356.09 355.50 356.23 354.78 352.80
 354.10 354.10 355.70 354.50 354.50 354.50 354.50 359.22 363.94 363.94 363.94 358.37 355.77 355.83 355.75 355.75 355.54 355.54 354.88 354.70 354.78 354.78 353.33 353.91
 354.10 354.10 351.93 348.96 354.50 354.50 354.50 356.87 359.23 359.23 358.36 355.77 355.77 354.48 354.48 355.75 355.54 354.88 354.88 354.63 354.60 353.70 353.70 353.70
 351.09 350.85 348.96 348.96 348.96 354.50 354.51 354.52 354.52 354.52 354.52 353.23 352.68 352.29 352.29 354.02 355.54 354.88 354.88 354.50 354.38 354.38 353.70 349.58
 349.58 349.27 348.96 348.96 348.96 348.80 348.72 354.52 354.52 354.52 353.00 349.97 349.97 353.09 353.09 353.09 354.32 354.88 354.88 354.44 354.38 352.78 349.58 349.58
 349.58 349.27 348.96 348.96 348.80 348.64 348.64 348.27 347.91 347.91 348.49 349.18 349.47 351.28 352.18 352.64 351.85 352.78 354.88 352.75 354.38 352.25 349.58 349.58
 349.25 348.60 348.60 348.80 348.64 348.64 348.64 348.27 347.91 347.91 348.39 348.88 349.18 350.23 350.33 348.59 348.59 348.59 349.33 349.44 351.02 348.59 349.25 349.58
 348.59 348.60 348.60 348.60 348.62 348.64 348.62 348.59 348.14 347.91 348.44 348.88 348.88 348.59 348.59 348.59 348.59 348.59 349.23 349.44 349.23 348.59 348.59 348.59
 348.59 348.60 348.60 348.60 348.59 348.59 348.59 348.59 348.59 348.59 348.59 348.59 348.59 348.59 348.59 348.59 348.59 348.59 349.02 349.44 349.02 348.59 348.59 348.59
 348.59 348.59 348.59 348.59 348.59 348.59 348.59 348.59 348.59 348.59 348.59 348.59 348.59 348.59 348.59 348.59 348.59 348.59 348.59 348.59 348.59 348.59 348.59 348.59
 356.19 356.19 356.19 356.19 356.19 356.19 356.19 356.19 356.19 356.19 356.19 356.19 356.19 356.19 356.19 356.19 356.19 356.19 356.19 356.19 356.19 356.19 356.19 356.19
 353.96 354.15 352.30 354.25 356.19 356.19 356.19 356.19 356.19 356.19 356.19 355.43 355.68 355.18 355.68 354.89 356.19 356.19 356.19 356.19 356.19 354.17 356.19 353.89
 349.23 349.23 352.30 353.27 356.46 356.60 356.46 356.19 358.55 359.73 354.67 354.67 353.96 353.25 353.41 353.58 353.23 354.10 355.04 353.60 351.93 352.15 351.86 349.91
 350.60 350.60 351.45 356.60 356.60 356.60 356.60 358.16 359.73 359.73 359.73 354.67 355.04 353.51 352.95 352.95 352.88 352.88 353.89 352.67 351.71 351.81 351.56 350.84
 350.60 350.60 350.32 349.61 356.60 356.60 356.60 356.44 356.91 356.91 356.44 355.04 355.04 353.78 353.78 352.95 352.88 353.89 353.89 353.63 352.93 351.70 351.70 351.70
 350.75 350.29 349.61 349.61 349.61 356.60 355.77 354.10 354.10 354.10 354.10 352.77 352.23 351.91 351.91 352.43 352.88 353.89 353.89 353.53 353.44 353.44 351.70 350.82
 350.82 350.22 349.61 349.61 349.61 349.30 349.15 354.10 354.10 354.10 352.64 349.73 349.73 352.83 352.83 352.83 352.86 353.89 353.89 353.49 353.44 352.57 350.82 350.82
 350.82 350.21 349.61 349.61 349.30 349.00 349.00 348.60 348.20 348.20 348.61 349.15 349.57 351.20 352.02 352.42 351.39 352.22 353.89 352.17 353.44 352.28 350.82 350.82
 350.18 348.84 348.83 349.30 349.00 349.00 349.00 348.60 348.20 348.20 348.47 348.74 349.15 350.18 350.36 348.89 348.89 348.89 349.50 349.59 350.82 348.89 350.18 350.82
 348.89 348.85 348.83 348.85 348.96 349.00 348.96 348.89 348.43 348.20 348.57 348.74 348.93 348.89 348.89 348.89 348.89 348.89 349.42 349.59 349.42 348.89 348.89 348.89
 348.89 348.86 348.83 348.86 348.89 348.89 348.89 348.89 348.89 348.89 348.89 348.89 348.89 348.89 348.89 348.89 348.89 348.89 349.24 349.59 349.24 348.89 348.89 348.89
 348.89 348.89 348.89 348.89 348.89 348.89 348.89 348.89 348.89 348.89 348.89 348.89 348.89 348.89 348.89 348.89 348.89 348.89 348.89 348.89 348.89 348.89 348.89 348.89
 349.16 349.16 349.16 349.16 349.16 349.16 349.16 349.16 349.16 349.16 349.16 349.16 349.16 349.16 349.16 349.16 349.16 349.16 349.16 349.16 349.16 349.16 349.16 349.16
 348.31 347.76 345.80 347.48 349.16 349.16 349.16 349.16 349.16 349.16 349.16 347.54 348.68 348.21 348.68 349.10 349.16 349.16 349.16 349.16 349.16 349.99 349.16 348.24
 346.32 346.32 345.80 346.64 353.12 355.10 353.12 349.16 351.84 353.19 345.92 345.92 345.40 344.88 346.96 349.04 349.82 349.86 350.75 349.29 349.30 350.82 350.51 346.51
 346.70 346.70 346.25 355.10 355.10 355.10 355.10 354.14 353.19 353.19 353.19 345.92 353.16 348.47 349.10 349.10 350.59 350.59 352.33 349.41 347.78 349.60 350.20 347.57
 346.70 346.70 348.53 350.59 355.10 355.10 355.10 353.82 353.07 353.07 353.09 353.16 353.16 352.05 352.05 349.10 350.59 352.33 352.33 351.04 350.10 350.30 350.30 350.30
 349.90 349.56 350.59 350.59 350.59 355.10 354.39 352.96 352.96 352.96 352.96 351.89 351.50 351.38 351.38 350.24 350.59 352.33 352.33 351.25 351.47 351.47 350.30 351.50
 351.50 351.04 350.59 350.59 350.59 350.13 349.90 352.96 352.96 352.96 351.95 349.95 349.95 352.45 352.45 352.45 351.52 352.33 352.33 351.36 351.47 351.48 351.50 351.50
 351.50 351.04 350.59 350.59 350.13 349.68 349.68 349.27 348.86 348.86 349.26 349.90 350.64 351.54 352.00 352.22 351.01 351.32 352.33 350.84 351.47 351.48 351.50 351.50
 350.76 349.23 349.23 350.13 349.68 349.68 349.68 349.27 348.86 348.86 349.01 349.16 349.90 350.72 350.67 349.29 349.29 349.29 349.65 349.70 350.26 349.29 350.76 351.50
 349.29 349.24 349.23 349.24 349.55 349.68 349.55 349.29 349.00 348.86 349.08 349.16 349.45 349.29 349.29 349.29 349.29 349.29 349.60 349.70 349.60 349.29 349.29 349.29
 349.29 349.26 349.23 349.26 349.29 349.29 349.29 349.29 349.29 349.29 349.29 349.29 349.29 349.29 349.29 349.29 349.29 349.29 349.50 349.70 349.50 349.29 349.29 349.29
 349.29 349.29 349.29 349.29 349.29 349.29 349.29 349.29 349.29 349.29 349.29 349.29 349.29 349.29 349.29 349.29 349.29 349.29 349.29 349.29 349.29 349.29 349.29 349.29
 345.52 345.52 345.52 345.52 345.52 345.52 345.52 345.52 345.52 345.52 345.52 345.52 345.52 345.52 345.52 345.52 345.52 345.52 345.52 345.52 345.52 345.52 345.52 345.52
 343.15 350.07 344.30 344.91 345.52 345.52 345.52 345.52 345.52 345.52 345.52 344.08 344.23 342.94 344.23 344.53 345.52 345.52 345.52 345.52 345.52 345.66 345.52 344.80
 344.99 367.31 355.81 350.36 346.71 347.30 346.71 345.52 353.98 358.22 342.63 342.63 341.77 340.92 342.23 343.53 345.50 346.16 347.81 345.25 344.37 345.79 346.86 346.10
 347.20 357.25 356.53 347.30 347.30 347.30 347.30 352.76 358.22 358.22 358.22 342.63 350.55 345.33 346.85 346.85 347.47 347.47 350.10 345.88 342.94 345.55 347.92 347.38
 347.20 352.23 352.62 350.87 347.30 347.30 347.30 351.86 355.20 355.20 354.04 350.55 350.55 349.74 349.74 346.85 347.47 350.10 350.10 348.81 347.20 348.70 348.70 348.70
 349.93 351.03 350.87 350.87 350.87 347.30 348.93 352.19 352.19 352.19 352.19 350.77 350.34 350.44 350.44 348.65 347.47 350.10 350.10 349.33 349.85 349.85 348.70 351.29
 351.29 351.08 350.87 350.87 350.87 350.44 350.23 352.19 352.19 352.19 351.46 350.01 350.01 352.08 352.08 352.08 349.77 350.10 350.10 349.59 349.85 350.33 351.29 351.29
 351.29 351.08 350.87 350.87 350.44 350.01 350.01 349.60 349.18 349.18 349.49 349.88 350.11 351.09 351.59 351.83 350.44 349.97 350.10 349.86 349.85 350.49 351.29 351.29
 350.77 349.76 349.77 350.44 350.01 350.01 350.01 349.60 349.18 349.18 349.41 349.65 349.88 350.49 350.60 349.72 349.72 349.72 350.09 350.14 350.01 349.72 350.77 351.29
 349.72 349.76 349.77 349.76 349.92 350.01 349.92 349.72 349.36 349.18 349.49 349.65 349.75 349.72 349.72 349.72 349.72 349.72 350.03 350.14 350.03 349.72 349.72 349.72
 349.72 349.75 349.77 349.75 349.72 349.72 349.72 349.72 349.72 349.72 349.72 349.72 349.72 349.72 349.72 349.72 349.72 349.72 349.93 350.14 349.93 349.72 349.72 349.72
 349.72 349.72 349.72 349.72 349.72 349.72 349.72 349.72 349.72 349.72 349.72 349.72 349.72 349.72 349.72 349.72 349.72 349.72 349.72 349.72 349.72 349.72 349.72 349.72
 346.62 346.62 346.62 346.62 346.62 346.62 346.62 346.62 346.62 346.62 346.62 346.62 346.62 346.62 346.62 346.62 346.62 346.62 346.62 346.62 346.62 346.62 346.62 346.62
 344.92 353.35 349.40 348.01 346.62 346.62 346.62 346.62 346.62 346.62 346.62 345.72 346.08 345.54 346.08 346.68 346.62 346.62 346.62 346.62 346.62 345.83 346.62 346.22
 346.74 372.46 360.93 354.47 343.94 342.60 343.94 346.62 354.22 358.01 344.82 344.82 344.92 345.03 345.88 346.74 347.15 347.11 347.92 346.79 346.05 345.05 345.81 346.47
 346.20 359.33 360.13 342.60 342.60 342.60 342.60 350.31 358.01 358.01 358.01 344.82 349.43 346.61 348.13 348.13 347.56 347.56 349.23 347.70 347.05 346.22 346.57 346.29
 346.20 352.76 353.87 351.29 342.60 342.60 342.60 349.63 354.54 354.54 353.26 349.43 349.43 348.18 348.18 348.13 347.56 349.23 349.23 348.35 348.10 347.30 347.30 347.30
 349.51 351.20 351.29 351.29 351.29 342.60 345.42 351.06 351.06 351.06 351.06 350.03 349.89 350.50 350.50 349.31 347.56 349.23 349.23 348.62 348.89 348.89 347.30 351.17
 351.17 351.23 351.29 351.29 351.29 350.49 350.09 351.06 351.06 351.06 350.62 349.74 349.74 350.12 350.31 349.81 347.56 349.23 349.23 348.75 348.89 349.65 351.17 351.17
 351.17 351.23 351.29 351.29 350.49 349.69 349.69 349.48 349.26 349.26 349.63 350.08 350.35 350.35 350.35 350.35 349.28 349.47 349.23 349.48 348.89 349.90 351.17 351.17
 350.76 349.94 349.94 350.49 349.69 349.69 349.69 349.48 349.26 349.26 349.54 349.81 350.08 350.22 350.17 349.94 349.94 349.94 350.70 350.81 350.10 349.94 350.76 351.17
 349.94 349.94 349.94 349.94 349.77 349.69 349.77 349.94 349.49 349.26 349.64 349.81 349.94 349.94 349.94 349.94 349.94 349.94 350.59 350.81 350.59 349.94 349.94 349.94
 349.94 349.94 349.94 349.94 349.94 349.94 349.94 349.94 349.94 349.94 349.94 349.94 349.94 349.94 349.94 349.94 349.94 349.94 350.37 350.81 350.37 349.94 349.94 349.94
 349.94 349.94 349.94 349.94 349.94 349.94 349.94 349.94 349.94 349.94 349.94 349.94 349.94 349.94 349.94 349.94 349.94 349.94 349.94 349.94 349.94 349.94 349.94 349.94
 352.32 352.32 352.32 352.32 352.32 352.32 352.32 352.32 352.32 352.32 352.32 352.32 352.32 352.32 352.32 352.32 352.32 352.32 352.32 352.32 352.32 352.32 352.32 352.32
 349.95 356.90 352.20 352.26 352.32 352.32 352.32 352.32 352.32 352.32 352.32 352.89 351.42 350.51 351.42 351.30 352.32 352.32 352.32 352.32 352.32 351.37 352.32 352.10
 353.81 373.12 362.66 357.46 346.77 344.00 346.77 352.32 362.75 367.97 353.46 353.46 352.35 351.25 350.76 350.27 350.08 350.77 351.39 351.43 351.34 350.42 349.84 351.66
 349.50 361.31 361.99 344.00 344.00 344.00 344.00 355.98 367.97 367.97 367.97 353.46 350.67 350.14 349.82 349.82 349.89 349.89 350.46 350.64 352.25 350.64 349.26 349.44
 349.50 355.40 354.67 350.65 344.00 344.00 344.00 352.15 358.86 358.86 356.81 350.67 350.67 349.02 349.02 349.82 349.89 350.46 350.46 349.04 349.92 348.50 348.50 348.50
 350.59 351.89 350.65 350.65 350.65 344.00 345.92 349.76 349.76 349.76 349.76 350.25 350.50 350.74 350.74 350.28 349.89 350.46 350.46 348.75 348.46 348.46 348.50 351.14
 351.14 350.89 350.65 350.65 350.65 350.42 350.30 349.76 349.76 349.76 349.87 350.09 350.09 350.41 350.57 350.43 349.89 350.46 350.46 348.61 348.46 349.35 351.14 351.14
 351.14 350.89 350.65 350.65 350.42 350.19 350.19 349.63 349.08 349.08 349.59 350.29 350.87 350.87 350.87 350.87 350.25 350.30 350.46 349.27 348.46 349.65 351.14 351.14
 350.76 349.96 349.95 350.42 350.19 350.19 350.19 349.63 349.08 349.08 349.39 349.71 350.29 350.58 350.48 349.99 349.99 349.99 350.66 350.76 349.93 349.99 350.76 351.14
 349.99 349.96 349.95 349.96 350.12 350.19 350.12 349.99 349.38 349.08 349.54 349.71 350.00 349.99 349.99 349.99 349.99 349.99 350.57 350.76 350.57 349.99 349.99 349.99
 349.99 349.97 349.95 349.97 349.99 349.99 349.99 349.99 349.99 349.99 349.99 349.99 349.99 349.99 349.99 349.99 349.99 349.99 350.38 350.76 350.38 349.99 349.99 349.99
 349.99 349.99 349.99 349.99 349.99 349.99 349.99 349.99 349.99 349.99 349.99 349.99 349.99 349.99 349.99 349.99 349.99 349.99 349.99 349.99 349.99 349.99 349.99 349.99
 355.98 355.98 355.98 355.98 355.98 355.98 355.98 355.98 355.98 355.98 355.98 355.98 355.98 355.98 355.98 355.98 355.98 355.98 355.98 355.98 355.98 355.98 355.98 355.98
 353.59 360.41 356.20 356.09 355.98 355.98 355.98 355.98 355.98 355.98 355.98 355.95 355.38 354.78 355.38 354.70 355.98 355.98 355.98 355.98 355.98 354.15 355.98 355.33
 355.74 375.85 366.02 361.06 347.86 343.80 347.86 355.98 365.40 370.12 355.92 355.92 355.27 354.62 354.02 353.41 352.91 353.77 354.24 353.49 352.67 352.32 352.62 354.47
 353.20 364.52 365.27 343.80 343.80 343.80 343.80 356.96 370.12 370.12 370.12 355.92 352.03 352.46 351.51 351.51 352.41 352.41 352.50 351.81 353.02 352.75 352.91 353.13
 353.20 358.86 355.56 349.06 343.80 343.80 343.80 352.70 360.05 360.05 358.04 352.03 352.03 350.30 350.30 351.51 352.41 352.50 352.50 350.61 351.25 350.40 350.40 350.40
 351.87 352.48 349.06 349.06 349.06 343.80 345.86 349.98 349.98 349.98 349.98 350.97 351.23 351.03 351.03 351.27 352.41 352.50 352.50 350.36 350.11 350.11 350.40 351.21
 351.21 350.13 349.06 349.06 349.06 349.48 349.69 349.98 349.98 349.98 350.20 350.63 350.63 350.83 350.93 351.10 352.41 352.50 352.50 350.24 350.11 350.48 351.21 351.21
 351.21 350.13 349.06 349.06 349.48 349.90 349.90 349.41 348.92 348.92 349.50 350.36 351.18 351.18 351.18 351.18 351.14 351.61 352.50 350.27 350.11 350.60 351.21 351.21
 350.75 349.91 349.92 349.48 349.90 349.90 349.90 349.41 348.92 348.92 349.23 349.54 350.36 350.77 350.59 349.83 349.83 349.83 350.38 350.46 350.29 349.83 350.75 351.21
 349.83 349.90 349.92 349.90 349.88 349.90 349.88 349.83 349.22 348.92 349.38 349.54 349.91 349.83 349.83 349.83 349.83 349.83 350.30 350.46 350.30 349.83 349.83 349.83
 349.83 349.88 349.92 349.88 349.83 349.83 349.83 349.83 349.83 349.83 349.83 349.83 349.83 349.83 349.83 349.83 349.83 349.83 350.15 350.46 350.15 349.83 349.83 349.83
 349.83 349.83 349.83 349.83 349.83 349.83 349.83 349.83 349.83 349.83 349.83 349.83 349.83 349.83 349.83 349.83 349.83 349.83 349.83 349.83 349.83 349.83 349.83 349.83
 359.70 359.70 359.70 359.70 359.70 359.70 359.70 359.70 359.70 359.70 359.70 359.70 359.70 359.70 359.70 359.70 359.70 359.70 359.70 359.70 359.70 359.70 359.70 359.70
 355.50 361.54 360.20 359.95 359.70 359.70 359.70 359.70 359.70 359.70 359.70 358.92 358.84 357.98 358.84 357.45 359.70 359.70 359.70 359.70 359.70 357.82 359.70 357.81
 356.35 370.77 365.49 362.72 351.03 346.70 351.03 359.70 368.68 373.16 358.14 358.14 357.24 356.33 355.77 355.21 354.81 356.30 356.70 356.80 356.31 355.95 355.25 355.52
 354.70 362.74 364.11 346.70 346.70 346.70 346.70 359.93 373.16 373.16 373.16 358.14 353.03 353.92 354.81 354.81 354.40 354.40 353.70 354.39 356.66 355.72 354.55 354.66
 354.70 358.72 355.41 349.41 346.70 346.70 346.70 354.96 362.12 362.12 359.85 353.03 353.03 351.50 351.50 354.81 354.40 353.70 353.70 352.13 353.72 351.60 351.60 351.60
 352.47 352.74 349.41 349.41 349.41 346.70 348.16 351.08 351.08 351.08 351.08 351.82 351.99 351.74 351.74 353.27 354.40 353.70 353.70 352.25 352.37 352.37 351.60 351.35
 351.35 350.38 349.41 349.41 349.41 349.70 349.84 351.08 351.08 351.08 351.12 351.20 351.20 351.47 351.60 352.44 354.40 353.70 353.70 352.31 352.37 352.03 351.35 351.35
 351.35 350.38 349.41 349.41 349.70 349.98 349.98 349.50 349.03 349.03 349.61 350.62 351.89 351.89 351.89 351.89 352.03 352.40 353.70 351.59 352.37 351.92 351.35 351.35
 350.84 349.84 349.85 349.70 349.98 349.98 349.98 349.50 349.03 349.03 349.18 349.34 350.62 351.25 350.98 349.81 349.81 349.81 350.05 350.09 350.83 349.81 350.84 351.35
 349.81 349.84 349.85 349.84 349.92 349.98 349.92 349.81 349.29 349.03 349.34 349.34 349.92 349.81 349.81 349.81 349.81 349.81 350.02 350.09 350.02 349.81 349.81 349.81
 349.81 349.83 349.85 349.83 349.81 349.81 349.81 349.81 349.81 349.81 349.81 349.81 349.81 349.81 349.81 349.81 349.81 349.81 349.95 350.09 349.95 349.81 349.81 349.81
 349.81 349.81 349.81 349.81 349.81 349.81 349.81 349.81 349.81 349.81 349.81 349.81 349.81 349.81 349.81 349.81 349.81 349.81 349.81 349.81 349.81 349.81 349.81 349.81
