1976 MONTHLY CO2 (PPMV)   24  12  LON/LAT (N-S/0-360E) IN 15 DEGREE RESOLUTION,  GLB ANNUAL MEAN = 332.41,  GROWTH RATE = 0.46,  MISS DATA = -99.99
 335.64 335.64 335.64 335.64 335.64 335.64 335.64 335.64 335.64 335.64 335.64 335.64 335.64 335.64 335.64 335.64 335.64 335.64 335.64 335.64 335.64 335.64 335.64 335.64
 338.03 335.64 335.64 335.64 335.64 335.64 335.64 335.64 335.64 335.64 335.64 335.64 336.34 337.05 336.34 335.64 335.64 335.64 335.64 335.64 335.64 335.64 335.64 335.64
 340.43 340.43 338.03 335.64 335.64 335.64 335.64 335.64 335.64 335.64 335.64 335.64 336.69 337.05 336.69 333.73 332.78 333.73 335.64 335.64 335.64 335.64 338.03 340.43
 340.43 340.43 339.23 335.64 335.64 335.64 335.64 335.64 335.64 335.64 335.64 333.03 331.73 331.73 332.08 332.78 332.78 332.78 332.78 334.21 335.64 335.64 339.23 340.43
 340.43 340.43 339.83 335.64 335.64 335.64 335.64 335.64 335.64 333.68 331.73 331.73 331.73 331.73 331.73 332.43 332.78 332.78 332.78 333.50 335.64 335.64 339.83 340.43
 340.43 340.43 340.13 335.64 335.64 335.64 335.64 335.64 332.87 331.51 331.56 331.66 331.86 332.26 332.26 332.26 332.78 332.78 332.78 333.14 335.64 335.64 340.13 340.43
 340.43 336.86 329.73 329.73 329.73 329.73 329.73 330.60 331.47 331.47 331.47 331.47 331.47 331.86 332.06 332.16 332.78 332.78 331.76 329.73 329.73 329.73 329.73 335.08
 329.73 329.73 329.73 329.73 329.73 329.73 329.73 329.73 330.44 330.67 330.67 330.67 331.47 331.66 331.86 331.25 331.26 329.73 329.73 329.73 329.73 329.73 329.73 329.73
 329.73 329.73 329.73 329.73 329.73 329.73 329.73 329.73 330.20 330.67 330.67 330.67 330.67 330.67 330.20 329.73 329.73 329.73 329.73 329.73 329.73 329.73 329.73 329.73
 329.73 329.73 329.73 329.73 329.73 329.73 329.73 329.73 329.73 329.73 330.36 330.67 330.36 329.73 329.73 329.73 329.73 329.73 329.73 329.73 329.73 329.73 329.73 329.73
 329.73 329.73 329.73 329.73 329.73 329.73 329.73 329.73 329.73 329.73 329.73 329.73 329.73 329.73 329.73 329.73 329.73 329.73 329.73 329.73 329.73 329.73 329.73 329.73
 329.73 329.73 329.73 329.73 329.73 329.73 329.73 329.73 329.73 329.73 329.73 329.73 329.73 329.73 329.73 329.73 329.73 329.73 329.73 329.73 329.73 329.73 329.73 329.73
 336.72 336.72 336.72 336.72 336.72 336.72 336.72 336.72 336.72 336.72 336.72 336.72 336.72 336.72 336.72 336.72 336.72 336.72 336.72 336.72 336.72 336.72 336.72 336.72
 342.67 336.72 336.72 336.72 336.72 336.72 336.72 336.72 336.72 336.72 336.72 336.72 336.97 337.21 336.97 336.72 336.72 336.72 336.72 336.72 336.72 336.72 336.72 336.72
 348.61 348.61 342.67 336.72 336.72 336.72 336.72 336.72 336.72 336.72 336.72 336.72 337.09 337.21 337.09 335.30 334.59 335.30 336.72 337.72 338.22 337.72 342.67 348.61
 348.61 348.61 345.64 336.72 336.72 336.72 336.72 336.72 336.72 336.72 336.72 334.01 332.66 332.66 333.30 334.59 334.59 334.59 336.41 338.22 338.22 338.22 338.22 348.61
 348.61 348.61 347.13 336.72 336.72 336.72 336.72 336.72 336.72 334.69 332.66 332.66 332.66 332.66 332.66 333.95 334.59 334.59 336.41 338.22 338.22 338.22 338.22 348.61
 348.61 348.61 347.87 336.72 336.72 336.72 336.72 336.72 333.05 331.23 331.26 331.32 331.44 331.68 331.68 331.68 334.59 334.59 336.41 338.22 338.22 338.22 338.22 348.61
 348.61 342.24 329.48 329.48 329.48 329.48 329.48 330.34 331.19 331.19 331.19 331.19 331.19 331.44 331.56 331.62 334.59 334.59 334.67 338.22 338.22 338.22 335.31 339.05
 329.48 329.48 329.48 329.48 329.48 329.48 329.48 329.48 330.39 330.69 330.69 330.69 331.19 331.32 331.44 330.85 332.04 329.48 329.48 329.48 333.85 329.48 329.48 329.48
 329.48 329.48 329.48 329.48 329.48 329.48 329.48 329.48 330.09 330.69 330.69 330.69 330.69 330.69 330.09 329.48 329.48 329.48 329.48 329.48 329.48 329.48 329.48 329.48
 329.48 329.48 329.48 329.48 329.48 329.48 329.48 329.48 329.48 329.48 330.29 330.69 330.29 329.48 329.48 329.48 329.48 329.48 329.48 329.48 329.48 329.48 329.48 329.48
 329.48 329.48 329.48 329.48 329.48 329.48 329.48 329.48 329.48 329.48 329.48 329.48 329.48 329.48 329.48 329.48 329.48 329.48 329.48 329.48 329.48 329.48 329.48 329.48
 329.48 329.48 329.48 329.48 329.48 329.48 329.48 329.48 329.48 329.48 329.48 329.48 329.48 329.48 329.48 329.48 329.48 329.48 329.48 329.48 329.48 329.48 329.48 329.48
 338.05 338.05 338.05 338.05 338.05 338.05 338.05 338.05 338.05 338.05 338.05 338.05 338.05 338.05 338.05 338.05 338.05 338.05 338.05 338.05 338.05 338.05 338.05 338.05
 340.90 338.05 338.05 338.05 338.05 338.05 338.05 338.05 338.05 338.05 338.05 338.05 337.87 337.69 337.87 338.05 338.05 338.05 338.05 338.05 338.05 338.05 338.05 338.05
 343.75 343.75 340.90 338.05 338.05 338.05 338.05 338.05 338.05 338.05 338.05 338.05 337.78 337.69 337.78 335.77 334.63 335.77 338.05 337.42 337.10 337.42 340.90 343.75
 343.75 343.75 342.32 338.05 338.05 338.05 338.05 338.05 338.05 338.05 338.05 335.14 333.69 333.69 334.00 334.63 334.63 334.63 335.87 337.10 337.10 337.10 337.10 343.75
 343.75 343.75 343.04 338.05 338.05 338.05 338.05 338.05 338.05 335.87 333.69 333.69 333.69 333.69 333.69 334.32 334.63 334.63 335.87 337.10 337.10 337.10 337.10 343.75
 343.75 343.75 343.39 338.05 338.05 338.05 338.05 338.05 333.43 331.21 331.37 331.69 332.33 333.62 333.62 333.62 334.63 334.63 335.87 337.10 337.10 337.10 337.10 343.75
 343.75 338.96 329.39 329.39 329.39 329.39 329.39 330.22 331.04 331.04 331.04 331.04 331.04 332.33 332.98 333.30 334.63 334.63 334.25 337.10 337.10 337.10 334.53 336.57
 329.39 329.39 329.39 329.39 329.39 329.39 329.39 329.39 330.15 330.40 330.40 330.40 331.04 331.69 332.33 331.67 332.01 329.39 329.39 329.39 333.24 329.39 329.39 329.39
 329.39 329.39 329.39 329.39 329.39 329.39 329.39 329.39 329.89 330.40 330.40 330.40 330.40 330.40 329.89 329.39 329.39 329.39 329.39 329.39 329.39 329.39 329.39 329.39
 329.39 329.39 329.39 329.39 329.39 329.39 329.39 329.39 329.39 329.39 330.06 330.40 330.06 329.39 329.39 329.39 329.39 329.39 329.39 329.39 329.39 329.39 329.39 329.39
 329.39 329.39 329.39 329.39 329.39 329.39 329.39 329.39 329.39 329.39 329.39 329.39 329.39 329.39 329.39 329.39 329.39 329.39 329.39 329.39 329.39 329.39 329.39 329.39
 329.39 329.39 329.39 329.39 329.39 329.39 329.39 329.39 329.39 329.39 329.39 329.39 329.39 329.39 329.39 329.39 329.39 329.39 329.39 329.39 329.39 329.39 329.39 329.39
 339.29 339.29 339.29 339.29 339.29 339.29 339.29 339.29 339.29 339.29 339.29 339.29 339.29 339.29 339.29 339.29 339.29 339.29 339.29 339.29 339.29 339.29 339.29 339.29
 342.15 342.15 342.15 342.15 342.15 342.15 340.83 338.19 338.19 338.19 338.19 338.19 338.19 338.19 338.19 338.19 335.02 335.02 336.67 338.33 338.33 338.33 342.15 342.15
 342.15 342.15 342.15 342.15 342.15 342.15 342.15 339.51 338.19 338.19 338.19 338.19 338.19 338.19 338.19 335.02 335.02 335.02 336.67 338.33 338.33 338.33 342.15 342.15
 342.15 342.15 342.15 342.15 342.15 342.15 342.15 331.16 332.22 333.63 335.04 335.04 335.04 335.04 335.03 335.02 335.02 335.02 336.67 338.33 338.33 338.33 338.33 342.15
 342.15 342.15 342.15 342.15 342.15 337.89 329.75 330.10 330.81 332.22 335.04 335.04 335.04 335.04 335.04 335.03 335.02 335.02 336.67 338.33 338.33 338.33 338.33 342.15
 342.15 342.15 342.15 337.89 329.35 329.35 329.40 329.40 329.40 329.40 331.51 331.81 332.42 333.62 333.62 333.62 335.02 335.02 336.67 338.33 338.33 338.33 338.33 342.15
 342.15 337.89 329.35 329.35 329.35 329.35 329.39 329.40 329.40 329.40 331.21 331.21 331.21 332.42 333.02 333.32 335.02 335.02 334.84 338.33 338.33 338.33 335.34 335.75
 329.35 329.35 329.35 329.35 329.35 329.35 329.39 329.40 329.40 329.40 329.74 330.08 331.21 331.81 332.42 331.69 332.19 329.35 329.35 329.35 333.84 329.35 329.35 329.35
 329.35 329.35 329.35 329.35 329.35 329.35 329.38 329.40 329.40 329.40 329.74 330.08 330.08 330.08 329.72 329.35 329.35 329.35 329.35 329.35 329.35 329.35 329.35 329.35
 329.35 329.35 329.35 329.35 329.35 329.35 329.35 329.35 329.38 329.40 329.64 330.08 329.84 329.35 329.35 329.35 329.35 329.35 329.35 329.35 329.35 329.35 329.35 329.35
 329.35 329.35 329.35 329.35 329.35 329.35 329.35 329.35 329.35 329.35 329.35 329.35 329.35 329.35 329.35 329.35 329.35 329.35 329.35 329.35 329.35 329.35 329.35 329.35
 329.35 329.35 329.35 329.35 329.35 329.35 329.35 329.35 329.35 329.35 329.35 329.35 329.35 329.35 329.35 329.35 329.35 329.35 329.35 329.35 329.35 329.35 329.35 329.35
 338.48 338.48 338.48 338.48 338.48 338.48 338.48 338.48 338.48 338.48 338.48 338.48 338.48 338.48 338.48 338.48 338.48 338.48 338.48 338.48 338.48 338.48 338.48 338.48
 337.47 338.48 338.48 338.48 338.48 338.48 338.48 338.48 338.48 338.48 338.48 338.48 338.12 337.76 338.12 338.48 338.48 338.48 338.48 338.48 338.48 338.48 338.48 338.48
 336.46 336.46 337.47 338.48 338.48 338.48 338.48 338.48 338.48 338.48 338.48 338.48 337.94 337.76 337.94 335.83 334.51 335.83 338.48 338.48 338.48 338.48 337.47 336.46
 336.46 336.46 336.96 338.48 338.48 338.48 338.48 338.48 338.48 338.48 338.48 336.39 335.34 335.34 335.06 334.51 334.51 334.51 334.51 336.50 338.48 338.48 336.96 336.46
 336.46 336.46 336.71 338.48 338.48 338.48 338.48 338.48 338.48 334.24 335.34 335.34 335.34 335.34 335.34 334.79 334.51 334.51 334.51 335.50 338.48 338.48 336.71 336.46
 336.46 336.46 336.58 338.48 338.48 338.48 338.48 332.09 328.90 328.90 331.38 331.71 332.37 333.70 333.70 333.70 334.51 334.51 334.51 335.01 338.48 338.48 336.58 336.46
 336.46 334.15 329.55 329.55 329.55 329.55 328.98 328.90 328.90 328.90 331.05 331.05 331.05 332.37 333.04 333.37 334.51 334.51 332.86 329.55 329.55 329.55 329.55 333.00
 329.55 329.55 329.55 329.55 329.55 329.55 329.06 328.90 328.90 328.90 329.70 330.50 331.05 331.71 332.37 331.76 332.03 329.55 329.55 329.55 329.55 329.55 329.55 329.55
 329.55 329.55 329.55 329.55 329.55 329.55 329.22 328.90 328.90 328.90 329.70 330.50 330.50 330.50 330.02 329.55 329.55 329.55 329.55 329.55 329.55 329.55 329.55 329.55
 329.55 329.55 329.55 329.55 329.55 329.55 329.55 329.55 329.12 328.90 329.66 330.50 330.18 329.55 329.55 329.55 329.55 329.55 329.55 329.55 329.55 329.55 329.55 329.55
 329.55 329.55 329.55 329.55 329.55 329.55 329.55 329.55 329.55 329.55 329.55 329.55 329.55 329.55 329.55 329.55 329.55 329.55 329.55 329.55 329.55 329.55 329.55 329.55
 329.55 329.55 329.55 329.55 329.55 329.55 329.55 329.55 329.55 329.55 329.55 329.55 329.55 329.55 329.55 329.55 329.55 329.55 329.55 329.55 329.55 329.55 329.55 329.55
 334.43 334.43 334.43 334.43 334.43 334.43 334.43 334.43 334.43 334.43 334.43 334.43 334.43 334.43 334.43 334.43 334.43 334.43 334.43 334.43 334.43 334.43 334.43 334.43
 333.35 333.35 333.35 333.35 333.35 333.35 334.24 336.01 336.01 336.01 336.01 336.01 336.01 336.01 336.01 336.01 333.58 333.58 333.58 333.58 333.35 333.35 333.35 333.35
 333.35 333.35 333.35 333.35 333.35 333.35 333.35 335.12 336.01 336.01 336.01 336.01 336.01 336.01 336.01 333.58 333.58 333.58 333.58 333.58 333.35 333.35 333.35 333.35
 333.35 333.35 333.35 333.35 333.35 333.35 333.35 330.68 331.69 333.03 334.37 334.37 334.37 334.37 334.11 333.58 333.58 333.58 333.58 333.58 333.58 333.35 333.35 333.35
 333.35 333.35 333.35 333.35 333.35 332.13 329.36 329.67 330.34 331.69 334.37 334.37 334.37 334.37 334.37 333.84 333.58 333.58 333.58 333.58 333.58 333.35 333.35 333.35
 333.35 333.35 333.35 332.13 329.70 329.70 329.04 329.00 329.00 329.00 331.44 331.66 332.10 332.98 332.98 332.98 333.58 333.58 333.58 333.58 332.28 332.13 333.35 333.35
 333.35 332.13 329.70 329.70 329.70 329.70 329.09 329.00 329.00 329.00 331.21 331.21 331.21 332.10 332.54 332.76 333.58 333.58 332.28 329.70 329.70 329.70 329.70 331.52
 329.70 329.70 329.70 329.70 329.70 329.70 329.17 329.00 329.00 329.00 329.81 330.61 331.21 331.66 332.10 331.52 331.64 329.70 329.70 329.70 329.70 329.70 329.70 329.70
 329.70 329.70 329.70 329.70 329.70 329.70 329.35 329.00 329.00 329.00 329.81 330.61 330.61 330.61 330.15 329.70 329.70 329.70 329.70 329.70 329.70 329.70 329.70 329.70
 329.70 329.70 329.70 329.70 329.70 329.70 329.70 329.70 329.23 329.00 329.78 330.61 330.31 329.70 329.70 329.70 329.70 329.70 329.70 329.70 329.70 329.70 329.70 329.70
 329.70 329.70 329.70 329.70 329.70 329.70 329.70 329.70 329.70 329.70 329.70 329.70 329.70 329.70 329.70 329.70 329.70 329.70 329.70 329.70 329.70 329.70 329.70 329.70
 329.70 329.70 329.70 329.70 329.70 329.70 329.70 329.70 329.70 329.70 329.70 329.70 329.70 329.70 329.70 329.70 329.70 329.70 329.70 329.70 329.70 329.70 329.70 329.70
 329.60 329.60 329.60 329.60 329.60 329.60 329.60 329.60 329.60 329.60 329.60 329.60 329.60 329.60 329.60 329.60 329.60 329.60 329.60 329.60 329.60 329.60 329.60 329.60
 331.70 329.60 329.60 329.60 329.60 329.60 329.60 329.60 329.60 329.60 329.60 329.60 330.01 330.42 330.01 329.60 329.60 329.60 329.60 329.60 329.60 329.60 329.60 329.60
 333.80 333.80 331.70 329.60 329.60 329.60 329.60 329.60 329.60 329.60 329.60 329.60 330.22 330.42 330.22 330.02 330.23 330.02 329.60 329.60 329.60 329.60 331.70 333.80
 333.80 333.80 332.75 329.60 329.60 329.60 329.60 329.60 329.60 329.60 329.60 331.46 332.40 332.40 331.68 330.23 330.23 330.23 330.23 329.92 329.60 329.60 332.75 333.80
 333.80 333.80 333.27 329.60 329.60 329.60 329.60 329.60 329.60 331.00 332.40 332.40 332.40 332.40 332.40 330.95 330.23 330.23 330.23 330.07 329.60 329.60 333.27 333.80
 333.80 333.80 333.53 329.60 329.60 329.60 329.60 329.60 330.63 331.22 331.36 331.63 332.19 333.29 333.29 333.29 330.23 330.23 330.23 330.15 329.60 329.60 333.53 333.80
 333.80 332.57 330.11 330.11 330.11 330.11 330.11 330.59 331.08 331.08 331.08 331.08 331.08 332.19 332.74 333.01 330.23 330.23 330.19 330.11 330.11 330.11 330.11 331.95
 330.11 330.11 330.11 330.11 330.11 330.11 330.11 330.11 331.15 331.50 331.50 331.50 331.08 331.63 332.19 331.77 330.17 330.11 330.11 330.11 330.11 330.11 330.11 330.11
 330.11 330.11 330.11 330.11 330.11 330.11 330.11 330.11 330.80 331.50 331.50 331.50 331.50 331.50 330.80 330.11 330.11 330.11 330.11 330.11 330.11 330.11 330.11 330.11
 330.11 330.11 330.11 330.11 330.11 330.11 330.11 330.11 330.11 330.11 331.04 331.50 331.04 330.11 330.11 330.11 330.11 330.11 330.11 330.11 330.11 330.11 330.11 330.11
 330.11 330.11 330.11 330.11 330.11 330.11 330.11 330.11 330.11 330.11 330.11 330.11 330.11 330.11 330.11 330.11 330.11 330.11 330.11 330.11 330.11 330.11 330.11 330.11
 330.11 330.11 330.11 330.11 330.11 330.11 330.11 330.11 330.11 330.11 330.11 330.11 330.11 330.11 330.11 330.11 330.11 330.11 330.11 330.11 330.11 330.11 330.11 330.11
 323.61 323.61 323.61 323.61 323.61 323.61 323.61 323.61 323.61 323.61 323.61 323.61 323.61 323.61 323.61 323.61 323.61 323.61 323.61 323.61 323.61 323.61 323.61 323.61
 326.15 323.61 323.61 323.61 323.61 323.61 323.61 323.61 323.61 323.61 323.61 323.61 323.93 324.26 323.93 323.61 323.61 323.61 323.61 323.61 323.61 323.61 323.61 323.61
 328.70 328.70 326.15 323.61 323.61 323.61 323.61 323.61 323.61 323.61 323.61 323.61 324.10 324.26 324.10 326.81 328.41 326.81 323.61 322.96 322.64 322.96 326.15 328.70
 328.70 328.70 327.43 323.61 323.61 323.61 323.61 323.61 323.61 323.61 323.61 328.11 330.36 330.36 329.71 328.41 328.41 328.41 325.53 322.64 322.64 322.64 322.64 328.70
 328.70 328.70 328.06 323.61 323.61 323.61 323.61 323.61 323.61 326.98 330.36 330.36 330.36 330.36 330.36 329.06 328.41 328.41 325.53 322.64 322.64 322.64 322.64 328.70
 328.70 328.70 328.38 323.61 323.61 323.61 323.61 323.61 328.78 331.39 331.44 331.55 331.76 332.18 332.18 332.18 328.41 328.41 325.53 322.64 322.64 322.64 322.64 328.70
 328.70 329.33 330.59 330.59 330.59 330.59 330.59 330.96 331.34 331.34 331.34 331.34 331.34 331.76 331.97 332.07 328.41 328.41 326.79 322.64 322.64 322.64 325.29 329.65
 330.59 330.59 330.59 330.59 330.59 330.59 330.59 330.59 331.22 331.43 331.43 331.43 331.34 331.55 331.76 331.48 329.50 330.59 330.59 330.59 326.62 330.59 330.59 330.59
 330.59 330.59 330.59 330.59 330.59 330.59 330.59 330.59 331.01 331.43 331.43 331.43 331.43 331.43 331.01 330.59 330.59 330.59 330.59 330.59 330.59 330.59 330.59 330.59
 330.59 330.59 330.59 330.59 330.59 330.59 330.59 330.59 330.59 330.59 331.15 331.43 331.15 330.59 330.59 330.59 330.59 330.59 330.59 330.59 330.59 330.59 330.59 330.59
 330.59 330.59 330.59 330.59 330.59 330.59 330.59 330.59 330.59 330.59 330.59 330.59 330.59 330.59 330.59 330.59 330.59 330.59 330.59 330.59 330.59 330.59 330.59 330.59
 330.59 330.59 330.59 330.59 330.59 330.59 330.59 330.59 330.59 330.59 330.59 330.59 330.59 330.59 330.59 330.59 330.59 330.59 330.59 330.59 330.59 330.59 330.59 330.59
 328.59 328.59 328.59 328.59 328.59 328.59 328.59 328.59 328.59 328.59 328.59 328.59 328.59 328.59 328.59 328.59 328.59 328.59 328.59 328.59 328.59 328.59 328.59 328.59
 333.83 333.83 333.83 333.83 333.83 333.83 331.05 325.48 325.48 325.48 325.48 325.48 325.48 325.48 325.48 325.48 327.12 327.12 326.17 325.22 325.22 325.22 333.83 333.83
 333.83 333.83 333.83 333.83 333.83 333.83 333.83 328.27 325.48 325.48 325.48 325.48 325.48 325.48 325.48 327.12 327.12 327.12 326.17 325.22 325.22 325.22 333.83 333.83
 333.83 333.83 333.83 333.83 333.83 333.83 333.83 330.35 330.02 329.57 329.13 329.13 329.13 329.13 328.46 327.12 327.12 327.12 326.17 325.22 325.22 325.22 325.22 333.83
 333.83 333.83 333.83 333.83 333.83 332.89 330.79 330.68 330.46 330.02 329.13 329.13 329.13 329.13 329.13 327.79 327.12 327.12 326.17 325.22 325.22 325.22 325.22 333.83
 333.83 333.83 333.83 332.89 331.00 331.00 330.91 330.90 330.90 330.90 331.53 331.48 331.39 331.21 331.21 331.21 327.12 327.12 326.17 325.22 325.22 325.22 325.22 333.83
 333.83 332.89 331.00 331.00 331.00 331.00 330.91 330.90 330.90 330.90 331.57 331.57 331.57 331.39 331.30 331.26 327.12 327.12 327.38 325.22 325.22 325.22 327.15 332.42
 331.00 331.00 331.00 331.00 331.00 331.00 330.92 330.90 330.90 330.90 331.08 331.26 331.57 331.48 331.39 331.22 329.06 331.00 331.00 331.00 328.11 331.00 331.00 331.00
 331.00 331.00 331.00 331.00 331.00 331.00 330.95 330.90 330.90 330.90 331.08 331.26 331.26 331.26 331.13 331.00 331.00 331.00 331.00 331.00 331.00 331.00 331.00 331.00
 331.00 331.00 331.00 331.00 331.00 331.00 331.00 331.00 330.93 330.90 331.06 331.26 331.17 331.00 331.00 331.00 331.00 331.00 331.00 331.00 331.00 331.00 331.00 331.00
 331.00 331.00 331.00 331.00 331.00 331.00 331.00 331.00 331.00 331.00 331.00 331.00 331.00 331.00 331.00 331.00 331.00 331.00 331.00 331.00 331.00 331.00 331.00 331.00
 331.00 331.00 331.00 331.00 331.00 331.00 331.00 331.00 331.00 331.00 331.00 331.00 331.00 331.00 331.00 331.00 331.00 331.00 331.00 331.00 331.00 331.00 331.00 331.00
 331.92 331.92 331.92 331.92 331.92 331.92 331.92 331.92 331.92 331.92 331.92 331.92 331.92 331.92 331.92 331.92 331.92 331.92 331.92 331.92 331.92 331.92 331.92 331.92
 337.64 331.92 331.92 331.92 331.92 331.92 331.92 331.92 331.92 331.92 331.92 331.92 330.74 329.56 330.74 331.92 331.92 331.92 331.92 331.92 331.92 331.92 331.92 331.92
 343.36 343.36 337.64 331.92 331.92 331.92 331.92 331.92 331.92 331.92 331.92 331.92 330.15 329.56 330.15 330.59 329.93 330.59 331.92 333.07 333.64 333.07 337.64 343.36
 343.36 343.36 340.50 331.92 331.92 331.92 331.92 331.92 331.92 331.92 331.92 330.16 329.28 329.28 329.50 329.93 329.93 329.93 331.78 333.64 333.64 333.64 333.64 343.36
 343.36 343.36 341.93 331.92 331.92 331.92 331.92 331.92 331.92 330.60 329.28 329.28 329.28 329.28 329.28 329.71 329.93 329.93 331.78 333.64 333.64 333.64 333.64 343.36
 343.36 343.36 342.64 331.92 331.92 331.92 331.92 331.92 331.84 331.79 331.77 331.72 331.62 331.42 331.42 331.42 329.93 329.93 331.78 333.64 333.64 333.64 333.64 343.36
 343.36 339.32 331.25 331.25 331.25 331.25 331.25 331.53 331.81 331.81 331.81 331.81 331.81 331.62 331.52 331.47 329.93 329.93 331.65 333.64 333.64 333.64 332.84 337.31
 331.25 331.25 331.25 331.25 331.25 331.25 331.25 331.25 331.47 331.54 331.54 331.54 331.81 331.72 331.62 331.45 330.59 331.25 331.25 331.25 332.45 331.25 331.25 331.25
 331.25 331.25 331.25 331.25 331.25 331.25 331.25 331.25 331.40 331.54 331.54 331.54 331.54 331.54 331.40 331.25 331.25 331.25 331.25 331.25 331.25 331.25 331.25 331.25
 331.25 331.25 331.25 331.25 331.25 331.25 331.25 331.25 331.25 331.25 331.44 331.54 331.44 331.25 331.25 331.25 331.25 331.25 331.25 331.25 331.25 331.25 331.25 331.25
 331.25 331.25 331.25 331.25 331.25 331.25 331.25 331.25 331.25 331.25 331.25 331.25 331.25 331.25 331.25 331.25 331.25 331.25 331.25 331.25 331.25 331.25 331.25 331.25
 331.25 331.25 331.25 331.25 331.25 331.25 331.25 331.25 331.25 331.25 331.25 331.25 331.25 331.25 331.25 331.25 331.25 331.25 331.25 331.25 331.25 331.25 331.25 331.25
 332.61 332.61 332.61 332.61 332.61 332.61 332.61 332.61 332.61 332.61 332.61 332.61 332.61 332.61 332.61 332.61 332.61 332.61 332.61 332.61 332.61 332.61 332.61 332.61
 338.42 332.61 332.61 332.61 332.61 332.61 332.61 332.61 332.61 332.61 332.61 332.61 333.01 333.41 333.01 332.61 332.61 332.61 332.61 332.61 332.61 332.61 332.61 332.61
 344.23 344.23 338.42 332.61 332.61 332.61 332.61 332.61 332.61 332.61 332.61 332.61 333.21 333.41 333.21 332.26 332.08 332.26 332.61 333.00 333.20 333.00 338.42 344.23
 344.23 344.23 341.32 332.61 332.61 332.61 332.61 332.61 332.61 332.61 332.61 331.35 330.72 330.72 331.18 332.08 332.08 332.08 332.64 333.20 333.20 333.20 333.20 344.23
 344.23 344.23 342.77 332.61 332.61 332.61 332.61 332.61 332.61 331.41 330.72 330.72 330.72 330.72 330.72 331.63 332.08 332.08 332.64 333.20 333.20 333.20 333.20 344.23
 344.23 344.23 343.50 332.61 332.61 332.61 332.61 331.47 330.90 330.90 332.28 332.28 332.28 330.72 330.72 331.48 332.08 332.08 332.64 333.20 333.20 333.20 333.20 344.23
 344.23 339.91 331.29 331.29 331.29 331.29 330.95 330.90 330.90 330.90 332.28 332.28 332.28 332.28 332.28 332.28 332.08 332.08 332.30 333.20 333.20 333.20 332.56 337.76
 331.29 331.29 331.29 331.29 331.29 331.29 331.00 330.90 330.90 330.90 331.33 331.77 332.28 332.28 332.28 331.95 331.69 331.29 331.29 331.29 332.25 331.29 331.29 331.29
 331.29 331.29 331.29 331.29 331.29 331.29 331.10 330.90 330.90 330.90 331.33 331.77 331.77 331.77 331.53 331.29 331.29 331.29 331.29 331.29 331.29 331.29 331.29 331.29
 331.29 331.29 331.29 331.29 331.29 331.29 331.29 331.29 331.03 330.90 331.32 331.77 331.61 331.29 331.29 331.29 331.29 331.29 331.29 331.29 331.29 331.29 331.29 331.29
 331.29 331.29 331.29 331.29 331.29 331.29 331.29 331.29 331.29 331.29 331.29 331.29 331.29 331.29 331.29 331.29 331.29 331.29 331.29 331.29 331.29 331.29 331.29 331.29
 331.29 331.29 331.29 331.29 331.29 331.29 331.29 331.29 331.29 331.29 331.29 331.29 331.29 331.29 331.29 331.29 331.29 331.29 331.29 331.29 331.29 331.29 331.29 331.29
 338.65 338.65 338.65 338.65 338.65 338.65 338.65 338.65 338.65 338.65 338.65 338.65 338.65 338.65 338.65 338.65 338.65 338.65 338.65 338.65 338.65 338.65 338.65 338.65
 341.13 338.65 338.65 338.65 338.65 338.65 338.65 338.65 338.65 338.65 338.65 338.65 337.74 336.83 337.74 338.65 338.65 338.65 338.65 338.65 338.65 338.65 338.65 338.65
 343.61 343.61 341.13 338.65 338.65 338.65 338.65 338.65 338.65 338.65 338.65 338.65 337.28 336.83 337.28 335.50 333.92 335.50 338.65 336.20 334.98 336.20 341.13 343.61
 343.61 343.61 342.37 338.65 338.65 338.65 338.65 338.65 338.65 338.65 338.65 334.20 331.98 331.98 332.63 333.92 333.92 333.92 334.45 334.98 334.98 334.98 334.98 343.61
 343.61 343.61 342.99 338.65 338.65 338.65 338.65 338.65 338.65 333.74 331.98 331.98 331.98 331.98 331.98 333.27 333.92 333.92 334.45 334.98 334.98 334.98 334.98 343.61
 343.61 343.61 343.30 338.65 338.65 338.65 338.65 333.28 330.60 330.60 332.33 332.29 332.21 332.04 332.04 332.04 333.92 333.92 334.45 334.98 334.98 334.98 334.98 343.61
 343.61 339.43 331.06 331.06 331.06 331.06 330.66 330.60 330.60 330.60 332.38 332.38 332.38 332.21 332.12 332.08 333.92 333.92 333.60 334.98 334.98 334.98 333.67 337.34
 331.06 331.06 331.06 331.06 331.06 331.06 330.72 330.60 330.60 330.60 331.18 331.75 332.38 332.29 332.21 331.78 332.49 331.06 331.06 331.06 333.02 331.06 331.06 331.06
 331.06 331.06 331.06 331.06 331.06 331.06 330.83 330.60 330.60 330.60 331.18 331.75 331.75 331.75 331.40 331.06 331.06 331.06 331.06 331.06 331.06 331.06 331.06 331.06
 331.06 331.06 331.06 331.06 331.06 331.06 331.06 331.06 330.75 330.60 331.15 331.75 331.52 331.06 331.06 331.06 331.06 331.06 331.06 331.06 331.06 331.06 331.06 331.06
 331.06 331.06 331.06 331.06 331.06 331.06 331.06 331.06 331.06 331.06 331.06 331.06 331.06 331.06 331.06 331.06 331.06 331.06 331.06 331.06 331.06 331.06 331.06 331.06
 331.06 331.06 331.06 331.06 331.06 331.06 331.06 331.06 331.06 331.06 331.06 331.06 331.06 331.06 331.06 331.06 331.06 331.06 331.06 331.06 331.06 331.06 331.06 331.06
