1968 MONTHLY CO2 (PPMV)   24  12  LON/LAT (N-S/0-360E) IN 15 DEGREE RESOLUTION,  GLB ANNUAL MEAN = 322.41,  GROWTH RATE = 0.60,  MISS DATA = -99.99
 322.80 322.80 322.80 322.80 322.80 322.80 322.80 322.80 322.80 322.80 322.80 322.80 322.80 322.80 322.80 322.80 322.80 322.80 322.80 322.80 322.80 322.80 322.80 322.80
 323.34 321.53 321.53 321.53 321.53 321.53 322.50 322.57 322.57 322.57 322.57 322.57 322.57 322.57 323.07 323.60 323.60 323.60 323.60 323.60 323.60 323.60 323.60 323.60
 323.08 321.53 321.53 321.53 321.53 321.53 322.44 322.57 322.57 322.57 322.57 322.57 322.57 322.57 323.03 323.60 323.60 323.60 323.60 323.60 323.60 323.60 323.60 323.60
 322.56 321.53 321.53 321.53 321.53 321.53 322.31 322.57 322.57 322.57 322.57 322.57 322.57 322.57 322.91 323.60 323.60 323.60 323.60 323.60 323.60 323.60 323.60 323.60
 321.53 321.53 321.53 321.53 321.53 321.53 322.05 322.57 322.57 322.57 322.57 322.57 322.57 322.57 322.57 323.26 323.60 323.60 323.60 323.60 323.60 323.60 322.91 321.53
 321.53 321.53 321.53 321.53 321.53 321.53 321.53 321.53 322.22 322.57 322.57 322.57 322.57 322.57 322.57 323.14 323.60 323.60 323.60 323.60 322.91 321.53 321.53 321.53
 321.53 321.53 321.53 321.53 321.53 321.53 321.53 321.53 321.53 321.53 322.22 322.57 322.57 322.57 322.57 323.10 323.60 323.60 322.91 321.53 321.53 321.53 321.53 321.53
 321.53 321.53 321.53 321.53 321.53 321.53 321.53 321.53 321.53 321.53 321.53 321.53 322.22 322.57 322.22 321.53 322.56 321.53 321.53 321.53 321.53 321.53 321.53 321.53
 321.53 321.53 321.53 321.53 321.53 321.53 321.53 321.53 321.53 321.53 321.53 321.53 321.53 321.53 321.53 321.53 321.53 321.53 321.53 321.53 321.53 321.53 321.53 321.53
 321.53 321.53 321.53 321.53 321.53 321.53 321.53 321.53 321.53 321.53 321.53 321.53 321.53 321.53 321.53 321.53 321.53 321.53 321.53 321.53 321.53 321.53 321.53 321.53
 321.53 321.53 321.53 321.53 321.53 321.53 321.53 321.53 321.53 321.53 321.53 321.53 321.53 321.53 321.53 321.53 321.53 321.53 321.53 321.53 321.53 321.53 321.53 321.53
 321.53 321.53 321.53 321.53 321.53 321.53 321.53 321.53 321.53 321.53 321.53 321.53 321.53 321.53 321.53 321.53 321.53 321.53 321.53 321.53 321.53 321.53 321.53 321.53
 324.20 324.20 324.20 324.20 324.20 324.20 324.20 324.20 324.20 324.20 324.20 324.20 324.20 324.20 324.20 324.20 324.20 324.20 324.20 324.20 324.20 324.20 324.20 324.20
 325.09 325.09 325.09 324.08 323.15 323.15 323.15 323.15 323.15 323.15 323.15 323.15 323.15 323.15 324.08 325.09 325.09 325.09 325.09 325.09 325.09 325.09 325.09 325.09
 325.09 325.09 325.09 324.01 323.15 323.15 323.15 323.15 323.15 323.15 323.15 323.15 323.15 323.15 324.01 325.09 325.09 325.09 325.09 325.09 325.09 325.09 325.09 325.09
 325.09 325.09 325.09 323.80 323.15 323.15 323.15 323.15 323.15 323.15 323.15 323.15 323.15 323.15 323.80 325.09 325.09 325.09 325.09 325.09 325.09 325.09 325.09 325.09
 325.09 325.09 324.44 323.15 323.15 323.15 323.15 323.15 323.15 323.15 323.15 323.15 323.15 323.15 323.15 324.44 325.09 325.09 325.09 325.09 325.09 325.09 325.09 325.09
 325.09 325.09 324.23 323.15 323.15 323.15 323.15 323.15 323.15 323.15 323.15 323.15 323.15 323.15 323.15 324.23 325.09 325.09 325.09 325.09 325.09 325.09 325.09 325.09
 325.09 325.09 324.16 323.15 323.15 323.15 323.15 323.15 323.15 323.15 323.15 323.15 323.15 323.15 323.15 324.16 325.09 325.09 325.09 325.09 325.09 325.09 325.09 325.09
 325.09 325.09 324.13 323.15 323.15 323.15 323.15 323.15 323.15 323.15 323.15 323.15 323.15 323.15 323.15 324.13 325.09 325.09 325.09 325.09 325.09 325.09 325.09 325.09
 325.09 325.09 324.12 323.15 323.15 323.15 323.15 323.15 323.15 323.15 323.15 323.15 323.15 323.15 323.15 324.12 325.09 325.09 325.09 325.09 325.09 325.09 325.09 325.09
 325.09 325.09 324.12 323.15 323.15 323.15 323.15 323.15 323.15 323.15 323.15 323.15 323.15 323.15 323.15 324.12 325.09 325.09 325.09 325.09 325.09 325.09 325.09 325.09
 325.09 325.09 324.12 323.15 323.15 323.15 323.15 323.15 323.15 323.15 323.15 323.15 323.15 323.15 323.15 324.12 325.09 325.09 325.09 325.09 325.09 325.09 325.09 325.09
 324.04 324.04 324.04 324.04 324.04 324.04 324.04 324.04 324.04 324.04 324.04 324.04 324.04 324.04 324.04 324.04 324.04 324.04 324.04 324.04 324.04 324.04 324.04 324.04
 325.06 325.06 325.06 325.06 325.06 325.06 325.06 325.06 325.06 325.06 325.06 325.06 325.06 325.06 325.06 325.06 325.06 325.06 325.06 325.06 325.06 325.06 325.06 325.06
 326.06 326.06 326.06 324.93 323.89 323.89 323.89 323.89 323.89 323.89 323.89 323.89 323.89 323.89 324.93 326.06 326.06 326.06 326.06 326.06 326.06 326.06 326.06 326.06
 326.06 326.06 326.06 324.85 323.89 323.89 323.89 323.89 323.89 323.89 323.89 323.89 323.89 323.89 324.85 326.06 326.06 326.06 326.06 326.06 326.06 326.06 326.06 326.06
 326.06 326.06 326.06 324.61 323.89 323.89 323.89 323.89 323.89 323.89 323.89 323.89 323.89 323.89 324.61 326.06 326.06 326.06 326.06 326.06 326.06 326.06 326.06 326.06
 326.06 326.06 325.34 323.89 323.89 323.89 323.89 323.89 323.89 323.89 323.89 323.89 323.89 323.89 323.89 325.34 326.06 326.06 326.06 326.06 326.06 326.06 326.06 326.06
 326.06 326.06 325.10 323.89 323.89 323.89 323.89 323.89 323.89 323.89 323.89 323.89 323.89 323.89 323.89 325.10 326.06 326.06 326.06 326.06 326.06 326.06 326.06 326.06
 326.06 326.06 325.02 323.89 323.89 323.89 323.89 323.89 323.89 323.89 323.89 323.89 323.89 323.89 323.89 325.02 326.06 326.06 326.06 326.06 326.06 326.06 326.06 326.06
 326.06 326.06 324.99 323.89 323.89 323.89 323.89 323.89 323.89 323.89 323.89 323.89 323.89 323.89 323.89 324.99 326.06 326.06 326.06 326.06 326.06 326.06 326.06 326.06
 326.06 326.06 324.98 323.89 323.89 323.89 323.89 323.89 323.89 323.89 323.89 323.89 323.89 323.89 323.89 324.98 326.06 326.06 326.06 326.06 326.06 326.06 326.06 326.06
 326.06 326.06 324.98 323.89 323.89 323.89 323.89 323.89 323.89 323.89 323.89 323.89 323.89 323.89 323.89 324.98 326.06 326.06 326.06 326.06 326.06 326.06 326.06 326.06
 326.06 326.06 324.98 323.89 323.89 323.89 323.89 323.89 323.89 323.89 323.89 323.89 323.89 323.89 323.89 324.98 326.06 326.06 326.06 326.06 326.06 326.06 326.06 326.06
 324.88 324.88 324.88 324.88 324.88 324.88 324.88 324.88 324.88 324.88 324.88 324.88 324.88 324.88 324.88 324.88 324.88 324.88 324.88 324.88 324.88 324.88 324.88 324.88
 324.96 324.96 324.96 324.96 324.96 324.96 324.96 324.96 324.96 324.96 324.96 324.96 324.96 324.96 324.96 324.96 324.96 324.96 324.96 324.96 324.96 324.96 324.96 324.96
 325.93 321.61 321.61 321.61 321.61 321.61 324.81 325.02 325.02 325.02 325.02 325.02 325.02 325.02 325.76 326.55 326.55 326.55 326.55 326.55 326.55 326.55 326.55 326.55
 325.32 321.61 321.61 321.61 321.61 321.61 324.59 325.02 325.02 325.02 325.02 325.02 325.02 325.02 325.70 326.55 326.55 326.55 326.55 326.55 326.55 326.55 326.55 326.55
 324.08 321.61 321.61 321.61 321.61 321.61 324.17 325.02 325.02 325.02 325.02 325.02 325.02 325.02 325.53 326.55 326.55 326.55 326.55 326.55 326.55 326.55 326.55 326.55
 321.61 321.61 321.61 321.61 321.61 321.61 323.31 325.02 325.02 325.02 325.02 325.02 325.02 325.02 325.02 326.04 326.55 326.55 326.55 326.55 326.55 326.55 324.90 321.61
 321.61 321.61 321.61 321.61 321.61 321.61 321.61 321.61 323.88 325.02 325.02 325.02 325.02 325.02 325.02 325.87 326.55 326.55 326.55 326.55 324.90 321.61 321.61 321.61
 321.61 321.61 321.61 321.61 321.61 321.61 321.61 321.61 321.61 321.61 323.88 325.02 325.02 325.02 325.02 325.81 326.55 326.55 324.90 321.61 321.61 321.61 321.61 321.61
 321.61 321.61 321.61 321.61 321.61 321.61 321.61 321.61 321.61 321.61 321.61 321.61 323.88 325.02 323.88 321.61 324.08 321.61 321.61 321.61 321.61 321.61 321.61 321.61
 321.61 321.61 321.61 321.61 321.61 321.61 321.61 321.61 321.61 321.61 321.61 321.61 321.61 321.61 321.61 321.61 321.61 321.61 321.61 321.61 321.61 321.61 321.61 321.61
 321.61 321.61 321.61 321.61 321.61 321.61 321.61 321.61 321.61 321.61 321.61 321.61 321.61 321.61 321.61 321.61 321.61 321.61 321.61 321.61 321.61 321.61 321.61 321.61
 321.61 321.61 321.61 321.61 321.61 321.61 321.61 321.61 321.61 321.61 321.61 321.61 321.61 321.61 321.61 321.61 321.61 321.61 321.61 321.61 321.61 321.61 321.61 321.61
 321.61 321.61 321.61 321.61 321.61 321.61 321.61 321.61 321.61 321.61 321.61 321.61 321.61 321.61 321.61 321.61 321.61 321.61 321.61 321.61 321.61 321.61 321.61 321.61
 325.06 325.06 325.06 325.06 325.06 325.06 325.06 325.06 325.06 325.06 325.06 325.06 325.06 325.06 325.06 325.06 325.06 325.06 325.06 325.06 325.06 325.06 325.06 325.06
 325.77 321.47 321.47 321.47 321.47 321.47 325.31 325.57 325.57 325.57 325.57 325.57 325.57 325.57 325.96 326.39 326.39 326.39 326.39 326.39 326.39 326.39 326.39 326.39
 325.16 321.47 321.47 321.47 321.47 321.47 325.06 325.57 325.57 325.57 325.57 325.57 325.57 325.57 325.93 326.39 326.39 326.39 326.39 326.39 326.39 326.39 326.39 326.39
 323.93 321.47 321.47 321.47 321.47 321.47 324.54 325.57 325.57 325.57 325.57 325.57 325.57 325.57 325.84 326.39 326.39 326.39 326.39 326.39 326.39 326.39 326.39 326.39
 321.47 321.47 321.47 321.47 321.47 321.47 323.52 325.57 325.57 325.57 325.57 325.57 325.57 325.57 325.57 326.12 326.39 326.39 326.39 326.39 326.39 326.39 324.75 321.47
 321.47 321.47 321.47 321.47 321.47 321.47 321.47 321.47 324.20 325.57 325.57 325.57 325.57 325.57 325.57 326.03 326.39 326.39 326.39 326.39 324.75 321.47 321.47 321.47
 321.47 321.47 321.47 321.47 321.47 321.47 321.47 321.47 321.47 321.47 324.20 325.57 325.57 325.57 325.57 326.00 326.39 326.39 324.75 321.47 321.47 321.47 321.47 321.47
 321.47 321.47 321.47 321.47 321.47 321.47 321.47 321.47 321.47 321.47 321.47 321.47 324.20 325.57 324.20 321.47 323.93 321.47 321.47 321.47 321.47 321.47 321.47 321.47
 321.47 321.47 321.47 321.47 321.47 321.47 321.47 321.47 321.47 321.47 321.47 321.47 321.47 321.47 321.47 321.47 321.47 321.47 321.47 321.47 321.47 321.47 321.47 321.47
 321.47 321.47 321.47 321.47 321.47 321.47 321.47 321.47 321.47 321.47 321.47 321.47 321.47 321.47 321.47 321.47 321.47 321.47 321.47 321.47 321.47 321.47 321.47 321.47
 321.47 321.47 321.47 321.47 321.47 321.47 321.47 321.47 321.47 321.47 321.47 321.47 321.47 321.47 321.47 321.47 321.47 321.47 321.47 321.47 321.47 321.47 321.47 321.47
 321.47 321.47 321.47 321.47 321.47 321.47 321.47 321.47 321.47 321.47 321.47 321.47 321.47 321.47 321.47 321.47 321.47 321.47 321.47 321.47 321.47 321.47 321.47 321.47
 323.95 323.95 323.95 323.95 323.95 323.95 323.95 323.95 323.95 323.95 323.95 323.95 323.95 323.95 323.95 323.95 323.95 323.95 323.95 323.95 323.95 323.95 323.95 323.95
 323.70 321.44 321.44 321.44 321.44 321.44 325.12 325.36 325.36 325.36 325.36 325.36 325.36 325.36 324.71 324.02 324.02 324.02 324.02 324.02 324.02 324.02 324.02 324.02
 323.38 321.44 321.44 321.44 321.44 321.44 324.87 325.36 325.36 325.36 325.36 325.36 325.36 325.36 324.76 324.02 324.02 324.02 324.02 324.02 324.02 324.02 324.02 324.02
 322.73 321.44 321.44 321.44 321.44 321.44 324.38 325.36 325.36 325.36 325.36 325.36 325.36 325.36 324.91 324.02 324.02 324.02 324.02 324.02 324.02 324.02 324.02 324.02
 321.44 321.44 321.44 321.44 321.44 321.44 323.40 325.36 325.36 325.36 325.36 325.36 325.36 325.36 325.36 324.47 324.02 324.02 324.02 324.02 324.02 324.02 323.16 321.44
 321.44 321.44 321.44 321.44 321.44 321.44 321.44 321.44 324.05 325.36 325.36 325.36 325.36 325.36 325.36 324.62 324.02 324.02 324.02 324.02 323.16 321.44 321.44 321.44
 321.44 321.44 321.44 321.44 321.44 321.44 321.44 321.44 321.44 321.44 324.05 325.36 325.36 325.36 325.36 324.67 324.02 324.02 323.16 321.44 321.44 321.44 321.44 321.44
 321.44 321.44 321.44 321.44 321.44 321.44 321.44 321.44 321.44 321.44 321.44 321.44 324.05 325.36 324.05 321.44 322.73 321.44 321.44 321.44 321.44 321.44 321.44 321.44
 321.44 321.44 321.44 321.44 321.44 321.44 321.44 321.44 321.44 321.44 321.44 321.44 321.44 321.44 321.44 321.44 321.44 321.44 321.44 321.44 321.44 321.44 321.44 321.44
 321.44 321.44 321.44 321.44 321.44 321.44 321.44 321.44 321.44 321.44 321.44 321.44 321.44 321.44 321.44 321.44 321.44 321.44 321.44 321.44 321.44 321.44 321.44 321.44
 321.44 321.44 321.44 321.44 321.44 321.44 321.44 321.44 321.44 321.44 321.44 321.44 321.44 321.44 321.44 321.44 321.44 321.44 321.44 321.44 321.44 321.44 321.44 321.44
 321.44 321.44 321.44 321.44 321.44 321.44 321.44 321.44 321.44 321.44 321.44 321.44 321.44 321.44 321.44 321.44 321.44 321.44 321.44 321.44 321.44 321.44 321.44 321.44
 321.82 321.82 321.82 321.82 321.82 321.82 321.82 321.82 321.82 321.82 321.82 321.82 321.82 321.82 321.82 321.82 321.82 321.82 321.82 321.82 321.82 321.82 321.82 321.82
 320.28 321.50 321.50 321.50 321.50 321.50 323.98 324.14 324.14 324.14 324.14 324.14 324.14 324.14 322.19 320.10 320.10 320.10 320.10 320.10 320.10 320.10 320.10 320.10
 320.45 321.50 321.50 321.50 321.50 321.50 323.81 324.14 324.14 324.14 324.14 324.14 324.14 324.14 322.34 320.10 320.10 320.10 320.10 320.10 320.10 320.10 320.10 320.10
 320.80 321.50 321.50 321.50 321.50 321.50 323.48 324.14 324.14 324.14 324.14 324.14 324.14 324.14 322.79 320.10 320.10 320.10 320.10 320.10 320.10 320.10 320.10 320.10
 321.50 321.50 321.50 321.50 321.50 321.50 322.82 324.14 324.14 324.14 324.14 324.14 324.14 324.14 324.14 321.45 320.10 320.10 320.10 320.10 320.10 320.10 320.57 321.50
 321.50 321.50 321.50 321.50 321.50 321.50 321.50 321.50 323.26 324.14 324.14 324.14 324.14 324.14 324.14 321.90 320.10 320.10 320.10 320.10 320.57 321.50 321.50 321.50
 321.50 321.50 321.50 321.50 321.50 321.50 321.50 321.50 321.50 321.50 323.26 324.14 324.14 324.14 324.14 322.05 320.10 320.10 320.57 321.50 321.50 321.50 321.50 321.50
 321.50 321.50 321.50 321.50 321.50 321.50 321.50 321.50 321.50 321.50 321.50 321.50 323.26 324.14 323.26 321.50 320.80 321.50 321.50 321.50 321.50 321.50 321.50 321.50
 321.50 321.50 321.50 321.50 321.50 321.50 321.50 321.50 321.50 321.50 321.50 321.50 321.50 321.50 321.50 321.50 321.50 321.50 321.50 321.50 321.50 321.50 321.50 321.50
 321.50 321.50 321.50 321.50 321.50 321.50 321.50 321.50 321.50 321.50 321.50 321.50 321.50 321.50 321.50 321.50 321.50 321.50 321.50 321.50 321.50 321.50 321.50 321.50
 321.50 321.50 321.50 321.50 321.50 321.50 321.50 321.50 321.50 321.50 321.50 321.50 321.50 321.50 321.50 321.50 321.50 321.50 321.50 321.50 321.50 321.50 321.50 321.50
 321.50 321.50 321.50 321.50 321.50 321.50 321.50 321.50 321.50 321.50 321.50 321.50 321.50 321.50 321.50 321.50 321.50 321.50 321.50 321.50 321.50 321.50 321.50 321.50
 319.99 319.99 319.99 319.99 319.99 319.99 319.99 319.99 319.99 319.99 319.99 319.99 319.99 319.99 319.99 319.99 319.99 319.99 319.99 319.99 319.99 319.99 319.99 319.99
 318.20 318.20 318.20 320.23 322.11 322.11 322.11 322.11 322.11 322.11 322.11 322.11 322.11 322.11 320.23 318.20 318.20 318.20 318.20 318.20 318.20 318.20 318.20 318.20
 318.20 318.20 318.20 320.37 322.11 322.11 322.11 322.11 322.11 322.11 322.11 322.11 322.11 322.11 320.37 318.20 318.20 318.20 318.20 318.20 318.20 318.20 318.20 318.20
 318.20 318.20 318.20 320.81 322.11 322.11 322.11 322.11 322.11 322.11 322.11 322.11 322.11 322.11 320.81 318.20 318.20 318.20 318.20 318.20 318.20 318.20 318.20 318.20
 318.20 318.20 319.50 322.11 322.11 322.11 322.11 322.11 322.11 322.11 322.11 322.11 322.11 322.11 322.11 319.50 318.20 318.20 318.20 318.20 318.20 318.20 318.20 318.20
 318.20 318.20 319.94 322.11 322.11 322.11 322.11 322.11 322.11 322.11 322.11 322.11 322.11 322.11 322.11 319.94 318.20 318.20 318.20 318.20 318.20 318.20 318.20 318.20
 318.20 318.20 320.08 322.11 322.11 322.11 322.11 322.11 322.11 322.11 322.11 322.11 322.11 322.11 322.11 320.08 318.20 318.20 318.20 318.20 318.20 318.20 318.20 318.20
 318.20 318.20 320.13 322.11 322.11 322.11 322.11 322.11 322.11 322.11 322.11 322.11 322.11 322.11 322.11 320.13 318.20 318.20 318.20 318.20 318.20 318.20 318.20 318.20
 318.20 318.20 320.15 322.11 322.11 322.11 322.11 322.11 322.11 322.11 322.11 322.11 322.11 322.11 322.11 320.15 318.20 318.20 318.20 318.20 318.20 318.20 318.20 318.20
 318.20 318.20 320.15 322.11 322.11 322.11 322.11 322.11 322.11 322.11 322.11 322.11 322.11 322.11 322.11 320.15 318.20 318.20 318.20 318.20 318.20 318.20 318.20 318.20
 318.20 318.20 320.15 322.11 322.11 322.11 322.11 322.11 322.11 322.11 322.11 322.11 322.11 322.11 322.11 320.15 318.20 318.20 318.20 318.20 318.20 318.20 318.20 318.20
 320.32 320.32 320.32 320.32 320.32 320.32 320.32 320.32 320.32 320.32 320.32 320.32 320.32 320.32 320.32 320.32 320.32 320.32 320.32 320.32 320.32 320.32 320.32 320.32
 319.55 319.55 319.55 319.55 319.55 319.55 319.55 319.55 319.55 319.55 319.55 319.55 319.55 319.55 319.55 319.55 319.55 319.55 319.55 319.55 319.55 319.55 319.55 319.55
 318.89 318.89 318.89 319.64 320.33 320.33 320.33 320.33 320.33 320.33 320.33 320.33 320.33 320.33 319.64 318.89 318.89 318.89 318.89 318.89 318.89 318.89 318.89 318.89
 318.89 318.89 318.89 319.69 320.33 320.33 320.33 320.33 320.33 320.33 320.33 320.33 320.33 320.33 319.69 318.89 318.89 318.89 318.89 318.89 318.89 318.89 318.89 318.89
 318.89 318.89 318.89 319.85 320.33 320.33 320.33 320.33 320.33 320.33 320.33 320.33 320.33 320.33 319.85 318.89 318.89 318.89 318.89 318.89 318.89 318.89 318.89 318.89
 318.89 318.89 319.37 320.33 320.33 320.33 320.33 320.33 320.33 320.33 320.33 320.33 320.33 320.33 320.33 319.37 318.89 318.89 318.89 318.89 318.89 318.89 318.89 318.89
 318.89 318.89 319.53 320.33 320.33 320.33 320.33 320.33 320.33 320.33 320.33 320.33 320.33 320.33 320.33 319.53 318.89 318.89 318.89 318.89 318.89 318.89 318.89 318.89
 318.89 318.89 319.58 320.33 320.33 320.33 320.33 320.33 320.33 320.33 320.33 320.33 320.33 320.33 320.33 319.58 318.89 318.89 318.89 318.89 318.89 318.89 318.89 318.89
 318.89 318.89 319.60 320.33 320.33 320.33 320.33 320.33 320.33 320.33 320.33 320.33 320.33 320.33 320.33 319.60 318.89 318.89 318.89 318.89 318.89 318.89 318.89 318.89
 318.89 318.89 319.61 320.33 320.33 320.33 320.33 320.33 320.33 320.33 320.33 320.33 320.33 320.33 320.33 319.61 318.89 318.89 318.89 318.89 318.89 318.89 318.89 318.89
 318.89 318.89 319.61 320.33 320.33 320.33 320.33 320.33 320.33 320.33 320.33 320.33 320.33 320.33 320.33 319.61 318.89 318.89 318.89 318.89 318.89 318.89 318.89 318.89
 318.89 318.89 319.61 320.33 320.33 320.33 320.33 320.33 320.33 320.33 320.33 320.33 320.33 320.33 320.33 319.61 318.89 318.89 318.89 318.89 318.89 318.89 318.89 318.89
 319.67 319.67 319.67 319.67 319.67 319.67 319.67 319.67 319.67 319.67 319.67 319.67 319.67 319.67 319.67 319.67 319.67 319.67 319.67 319.67 319.67 319.67 319.67 319.67
 320.70 320.70 320.70 320.70 320.70 320.70 320.70 320.70 320.70 320.70 320.70 320.70 320.70 320.70 320.70 320.70 320.70 320.70 320.70 320.70 320.70 320.70 320.70 320.70
 321.08 321.08 321.08 320.65 320.25 320.25 320.25 320.25 320.25 320.25 320.25 320.25 320.25 320.25 320.65 321.08 321.08 321.08 321.08 321.08 321.08 321.08 321.08 321.08
 321.08 321.08 321.08 320.62 320.25 320.25 320.25 320.25 320.25 320.25 320.25 320.25 320.25 320.25 320.62 321.08 321.08 321.08 321.08 321.08 321.08 321.08 321.08 321.08
 321.08 321.08 321.08 320.53 320.25 320.25 320.25 320.25 320.25 320.25 320.25 320.25 320.25 320.25 320.53 321.08 321.08 321.08 321.08 321.08 321.08 321.08 321.08 321.08
 321.08 321.08 320.80 320.25 320.25 320.25 320.25 320.25 320.25 320.25 320.25 320.25 320.25 320.25 320.25 320.80 321.08 321.08 321.08 321.08 321.08 321.08 321.08 321.08
 321.08 321.08 320.71 320.25 320.25 320.25 320.25 320.25 320.25 320.25 320.25 320.25 320.25 320.25 320.25 320.71 321.08 321.08 321.08 321.08 321.08 321.08 321.08 321.08
 321.08 321.08 320.68 320.25 320.25 320.25 320.25 320.25 320.25 320.25 320.25 320.25 320.25 320.25 320.25 320.68 321.08 321.08 321.08 321.08 321.08 321.08 321.08 321.08
 321.08 321.08 320.67 320.25 320.25 320.25 320.25 320.25 320.25 320.25 320.25 320.25 320.25 320.25 320.25 320.67 321.08 321.08 321.08 321.08 321.08 321.08 321.08 321.08
 321.08 321.08 320.67 320.25 320.25 320.25 320.25 320.25 320.25 320.25 320.25 320.25 320.25 320.25 320.25 320.67 321.08 321.08 321.08 321.08 321.08 321.08 321.08 321.08
 321.08 321.08 320.67 320.25 320.25 320.25 320.25 320.25 320.25 320.25 320.25 320.25 320.25 320.25 320.25 320.67 321.08 321.08 321.08 321.08 321.08 321.08 321.08 321.08
 321.08 321.08 320.67 320.25 320.25 320.25 320.25 320.25 320.25 320.25 320.25 320.25 320.25 320.25 320.25 320.67 321.08 321.08 321.08 321.08 321.08 321.08 321.08 321.08
 320.63 320.63 320.63 320.63 320.63 320.63 320.63 320.63 320.63 320.63 320.63 320.63 320.63 320.63 320.63 320.63 320.63 320.63 320.63 320.63 320.63 320.63 320.63 320.63
 323.18 323.18 323.18 323.18 323.18 323.18 323.18 323.18 323.18 323.18 323.18 323.18 323.18 323.18 323.18 323.18 323.18 323.18 323.18 323.18 323.18 323.18 323.18 323.18
 324.42 324.42 324.42 324.42 324.42 324.42 322.70 321.32 321.32 321.32 321.32 321.32 321.32 321.32 322.23 323.20 323.20 323.20 323.74 324.42 324.42 324.42 324.42 324.42
 324.42 324.42 324.42 324.42 324.42 324.42 322.35 321.32 321.32 321.32 321.32 321.32 321.32 321.32 322.16 323.20 323.20 323.20 323.61 324.42 324.42 324.42 324.42 324.42
 324.42 324.42 324.42 324.42 324.42 322.87 321.32 321.32 321.32 321.32 321.32 321.32 321.32 321.32 321.95 323.20 323.20 323.20 323.20 324.01 324.42 324.42 324.42 324.42
 324.42 324.42 324.42 324.42 323.39 321.32 321.32 321.32 321.32 321.32 321.32 321.32 321.32 321.32 321.32 322.57 323.20 323.20 323.20 323.88 324.42 324.42 324.42 324.42
 324.42 324.42 324.42 324.42 323.04 321.32 321.32 321.32 321.32 321.32 321.32 321.32 321.32 321.32 321.32 322.36 323.20 323.20 323.20 323.83 324.42 324.42 324.42 324.42
 324.42 324.42 324.42 324.42 322.93 321.32 321.32 321.32 321.32 321.32 321.32 321.32 321.32 321.32 321.32 322.29 323.20 323.20 323.20 323.82 324.42 324.42 324.42 324.42
 324.42 324.42 324.42 324.42 322.89 321.32 321.32 321.32 321.32 321.32 321.32 321.32 321.32 321.32 321.32 322.27 323.20 323.20 323.20 323.81 324.42 324.42 324.42 324.42
 324.42 324.42 324.42 324.42 322.88 321.32 321.32 321.32 321.32 321.32 321.32 321.32 321.32 321.32 321.32 322.26 323.20 323.20 323.20 323.81 324.42 324.42 324.42 324.42
 324.42 324.42 324.42 324.42 322.87 321.32 321.32 321.32 321.32 321.32 321.32 321.32 321.32 321.32 321.32 322.26 323.20 323.20 323.20 323.81 324.42 324.42 324.42 324.42
 324.42 324.42 324.42 324.42 322.87 321.32 321.32 321.32 321.32 321.32 321.32 321.32 321.32 321.32 321.32 322.26 323.20 323.20 323.20 323.81 324.42 324.42 324.42 324.42
 322.80 322.80 322.80 322.80 322.80 322.80 322.80 322.80 322.80 322.80 322.80 322.80 322.80 322.80 322.80 322.80 322.80 322.80 322.80 322.80 322.80 322.80 322.80 322.80
 324.08 324.08 324.08 324.08 324.08 324.08 324.08 324.08 324.08 324.08 324.08 324.08 324.08 324.08 324.08 324.08 324.08 324.08 324.08 324.08 324.08 324.08 324.08 324.08
 324.89 324.89 324.89 324.89 324.89 324.89 323.78 322.90 322.90 322.90 322.90 322.90 322.90 322.90 323.45 324.05 324.05 324.05 324.42 324.89 324.89 324.89 324.89 324.89
 324.89 324.89 324.89 324.89 324.89 324.89 323.54 322.90 322.90 322.90 322.90 322.90 322.90 322.90 323.41 324.05 324.05 324.05 324.33 324.89 324.89 324.89 324.89 324.89
 324.89 324.89 324.89 324.89 324.14 322.65 322.84 322.90 322.90 322.90 322.90 322.90 322.90 322.90 323.28 324.05 324.05 324.05 324.05 324.61 324.89 324.89 324.89 324.89
 324.89 324.89 324.14 322.65 322.65 322.65 322.77 322.90 322.90 322.90 322.90 322.90 322.90 322.90 322.90 323.67 324.05 324.05 324.05 324.52 324.89 324.89 324.89 324.89
 324.14 322.65 322.65 322.65 322.65 322.65 322.65 322.65 322.82 322.90 322.90 322.90 322.90 322.90 322.90 323.54 324.05 324.05 324.05 324.49 324.89 324.89 324.89 324.89
 322.65 322.65 322.65 322.65 322.65 322.65 322.65 322.65 322.65 322.65 322.82 322.90 322.90 322.90 322.90 323.50 324.05 324.05 323.58 322.65 324.14 324.89 324.14 322.65
 322.65 322.65 322.65 322.65 322.65 322.65 322.65 322.65 322.65 322.65 322.65 322.65 322.82 322.90 322.82 322.65 323.35 322.65 322.65 322.65 322.65 322.65 322.65 322.65
 322.65 322.65 322.65 322.65 322.65 322.65 322.65 322.65 322.65 322.65 322.65 322.65 322.65 322.65 322.65 322.65 322.65 322.65 322.65 322.65 322.65 322.65 322.65 322.65
 322.65 322.65 322.65 322.65 322.65 322.65 322.65 322.65 322.65 322.65 322.65 322.65 322.65 322.65 322.65 322.65 322.65 322.65 322.65 322.65 322.65 322.65 322.65 322.65
 322.65 322.65 322.65 322.65 322.65 322.65 322.65 322.65 322.65 322.65 322.65 322.65 322.65 322.65 322.65 322.65 322.65 322.65 322.65 322.65 322.65 322.65 322.65 322.65
 322.65 322.65 322.65 322.65 322.65 322.65 322.65 322.65 322.65 322.65 322.65 322.65 322.65 322.65 322.65 322.65 322.65 322.65 322.65 322.65 322.65 322.65 322.65 322.65
