1963 MONTHLY CO2 (PPMV)   24  12  LON/LAT (N-S/0-360E) IN 15 DEGREE RESOLUTION,  GLB ANNUAL MEAN = 318.42,  GROWTH RATE = 0.78,  MISS DATA = -99.99
 318.51 318.51 318.51 318.51 318.51 318.51 318.51 318.51 318.51 318.51 318.51 318.51 318.51 318.51 318.51 318.51 318.51 318.51 318.51 318.51 318.51 318.51 318.51 318.51
 318.13 318.13 318.13 318.13 318.13 318.13 318.70 318.74 318.74 318.74 318.74 318.74 318.74 318.74 318.74 318.74 318.74 318.74 318.74 318.74 318.70 318.13 318.13 318.13
 318.13 318.13 318.13 318.13 318.13 318.13 318.66 318.74 318.74 318.74 318.74 318.74 318.74 318.74 318.74 318.74 318.74 318.74 318.74 318.74 318.66 318.13 318.13 318.13
 318.13 318.13 318.13 318.13 318.13 318.13 318.59 318.74 318.74 318.74 318.74 318.74 318.74 318.74 318.74 318.74 318.74 318.74 318.74 318.74 318.59 318.13 318.13 318.13
 318.13 318.13 318.13 318.13 318.13 318.13 318.44 318.74 318.74 318.74 318.74 318.74 318.74 318.74 318.74 318.74 318.74 318.74 318.74 318.74 318.44 318.13 318.13 318.13
 318.13 318.13 318.13 318.13 318.13 318.13 318.13 318.13 318.54 318.74 318.74 318.74 318.74 318.74 318.74 318.74 318.74 318.74 318.54 318.13 318.13 318.13 318.13 318.13
 318.13 318.13 318.13 318.13 318.13 318.13 318.13 318.13 318.13 318.13 318.54 318.74 318.74 318.74 318.74 318.74 318.54 318.13 318.13 318.13 318.13 318.13 318.13 318.13
 318.13 318.13 318.13 318.13 318.13 318.13 318.13 318.13 318.13 318.13 318.13 318.13 318.54 318.74 318.54 318.13 318.13 318.13 318.13 318.13 318.13 318.13 318.13 318.13
 318.13 318.13 318.13 318.13 318.13 318.13 318.13 318.13 318.13 318.13 318.13 318.13 318.13 318.13 318.13 318.13 318.13 318.13 318.13 318.13 318.13 318.13 318.13 318.13
 318.13 318.13 318.13 318.13 318.13 318.13 318.13 318.13 318.13 318.13 318.13 318.13 318.13 318.13 318.13 318.13 318.13 318.13 318.13 318.13 318.13 318.13 318.13 318.13
 318.13 318.13 318.13 318.13 318.13 318.13 318.13 318.13 318.13 318.13 318.13 318.13 318.13 318.13 318.13 318.13 318.13 318.13 318.13 318.13 318.13 318.13 318.13 318.13
 318.13 318.13 318.13 318.13 318.13 318.13 318.13 318.13 318.13 318.13 318.13 318.13 318.13 318.13 318.13 318.13 318.13 318.13 318.13 318.13 318.13 318.13 318.13 318.13
 318.62 318.62 318.62 318.62 318.62 318.62 318.62 318.62 318.62 318.62 318.62 318.62 318.62 318.62 318.62 318.62 318.62 318.62 318.62 318.62 318.62 318.62 318.62 318.62
 317.87 317.87 317.87 317.87 317.87 317.87 319.00 319.08 319.08 319.08 319.08 319.08 319.08 319.08 319.08 319.08 319.08 319.08 319.08 319.08 319.00 317.87 317.87 317.87
 317.87 317.87 317.87 317.87 317.87 317.87 318.93 319.08 319.08 319.08 319.08 319.08 319.08 319.08 319.08 319.08 319.08 319.08 319.08 319.08 318.93 317.87 317.87 317.87
 317.87 317.87 317.87 317.87 317.87 317.87 318.78 319.08 319.08 319.08 319.08 319.08 319.08 319.08 319.08 319.08 319.08 319.08 319.08 319.08 318.78 317.87 317.87 317.87
 317.87 317.87 317.87 317.87 317.87 317.87 318.48 319.08 319.08 319.08 319.08 319.08 319.08 319.08 319.08 319.08 319.08 319.08 319.08 319.08 318.48 317.87 317.87 317.87
 317.87 317.87 317.87 317.87 317.87 317.87 317.87 317.87 318.68 319.08 319.08 319.08 319.08 319.08 319.08 319.08 319.08 319.08 318.68 317.87 317.87 317.87 317.87 317.87
 317.87 317.87 317.87 317.87 317.87 317.87 317.87 317.87 317.87 317.87 318.68 319.08 319.08 319.08 319.08 319.08 318.68 317.87 317.87 317.87 317.87 317.87 317.87 317.87
 317.87 317.87 317.87 317.87 317.87 317.87 317.87 317.87 317.87 317.87 317.87 317.87 318.68 319.08 318.68 317.87 317.87 317.87 317.87 317.87 317.87 317.87 317.87 317.87
 317.87 317.87 317.87 317.87 317.87 317.87 317.87 317.87 317.87 317.87 317.87 317.87 317.87 317.87 317.87 317.87 317.87 317.87 317.87 317.87 317.87 317.87 317.87 317.87
 317.87 317.87 317.87 317.87 317.87 317.87 317.87 317.87 317.87 317.87 317.87 317.87 317.87 317.87 317.87 317.87 317.87 317.87 317.87 317.87 317.87 317.87 317.87 317.87
 317.87 317.87 317.87 317.87 317.87 317.87 317.87 317.87 317.87 317.87 317.87 317.87 317.87 317.87 317.87 317.87 317.87 317.87 317.87 317.87 317.87 317.87 317.87 317.87
 317.87 317.87 317.87 317.87 317.87 317.87 317.87 317.87 317.87 317.87 317.87 317.87 317.87 317.87 317.87 317.87 317.87 317.87 317.87 317.87 317.87 317.87 317.87 317.87
 318.96 318.96 318.96 318.96 318.96 318.96 318.96 318.96 318.96 318.96 318.96 318.96 318.96 318.96 318.96 318.96 318.96 318.96 318.96 318.96 318.96 318.96 318.96 318.96
 317.47 317.47 317.47 317.47 317.47 317.47 319.71 319.86 319.86 319.86 319.86 319.86 319.86 319.86 319.86 319.86 319.86 319.86 319.86 319.86 319.71 317.47 317.47 317.47
 317.47 317.47 317.47 317.47 317.47 317.47 319.56 319.86 319.86 319.86 319.86 319.86 319.86 319.86 319.86 319.86 319.86 319.86 319.86 319.86 319.56 317.47 317.47 317.47
 317.47 317.47 317.47 317.47 317.47 317.47 319.26 319.86 319.86 319.86 319.86 319.86 319.86 319.86 319.86 319.86 319.86 319.86 319.86 319.86 319.26 317.47 317.47 317.47
 317.47 317.47 317.47 317.47 317.47 317.47 318.67 319.86 319.86 319.86 319.86 319.86 319.86 319.86 319.86 319.86 319.86 319.86 319.86 319.86 318.67 317.47 317.47 317.47
 317.47 317.47 317.47 317.47 317.47 317.47 317.47 317.47 319.06 319.86 319.86 319.86 319.86 319.86 319.86 319.86 319.86 319.86 319.06 317.47 317.47 317.47 317.47 317.47
 317.47 317.47 317.47 317.47 317.47 317.47 317.47 317.47 317.47 317.47 319.06 319.86 319.86 319.86 319.86 319.86 319.06 317.47 317.47 317.47 317.47 317.47 317.47 317.47
 317.47 317.47 317.47 317.47 317.47 317.47 317.47 317.47 317.47 317.47 317.47 317.47 319.06 319.86 319.06 317.47 317.47 317.47 317.47 317.47 317.47 317.47 317.47 317.47
 317.47 317.47 317.47 317.47 317.47 317.47 317.47 317.47 317.47 317.47 317.47 317.47 317.47 317.47 317.47 317.47 317.47 317.47 317.47 317.47 317.47 317.47 317.47 317.47
 317.47 317.47 317.47 317.47 317.47 317.47 317.47 317.47 317.47 317.47 317.47 317.47 317.47 317.47 317.47 317.47 317.47 317.47 317.47 317.47 317.47 317.47 317.47 317.47
 317.47 317.47 317.47 317.47 317.47 317.47 317.47 317.47 317.47 317.47 317.47 317.47 317.47 317.47 317.47 317.47 317.47 317.47 317.47 317.47 317.47 317.47 317.47 317.47
 317.47 317.47 317.47 317.47 317.47 317.47 317.47 317.47 317.47 317.47 317.47 317.47 317.47 317.47 317.47 317.47 317.47 317.47 317.47 317.47 317.47 317.47 317.47 317.47
 320.07 320.07 320.07 320.07 320.07 320.07 320.07 320.07 320.07 320.07 320.07 320.07 320.07 320.07 320.07 320.07 320.07 320.07 320.07 320.07 320.07 320.07 320.07 320.07
 317.90 317.90 317.90 317.90 317.90 317.90 321.17 321.39 321.39 321.39 321.39 321.39 321.39 321.39 321.39 321.39 321.39 321.39 321.39 321.39 321.17 317.90 317.90 317.90
 317.90 317.90 317.90 317.90 317.90 317.90 320.95 321.39 321.39 321.39 321.39 321.39 321.39 321.39 321.39 321.39 321.39 321.39 321.39 321.39 320.95 317.90 317.90 317.90
 317.90 317.90 317.90 317.90 317.90 317.90 320.52 321.39 321.39 321.39 321.39 321.39 321.39 321.39 321.39 321.39 321.39 321.39 321.39 321.39 320.52 317.90 317.90 317.90
 317.90 317.90 317.90 317.90 317.90 317.90 319.64 321.39 321.39 321.39 321.39 321.39 321.39 321.39 321.39 321.39 321.39 321.39 321.39 321.39 319.64 317.90 317.90 317.90
 317.90 317.90 317.90 317.90 317.90 317.90 317.90 317.90 320.23 321.39 321.39 321.39 321.39 321.39 321.39 321.39 321.39 321.39 320.23 317.90 317.90 317.90 317.90 317.90
 317.90 317.90 317.90 317.90 317.90 317.90 317.90 317.90 317.90 317.90 320.23 321.39 321.39 321.39 321.39 321.39 320.23 317.90 317.90 317.90 317.90 317.90 317.90 317.90
 317.90 317.90 317.90 317.90 317.90 317.90 317.90 317.90 317.90 317.90 317.90 317.90 320.23 321.39 320.23 317.90 317.90 317.90 317.90 317.90 317.90 317.90 317.90 317.90
 317.90 317.90 317.90 317.90 317.90 317.90 317.90 317.90 317.90 317.90 317.90 317.90 317.90 317.90 317.90 317.90 317.90 317.90 317.90 317.90 317.90 317.90 317.90 317.90
 317.90 317.90 317.90 317.90 317.90 317.90 317.90 317.90 317.90 317.90 317.90 317.90 317.90 317.90 317.90 317.90 317.90 317.90 317.90 317.90 317.90 317.90 317.90 317.90
 317.90 317.90 317.90 317.90 317.90 317.90 317.90 317.90 317.90 317.90 317.90 317.90 317.90 317.90 317.90 317.90 317.90 317.90 317.90 317.90 317.90 317.90 317.90 317.90
 317.90 317.90 317.90 317.90 317.90 317.90 317.90 317.90 317.90 317.90 317.90 317.90 317.90 317.90 317.90 317.90 317.90 317.90 317.90 317.90 317.90 317.90 317.90 317.90
 320.74 320.74 320.74 320.74 320.74 320.74 320.74 320.74 320.74 320.74 320.74 320.74 320.74 320.74 320.74 320.74 320.74 320.74 320.74 320.74 320.74 320.74 320.74 320.74
 318.26 318.26 318.26 318.26 318.26 318.26 321.99 322.24 322.24 322.24 322.24 322.24 322.24 322.24 322.24 322.24 322.24 322.24 322.24 322.24 321.99 318.26 318.26 318.26
 318.26 318.26 318.26 318.26 318.26 318.26 321.74 322.24 322.24 322.24 322.24 322.24 322.24 322.24 322.24 322.24 322.24 322.24 322.24 322.24 321.74 318.26 318.26 318.26
 318.26 318.26 318.26 318.26 318.26 318.26 321.25 322.24 322.24 322.24 322.24 322.24 322.24 322.24 322.24 322.24 322.24 322.24 322.24 322.24 321.25 318.26 318.26 318.26
 318.26 318.26 318.26 318.26 318.26 318.26 320.25 322.24 322.24 322.24 322.24 322.24 322.24 322.24 322.24 322.24 322.24 322.24 322.24 322.24 320.25 318.26 318.26 318.26
 318.26 318.26 318.26 318.26 318.26 318.26 318.26 318.26 320.91 322.24 322.24 322.24 322.24 322.24 322.24 322.24 322.24 322.24 320.91 318.26 318.26 318.26 318.26 318.26
 318.26 318.26 318.26 318.26 318.26 318.26 318.26 318.26 318.26 318.26 320.91 322.24 322.24 322.24 322.24 322.24 320.91 318.26 318.26 318.26 318.26 318.26 318.26 318.26
 318.26 318.26 318.26 318.26 318.26 318.26 318.26 318.26 318.26 318.26 318.26 318.26 320.91 322.24 320.91 318.26 318.26 318.26 318.26 318.26 318.26 318.26 318.26 318.26
 318.26 318.26 318.26 318.26 318.26 318.26 318.26 318.26 318.26 318.26 318.26 318.26 318.26 318.26 318.26 318.26 318.26 318.26 318.26 318.26 318.26 318.26 318.26 318.26
 318.26 318.26 318.26 318.26 318.26 318.26 318.26 318.26 318.26 318.26 318.26 318.26 318.26 318.26 318.26 318.26 318.26 318.26 318.26 318.26 318.26 318.26 318.26 318.26
 318.26 318.26 318.26 318.26 318.26 318.26 318.26 318.26 318.26 318.26 318.26 318.26 318.26 318.26 318.26 318.26 318.26 318.26 318.26 318.26 318.26 318.26 318.26 318.26
 318.26 318.26 318.26 318.26 318.26 318.26 318.26 318.26 318.26 318.26 318.26 318.26 318.26 318.26 318.26 318.26 318.26 318.26 318.26 318.26 318.26 318.26 318.26 318.26
 320.24 320.24 320.24 320.24 320.24 320.24 320.24 320.24 320.24 320.24 320.24 320.24 320.24 320.24 320.24 320.24 320.24 320.24 320.24 320.24 320.24 320.24 320.24 320.24
 318.22 318.22 318.22 318.22 318.22 318.22 321.27 321.47 321.47 321.47 321.47 321.47 321.47 321.47 321.47 321.47 321.47 321.47 321.47 321.47 321.27 318.22 318.22 318.22
 318.22 318.22 318.22 318.22 318.22 318.22 321.06 321.47 321.47 321.47 321.47 321.47 321.47 321.47 321.47 321.47 321.47 321.47 321.47 321.47 321.06 318.22 318.22 318.22
 318.22 318.22 318.22 318.22 318.22 318.22 320.66 321.47 321.47 321.47 321.47 321.47 321.47 321.47 321.47 321.47 321.47 321.47 321.47 321.47 320.66 318.22 318.22 318.22
 318.22 318.22 318.22 318.22 318.22 318.22 319.85 321.47 321.47 321.47 321.47 321.47 321.47 321.47 321.47 321.47 321.47 321.47 321.47 321.47 319.85 318.22 318.22 318.22
 318.22 318.22 318.22 318.22 318.22 318.22 318.22 318.22 320.39 321.47 321.47 321.47 321.47 321.47 321.47 321.47 321.47 321.47 320.39 318.22 318.22 318.22 318.22 318.22
 318.22 318.22 318.22 318.22 318.22 318.22 318.22 318.22 318.22 318.22 320.39 321.47 321.47 321.47 321.47 321.47 320.39 318.22 318.22 318.22 318.22 318.22 318.22 318.22
 318.22 318.22 318.22 318.22 318.22 318.22 318.22 318.22 318.22 318.22 318.22 318.22 320.39 321.47 320.39 318.22 318.22 318.22 318.22 318.22 318.22 318.22 318.22 318.22
 318.22 318.22 318.22 318.22 318.22 318.22 318.22 318.22 318.22 318.22 318.22 318.22 318.22 318.22 318.22 318.22 318.22 318.22 318.22 318.22 318.22 318.22 318.22 318.22
 318.22 318.22 318.22 318.22 318.22 318.22 318.22 318.22 318.22 318.22 318.22 318.22 318.22 318.22 318.22 318.22 318.22 318.22 318.22 318.22 318.22 318.22 318.22 318.22
 318.22 318.22 318.22 318.22 318.22 318.22 318.22 318.22 318.22 318.22 318.22 318.22 318.22 318.22 318.22 318.22 318.22 318.22 318.22 318.22 318.22 318.22 318.22 318.22
 318.22 318.22 318.22 318.22 318.22 318.22 318.22 318.22 318.22 318.22 318.22 318.22 318.22 318.22 318.22 318.22 318.22 318.22 318.22 318.22 318.22 318.22 318.22 318.22
 319.18 319.18 319.18 319.18 319.18 319.18 319.18 319.18 319.18 319.18 319.18 319.18 319.18 319.18 319.18 319.18 319.18 319.18 319.18 319.18 319.18 319.18 319.18 319.18
 318.26 318.26 318.26 318.26 318.26 318.26 319.65 319.74 319.74 319.74 319.74 319.74 319.74 319.74 319.74 319.74 319.74 319.74 319.74 319.74 319.65 318.26 318.26 318.26
 318.26 318.26 318.26 318.26 318.26 318.26 319.56 319.74 319.74 319.74 319.74 319.74 319.74 319.74 319.74 319.74 319.74 319.74 319.74 319.74 319.56 318.26 318.26 318.26
 318.26 318.26 318.26 318.26 318.26 318.26 319.37 319.74 319.74 319.74 319.74 319.74 319.74 319.74 319.74 319.74 319.74 319.74 319.74 319.74 319.37 318.26 318.26 318.26
 318.26 318.26 318.26 318.26 318.26 318.26 319.00 319.74 319.74 319.74 319.74 319.74 319.74 319.74 319.74 319.74 319.74 319.74 319.74 319.74 319.00 318.26 318.26 318.26
 318.26 318.26 318.26 318.26 318.26 318.26 318.26 318.26 319.25 319.74 319.74 319.74 319.74 319.74 319.74 319.74 319.74 319.74 319.25 318.26 318.26 318.26 318.26 318.26
 318.26 318.26 318.26 318.26 318.26 318.26 318.26 318.26 318.26 318.26 319.25 319.74 319.74 319.74 319.74 319.74 319.25 318.26 318.26 318.26 318.26 318.26 318.26 318.26
 318.26 318.26 318.26 318.26 318.26 318.26 318.26 318.26 318.26 318.26 318.26 318.26 319.25 319.74 319.25 318.26 318.26 318.26 318.26 318.26 318.26 318.26 318.26 318.26
 318.26 318.26 318.26 318.26 318.26 318.26 318.26 318.26 318.26 318.26 318.26 318.26 318.26 318.26 318.26 318.26 318.26 318.26 318.26 318.26 318.26 318.26 318.26 318.26
 318.26 318.26 318.26 318.26 318.26 318.26 318.26 318.26 318.26 318.26 318.26 318.26 318.26 318.26 318.26 318.26 318.26 318.26 318.26 318.26 318.26 318.26 318.26 318.26
 318.26 318.26 318.26 318.26 318.26 318.26 318.26 318.26 318.26 318.26 318.26 318.26 318.26 318.26 318.26 318.26 318.26 318.26 318.26 318.26 318.26 318.26 318.26 318.26
 318.26 318.26 318.26 318.26 318.26 318.26 318.26 318.26 318.26 318.26 318.26 318.26 318.26 318.26 318.26 318.26 318.26 318.26 318.26 318.26 318.26 318.26 318.26 318.26
 318.10 318.10 318.10 318.10 318.10 318.10 318.10 318.10 318.10 318.10 318.10 318.10 318.10 318.10 318.10 318.10 318.10 318.10 318.10 318.10 318.10 318.10 318.10 318.10
 318.64 318.64 318.64 318.64 318.64 318.64 317.82 317.77 317.77 317.77 317.77 317.77 317.77 317.77 317.77 317.77 317.77 317.77 317.77 317.77 317.82 318.64 318.64 318.64
 318.64 318.64 318.64 318.64 318.64 318.64 317.88 317.77 317.77 317.77 317.77 317.77 317.77 317.77 317.77 317.77 317.77 317.77 317.77 317.77 317.88 318.64 318.64 318.64
 318.64 318.64 318.64 318.64 318.64 318.64 317.99 317.77 317.77 317.77 317.77 317.77 317.77 317.77 317.77 317.77 317.77 317.77 317.77 317.77 317.99 318.64 318.64 318.64
 318.64 318.64 318.64 318.64 318.64 318.64 318.20 317.77 317.77 317.77 317.77 317.77 317.77 317.77 317.77 317.77 317.77 317.77 317.77 317.77 318.20 318.64 318.64 318.64
 318.64 318.64 318.64 318.64 318.64 318.64 318.64 318.64 318.06 317.77 317.77 317.77 317.77 317.77 317.77 317.77 317.77 317.77 318.06 318.64 318.64 318.64 318.64 318.64
 318.64 318.64 318.64 318.64 318.64 318.64 318.64 318.64 318.64 318.64 318.06 317.77 317.77 317.77 317.77 317.77 318.06 318.64 318.64 318.64 318.64 318.64 318.64 318.64
 318.64 318.64 318.64 318.64 318.64 318.64 318.64 318.64 318.64 318.64 318.64 318.64 318.06 317.77 318.06 318.64 318.64 318.64 318.64 318.64 318.64 318.64 318.64 318.64
 318.64 318.64 318.64 318.64 318.64 318.64 318.64 318.64 318.64 318.64 318.64 318.64 318.64 318.64 318.64 318.64 318.64 318.64 318.64 318.64 318.64 318.64 318.64 318.64
 318.64 318.64 318.64 318.64 318.64 318.64 318.64 318.64 318.64 318.64 318.64 318.64 318.64 318.64 318.64 318.64 318.64 318.64 318.64 318.64 318.64 318.64 318.64 318.64
 318.64 318.64 318.64 318.64 318.64 318.64 318.64 318.64 318.64 318.64 318.64 318.64 318.64 318.64 318.64 318.64 318.64 318.64 318.64 318.64 318.64 318.64 318.64 318.64
 318.64 318.64 318.64 318.64 318.64 318.64 318.64 318.64 318.64 318.64 318.64 318.64 318.64 318.64 318.64 318.64 318.64 318.64 318.64 318.64 318.64 318.64 318.64 318.64
 317.10 317.10 317.10 317.10 317.10 317.10 317.10 317.10 317.10 317.10 317.10 317.10 317.10 317.10 317.10 317.10 317.10 317.10 317.10 317.10 317.10 317.10 317.10 317.10
 318.56 318.56 318.56 318.56 318.56 318.56 316.36 316.21 316.21 316.21 316.21 316.21 316.21 316.21 316.21 316.21 316.21 316.21 316.21 316.21 316.36 318.56 318.56 318.56
 318.56 318.56 318.56 318.56 318.56 318.56 316.50 316.21 316.21 316.21 316.21 316.21 316.21 316.21 316.21 316.21 316.21 316.21 316.21 316.21 316.50 318.56 318.56 318.56
 318.56 318.56 318.56 318.56 318.56 318.56 316.80 316.21 316.21 316.21 316.21 316.21 316.21 316.21 316.21 316.21 316.21 316.21 316.21 316.21 316.80 318.56 318.56 318.56
 318.56 318.56 318.56 318.56 318.56 318.56 317.38 316.21 316.21 316.21 316.21 316.21 316.21 316.21 316.21 316.21 316.21 316.21 316.21 316.21 317.38 318.56 318.56 318.56
 318.56 318.56 318.56 318.56 318.56 318.56 318.56 318.56 316.99 316.21 316.21 316.21 316.21 316.21 316.21 316.21 316.21 316.21 316.99 318.56 318.56 318.56 318.56 318.56
 318.56 318.56 318.56 318.56 318.56 318.56 318.56 318.56 318.56 318.56 316.99 316.21 316.21 316.21 316.21 316.21 316.99 318.56 318.56 318.56 318.56 318.56 318.56 318.56
 318.56 318.56 318.56 318.56 318.56 318.56 318.56 318.56 318.56 318.56 318.56 318.56 316.99 316.21 316.99 318.56 318.56 318.56 318.56 318.56 318.56 318.56 318.56 318.56
 318.56 318.56 318.56 318.56 318.56 318.56 318.56 318.56 318.56 318.56 318.56 318.56 318.56 318.56 318.56 318.56 318.56 318.56 318.56 318.56 318.56 318.56 318.56 318.56
 318.56 318.56 318.56 318.56 318.56 318.56 318.56 318.56 318.56 318.56 318.56 318.56 318.56 318.56 318.56 318.56 318.56 318.56 318.56 318.56 318.56 318.56 318.56 318.56
 318.56 318.56 318.56 318.56 318.56 318.56 318.56 318.56 318.56 318.56 318.56 318.56 318.56 318.56 318.56 318.56 318.56 318.56 318.56 318.56 318.56 318.56 318.56 318.56
 318.56 318.56 318.56 318.56 318.56 318.56 318.56 318.56 318.56 318.56 318.56 318.56 318.56 318.56 318.56 318.56 318.56 318.56 318.56 318.56 318.56 318.56 318.56 318.56
 317.13 317.13 317.13 317.13 317.13 317.13 317.13 317.13 317.13 317.13 317.13 317.13 317.13 317.13 317.13 317.13 317.13 317.13 317.13 317.13 317.13 317.13 317.13 317.13
 319.02 319.02 319.02 319.02 319.02 319.02 316.18 315.99 315.99 315.99 315.99 315.99 315.99 315.99 315.99 315.99 315.99 315.99 315.99 315.99 316.18 319.02 319.02 319.02
 319.02 319.02 319.02 319.02 319.02 319.02 316.37 315.99 315.99 315.99 315.99 315.99 315.99 315.99 315.99 315.99 315.99 315.99 315.99 315.99 316.37 319.02 319.02 319.02
 319.02 319.02 319.02 319.02 319.02 319.02 316.75 315.99 315.99 315.99 315.99 315.99 315.99 315.99 315.99 315.99 315.99 315.99 315.99 315.99 316.75 319.02 319.02 319.02
 319.02 319.02 319.02 319.02 319.02 319.02 317.50 315.99 315.99 315.99 315.99 315.99 315.99 315.99 315.99 315.99 315.99 315.99 315.99 315.99 317.50 319.02 319.02 319.02
 319.02 319.02 319.02 319.02 319.02 319.02 319.02 319.02 317.00 315.99 315.99 315.99 315.99 315.99 315.99 315.99 315.99 315.99 317.00 319.02 319.02 319.02 319.02 319.02
 319.02 319.02 319.02 319.02 319.02 319.02 319.02 319.02 319.02 319.02 317.00 315.99 315.99 315.99 315.99 315.99 317.00 319.02 319.02 319.02 319.02 319.02 319.02 319.02
 319.02 319.02 319.02 319.02 319.02 319.02 319.02 319.02 319.02 319.02 319.02 319.02 317.00 315.99 317.00 319.02 319.02 319.02 319.02 319.02 319.02 319.02 319.02 319.02
 319.02 319.02 319.02 319.02 319.02 319.02 319.02 319.02 319.02 319.02 319.02 319.02 319.02 319.02 319.02 319.02 319.02 319.02 319.02 319.02 319.02 319.02 319.02 319.02
 319.02 319.02 319.02 319.02 319.02 319.02 319.02 319.02 319.02 319.02 319.02 319.02 319.02 319.02 319.02 319.02 319.02 319.02 319.02 319.02 319.02 319.02 319.02 319.02
 319.02 319.02 319.02 319.02 319.02 319.02 319.02 319.02 319.02 319.02 319.02 319.02 319.02 319.02 319.02 319.02 319.02 319.02 319.02 319.02 319.02 319.02 319.02 319.02
 319.02 319.02 319.02 319.02 319.02 319.02 319.02 319.02 319.02 319.02 319.02 319.02 319.02 319.02 319.02 319.02 319.02 319.02 319.02 319.02 319.02 319.02 319.02 319.02
 317.07 317.07 317.07 317.07 317.07 317.07 317.07 317.07 317.07 317.07 317.07 317.07 317.07 317.07 317.07 317.07 317.07 317.07 317.07 317.07 317.07 317.07 317.07 317.07
 317.07 317.07 317.07 317.07 317.07 317.07 317.07 317.07 317.07 317.07 317.07 317.07 317.07 317.07 317.07 317.07 317.07 317.07 317.07 317.07 317.07 317.07 317.07 317.07
 317.07 317.07 317.07 317.07 317.07 317.07 317.07 317.07 317.07 317.07 317.07 317.07 317.07 317.07 317.07 317.07 317.07 317.07 317.07 317.07 317.07 317.07 317.07 317.07
 317.07 317.07 317.07 317.07 317.07 317.07 317.07 317.07 317.07 317.07 317.07 317.07 317.07 317.07 317.07 317.07 317.07 317.07 317.07 317.07 317.07 317.07 317.07 317.07
 317.07 317.07 317.07 317.07 317.07 317.07 317.07 317.07 317.07 317.07 317.07 317.07 317.07 317.07 317.07 317.07 317.07 317.07 317.07 317.07 317.07 317.07 317.07 317.07
 317.07 317.07 317.07 317.07 317.07 317.07 317.07 317.07 317.07 317.07 317.07 317.07 317.07 317.07 317.07 317.07 317.07 317.07 317.07 317.07 317.07 317.07 317.07 317.07
 317.07 317.07 317.07 317.07 317.07 317.07 317.07 317.07 317.07 317.07 317.07 317.07 317.07 317.07 317.07 317.07 317.07 317.07 317.07 317.07 317.07 317.07 317.07 317.07
 317.07 317.07 317.07 317.07 317.07 317.07 317.07 317.07 317.07 317.07 317.07 317.07 317.07 317.07 317.07 317.07 317.07 317.07 317.07 317.07 317.07 317.07 317.07 317.07
 317.07 317.07 317.07 317.07 317.07 317.07 317.07 317.07 317.07 317.07 317.07 317.07 317.07 317.07 317.07 317.07 317.07 317.07 317.07 317.07 317.07 317.07 317.07 317.07
 317.07 317.07 317.07 317.07 317.07 317.07 317.07 317.07 317.07 317.07 317.07 317.07 317.07 317.07 317.07 317.07 317.07 317.07 317.07 317.07 317.07 317.07 317.07 317.07
 317.07 317.07 317.07 317.07 317.07 317.07 317.07 317.07 317.07 317.07 317.07 317.07 317.07 317.07 317.07 317.07 317.07 317.07 317.07 317.07 317.07 317.07 317.07 317.07
 317.07 317.07 317.07 317.07 317.07 317.07 317.07 317.07 317.07 317.07 317.07 317.07 317.07 317.07 317.07 317.07 317.07 317.07 317.07 317.07 317.07 317.07 317.07 317.07
 318.36 318.36 318.36 318.36 318.36 318.36 318.36 318.36 318.36 318.36 318.36 318.36 318.36 318.36 318.36 318.36 318.36 318.36 318.36 318.36 318.36 318.36 318.36 318.36
 318.36 318.36 318.36 318.36 318.36 318.36 318.36 318.36 318.36 318.36 318.36 318.36 318.36 318.36 318.36 318.36 318.36 318.36 318.36 318.36 318.36 318.36 318.36 318.36
 318.36 318.36 318.36 318.36 318.36 318.36 318.36 318.36 318.36 318.36 318.36 318.36 318.36 318.36 318.36 318.36 318.36 318.36 318.36 318.36 318.36 318.36 318.36 318.36
 318.36 318.36 318.36 318.36 318.36 318.36 318.36 318.36 318.36 318.36 318.36 318.36 318.36 318.36 318.36 318.36 318.36 318.36 318.36 318.36 318.36 318.36 318.36 318.36
 318.36 318.36 318.36 318.36 318.36 318.36 318.36 318.36 318.36 318.36 318.36 318.36 318.36 318.36 318.36 318.36 318.36 318.36 318.36 318.36 318.36 318.36 318.36 318.36
 318.36 318.36 318.36 318.36 318.36 318.36 318.36 318.36 318.36 318.36 318.36 318.36 318.36 318.36 318.36 318.36 318.36 318.36 318.36 318.36 318.36 318.36 318.36 318.36
 318.36 318.36 318.36 318.36 318.36 318.36 318.36 318.36 318.36 318.36 318.36 318.36 318.36 318.36 318.36 318.36 318.36 318.36 318.36 318.36 318.36 318.36 318.36 318.36
 318.36 318.36 318.36 318.36 318.36 318.36 318.36 318.36 318.36 318.36 318.36 318.36 318.36 318.36 318.36 318.36 318.36 318.36 318.36 318.36 318.36 318.36 318.36 318.36
 318.36 318.36 318.36 318.36 318.36 318.36 318.36 318.36 318.36 318.36 318.36 318.36 318.36 318.36 318.36 318.36 318.36 318.36 318.36 318.36 318.36 318.36 318.36 318.36
 318.36 318.36 318.36 318.36 318.36 318.36 318.36 318.36 318.36 318.36 318.36 318.36 318.36 318.36 318.36 318.36 318.36 318.36 318.36 318.36 318.36 318.36 318.36 318.36
 318.36 318.36 318.36 318.36 318.36 318.36 318.36 318.36 318.36 318.36 318.36 318.36 318.36 318.36 318.36 318.36 318.36 318.36 318.36 318.36 318.36 318.36 318.36 318.36
 318.36 318.36 318.36 318.36 318.36 318.36 318.36 318.36 318.36 318.36 318.36 318.36 318.36 318.36 318.36 318.36 318.36 318.36 318.36 318.36 318.36 318.36 318.36 318.36
