1986 MONTHLY CO2 (PPMV)   24  12  LON/LAT (N-S/0-360E) IN 15 DEGREE RESOLUTION,  GLB ANNUAL MEAN = 347.56,  GROWTH RATE = 1.93,  MISS DATA = -99.99
 351.28 351.28 351.28 351.28 351.28 351.28 351.28 351.28 351.28 351.28 351.28 351.28 351.28 351.28 351.28 351.28 351.28 351.28 351.28 351.28 351.28 351.28 351.28 351.28
 350.88 351.08 351.28 351.28 351.28 351.28 351.28 351.28 351.28 351.28 351.28 351.08 350.68 350.07 350.68 350.51 351.28 351.28 351.28 351.28 351.28 351.57 351.28 351.26
 351.61 351.61 351.45 351.28 349.49 348.60 349.49 351.28 351.28 351.08 350.87 350.87 351.12 351.38 350.56 349.73 348.81 349.32 350.11 351.17 352.47 351.86 350.82 350.66
 349.70 349.70 349.70 348.60 348.60 348.60 348.60 348.60 348.77 347.60 350.87 350.87 348.18 348.98 351.86 351.86 347.88 347.88 348.94 349.76 353.08 351.57 349.78 349.72
 349.70 349.70 347.51 345.32 348.60 348.60 348.60 348.10 347.60 347.60 347.79 348.18 348.18 346.59 346.59 351.86 347.88 348.94 348.94 346.44 349.76 350.37 349.78 348.75
 347.14 346.94 345.32 345.32 345.32 348.60 348.27 347.60 347.60 347.60 347.60 347.01 346.76 346.60 346.60 349.23 347.88 348.94 348.94 346.44 348.10 347.87 347.17 345.86
 345.86 345.59 345.32 345.32 345.32 344.93 344.74 347.60 347.60 347.60 346.90 345.50 345.50 346.05 346.32 347.78 347.88 348.94 348.94 346.44 346.80 345.86 345.86 345.86
 345.86 345.59 345.32 345.32 344.93 344.54 344.54 344.18 343.82 343.82 343.71 343.60 345.50 345.77 346.05 346.13 346.23 347.48 348.94 345.49 345.67 345.86 345.86 345.86
 345.43 344.49 344.48 344.93 344.54 344.54 344.54 344.18 343.82 343.82 343.71 343.60 343.60 343.60 344.09 344.57 344.57 344.57 344.54 344.53 344.54 344.57 345.43 345.86
 344.57 344.50 344.48 344.50 344.55 344.54 344.55 344.57 344.07 343.82 343.93 343.60 343.92 344.57 344.57 344.57 344.57 344.57 344.54 344.53 344.54 344.57 344.57 344.57
 344.57 344.53 344.48 344.53 344.57 344.57 344.57 344.57 344.57 344.57 344.57 344.57 344.57 344.57 344.57 344.57 344.57 344.57 344.55 344.53 344.55 344.57 344.57 344.57
 344.57 344.57 344.57 344.57 344.57 344.57 344.57 344.57 344.57 344.57 344.57 344.57 344.57 344.57 344.57 344.57 344.57 344.57 344.57 344.57 344.57 344.57 344.57 344.57
 352.17 352.17 352.17 352.17 352.17 352.17 352.17 352.17 352.17 352.17 352.17 352.17 352.17 352.17 352.17 352.17 352.17 352.17 352.17 352.17 352.17 352.17 352.17 352.17
 351.21 351.69 352.17 352.17 352.17 352.17 352.17 352.17 352.17 352.17 352.17 351.82 352.16 352.16 352.16 351.36 352.17 352.17 352.17 352.17 352.17 351.18 352.17 353.44
 358.22 358.22 355.19 352.17 351.12 350.60 351.12 352.17 352.17 351.82 351.47 351.47 351.74 352.01 351.28 350.56 350.26 350.80 350.86 350.71 350.67 350.20 349.68 354.11
 350.00 350.00 350.00 350.60 350.60 350.60 350.60 350.60 349.75 348.11 351.47 351.47 349.47 349.61 351.51 351.51 349.97 349.97 349.56 349.30 351.14 350.17 349.16 349.79
 350.00 350.00 348.28 346.56 350.60 350.60 350.60 349.36 348.11 348.11 348.56 349.47 349.47 347.22 347.22 351.51 349.97 349.56 349.56 347.46 349.30 349.54 349.16 348.61
 346.71 347.27 346.56 346.56 346.56 350.60 349.77 348.11 348.11 348.11 348.11 347.65 347.31 346.78 346.78 349.14 349.97 349.56 349.56 347.46 348.38 347.35 346.43 345.06
 345.06 345.81 346.56 346.56 346.56 345.72 345.30 348.11 348.11 348.11 347.30 345.69 345.69 346.24 346.51 347.83 349.97 349.56 349.56 347.46 346.97 345.06 345.06 345.06
 345.06 345.81 346.56 346.56 345.72 344.88 344.88 344.36 343.83 343.83 343.97 344.12 345.69 345.96 346.24 346.15 347.18 347.84 349.56 345.86 345.54 345.06 345.06 345.06
 344.84 344.60 344.63 345.72 344.88 344.88 344.88 344.36 343.83 343.83 343.97 344.12 344.12 344.12 344.26 344.39 344.39 344.39 344.28 344.26 344.28 344.39 344.84 345.06
 344.39 344.57 344.63 344.57 344.72 344.88 344.72 344.39 344.02 343.83 344.08 344.12 344.21 344.39 344.39 344.39 344.39 344.39 344.29 344.26 344.29 344.39 344.39 344.39
 344.39 344.51 344.63 344.51 344.39 344.39 344.39 344.39 344.39 344.39 344.39 344.39 344.39 344.39 344.39 344.39 344.39 344.39 344.33 344.26 344.33 344.39 344.39 344.39
 344.39 344.39 344.39 344.39 344.39 344.39 344.39 344.39 344.39 344.39 344.39 344.39 344.39 344.39 344.39 344.39 344.39 344.39 344.39 344.39 344.39 344.39 344.39 344.39
 352.91 352.91 352.91 352.91 352.91 352.91 352.91 352.91 352.91 352.91 352.91 352.91 352.91 352.91 352.91 352.91 352.91 352.91 352.91 352.91 352.91 352.91 352.91 352.91
 352.41 352.66 352.91 352.91 352.91 352.91 352.91 352.91 352.91 352.91 352.91 353.06 353.30 353.69 353.30 351.76 352.91 352.91 352.91 352.91 352.91 352.36 352.91 353.53
 355.89 355.89 354.40 352.91 352.20 351.84 352.20 352.91 352.91 353.06 353.21 353.21 352.69 352.17 351.39 350.62 350.14 350.91 351.50 351.25 351.15 351.81 350.62 353.74
 351.60 351.60 351.60 351.84 351.84 351.84 351.84 351.84 350.46 348.54 353.21 353.21 349.66 350.12 350.98 350.98 349.68 349.68 350.09 349.69 350.50 350.58 349.44 351.06
 351.60 351.60 349.22 346.84 351.84 351.84 351.84 350.19 348.54 348.54 348.91 349.66 349.66 348.07 348.07 350.98 349.68 350.09 350.09 348.88 349.69 349.90 349.44 349.38
 346.77 347.70 346.84 346.84 346.84 351.84 350.74 348.54 348.54 348.54 348.54 347.87 347.66 347.69 347.69 349.34 349.68 350.09 350.09 348.88 349.28 347.40 346.05 344.35
 344.35 345.60 346.84 346.84 346.84 345.91 345.44 348.54 348.54 348.54 347.57 345.63 345.63 346.66 347.18 348.26 349.68 350.09 350.09 348.88 347.50 344.35 344.35 344.35
 344.35 345.60 346.84 346.84 345.91 344.98 344.98 344.42 343.87 343.87 344.15 344.44 345.63 346.15 346.66 346.42 347.00 348.17 350.09 346.57 345.67 344.35 344.35 344.35
 344.34 344.52 344.55 345.91 344.98 344.98 344.98 344.42 343.87 343.87 344.15 344.44 344.44 344.44 344.38 344.33 344.33 344.33 344.27 344.26 344.27 344.33 344.34 344.35
 344.33 344.49 344.55 344.49 344.76 344.98 344.76 344.33 344.02 343.87 344.20 344.44 344.40 344.33 344.33 344.33 344.33 344.33 344.28 344.26 344.28 344.33 344.33 344.33
 344.33 344.44 344.55 344.44 344.33 344.33 344.33 344.33 344.33 344.33 344.33 344.33 344.33 344.33 344.33 344.33 344.33 344.33 344.29 344.26 344.29 344.33 344.33 344.33
 344.33 344.33 344.33 344.33 344.33 344.33 344.33 344.33 344.33 344.33 344.33 344.33 344.33 344.33 344.33 344.33 344.33 344.33 344.33 344.33 344.33 344.33 344.33 344.33
 353.09 353.09 353.09 353.09 353.09 353.09 353.09 353.09 353.09 353.09 353.09 353.09 353.09 353.09 353.09 353.09 353.09 353.09 353.09 353.09 353.09 353.09 353.09 353.09
 353.25 356.25 353.09 353.09 353.09 353.09 353.09 353.09 353.09 353.09 353.09 353.82 353.11 353.14 353.11 352.39 353.09 353.09 353.09 353.09 353.09 353.93 353.09 352.93
 352.30 362.40 362.40 357.75 352.88 352.78 352.88 353.09 363.36 368.50 354.54 354.54 353.80 353.06 352.37 351.69 351.17 351.64 351.96 352.47 353.53 354.77 352.79 352.05
 351.80 357.10 359.75 352.78 352.78 352.78 352.78 360.64 368.50 368.50 368.50 354.54 350.34 351.30 351.01 351.01 350.65 350.65 350.82 350.77 352.29 352.62 350.81 351.55
 351.80 354.45 351.36 345.61 352.78 352.78 352.78 355.60 359.16 359.16 356.95 350.34 350.34 349.54 349.54 351.01 350.65 350.82 350.82 349.26 350.77 351.40 350.81 349.87
 347.14 348.10 345.61 345.61 345.61 352.78 351.79 349.82 349.82 349.82 349.82 348.46 348.16 348.64 348.64 349.83 350.65 350.82 350.82 349.26 350.02 348.26 346.81 344.81
 344.81 345.21 345.61 345.61 345.61 345.04 344.76 349.82 349.82 349.82 348.38 345.50 345.50 347.07 347.86 348.84 350.65 350.82 350.82 349.26 348.03 344.81 344.81 344.81
 344.81 345.21 345.61 345.61 345.04 344.48 344.48 344.17 343.87 343.87 343.87 345.50 345.50 346.29 347.07 346.79 347.54 348.69 350.82 346.88 346.06 344.81 344.81 344.81
 344.69 344.54 344.55 345.04 344.48 344.48 344.48 344.17 343.87 343.87 343.87 343.87 345.50 345.41 344.44 344.44 344.44 344.44 344.50 344.51 344.50 344.44 344.69 344.81
 344.44 344.52 344.55 344.52 344.46 344.48 344.46 344.44 344.06 343.87 344.06 344.44 344.44 344.44 344.44 344.44 344.44 344.44 344.49 344.51 344.49 344.44 344.44 344.44
 344.44 344.49 344.55 344.49 344.44 344.44 344.44 344.44 344.44 344.44 344.44 344.44 344.44 344.44 344.44 344.44 344.44 344.44 344.47 344.51 344.47 344.44 344.44 344.44
 344.44 344.44 344.44 344.44 344.44 344.44 344.44 344.44 344.44 344.44 344.44 344.44 344.44 344.44 344.44 344.44 344.44 344.44 344.44 344.44 344.44 344.44 344.44 344.44
 353.41 353.41 353.41 353.41 353.41 353.41 353.41 353.41 353.41 353.41 353.41 353.41 353.41 353.41 353.41 353.41 353.41 353.41 353.41 353.41 353.41 353.41 353.41 353.41
 351.74 356.25 353.41 353.41 353.41 353.41 353.41 353.41 353.41 353.41 353.41 353.59 353.43 353.45 353.43 353.08 353.41 353.41 353.41 353.41 353.41 354.34 353.41 351.39
 347.00 363.59 363.59 358.50 352.07 351.40 352.07 353.41 367.80 375.00 353.77 353.77 353.47 353.16 352.96 352.75 351.48 351.70 352.05 351.67 352.26 355.26 352.95 348.40
 349.80 356.69 360.14 351.40 351.40 351.40 351.40 363.20 375.00 375.00 375.00 353.77 351.25 351.66 351.03 351.03 350.22 350.22 350.68 349.35 349.26 351.72 350.64 350.01
 349.80 353.25 351.08 345.46 351.40 351.40 351.40 357.01 362.82 362.82 359.93 351.25 351.25 350.16 350.16 351.03 350.22 350.68 350.68 349.43 349.35 350.20 350.20 350.20
 347.01 347.82 345.46 345.46 345.46 351.40 351.15 350.64 350.64 350.64 350.64 348.90 348.26 348.09 348.09 349.56 350.22 350.68 350.68 349.43 349.39 350.20 350.20 345.62
 345.62 345.54 345.46 345.46 345.46 344.99 344.75 350.64 350.64 350.64 348.91 345.44 345.44 346.76 347.43 348.49 350.22 350.68 350.68 349.43 348.15 345.62 345.62 345.62
 345.62 345.54 345.46 345.46 344.99 344.52 344.52 344.31 344.09 344.09 344.54 345.00 345.01 345.01 345.01 345.01 346.61 348.66 350.68 347.01 346.35 345.62 345.62 345.62
 345.28 344.68 344.69 344.99 344.52 344.52 344.52 344.30 344.09 344.09 344.54 344.99 345.00 345.00 344.87 344.61 344.61 344.61 344.60 344.60 344.60 344.61 345.28 345.62
 344.61 344.67 344.69 344.67 344.55 344.52 344.55 344.61 344.26 344.09 344.56 344.99 344.87 344.61 344.61 344.61 344.61 344.61 344.60 344.60 344.60 344.61 344.61 344.61
 344.61 344.65 344.69 344.65 344.61 344.61 344.61 344.61 344.61 344.61 344.61 344.61 344.61 344.61 344.61 344.61 344.61 344.61 344.60 344.60 344.60 344.61 344.61 344.61
 344.60 344.60 344.60 344.60 344.60 344.60 344.60 344.60 344.60 344.60 344.60 344.60 344.60 344.60 344.60 344.60 344.60 344.60 344.60 344.60 344.60 344.60 344.60 344.60
 351.83 351.83 351.83 351.83 351.83 351.83 351.83 351.83 351.83 351.83 351.83 351.83 351.83 351.83 351.83 351.83 351.83 351.83 351.83 351.83 351.83 351.83 351.83 351.83
 348.60 352.70 351.83 351.83 351.83 351.83 351.83 351.83 351.83 351.83 351.83 350.32 351.41 350.99 351.41 350.06 351.83 351.83 351.83 351.83 351.83 352.55 351.83 348.62
 342.23 357.68 357.68 354.76 349.83 348.83 349.83 351.83 362.08 367.20 348.80 348.80 349.61 350.42 349.36 348.29 348.00 349.18 350.64 350.26 350.52 353.27 351.69 343.91
 345.60 351.64 354.66 348.83 348.83 348.83 348.83 358.01 367.20 367.20 367.20 348.80 350.26 349.96 349.55 349.55 347.72 347.72 349.45 348.42 347.78 350.39 350.11 346.73
 345.60 348.62 349.00 346.37 348.83 348.83 348.83 353.83 358.56 358.56 356.49 350.26 350.26 349.50 349.50 349.55 347.72 349.45 349.45 349.07 348.42 348.80 348.80 348.80
 346.01 346.82 346.37 346.37 346.37 348.83 349.19 349.92 349.92 349.92 349.92 348.64 348.13 347.88 347.88 348.72 347.72 349.45 349.45 349.07 348.75 348.80 348.80 346.21
 346.21 346.29 346.37 346.37 346.37 345.64 345.27 349.92 349.92 349.92 348.69 346.24 346.24 347.06 347.47 348.09 347.72 349.45 349.45 349.07 348.01 346.21 346.21 346.21
 346.21 346.29 346.37 346.37 345.64 344.91 344.91 344.66 344.42 344.42 344.68 344.94 344.93 344.93 344.93 344.93 345.86 347.94 349.45 346.88 346.45 346.21 346.21 346.21
 345.78 344.95 344.95 345.64 344.91 344.91 344.91 344.66 344.42 344.42 344.68 344.95 344.94 344.94 344.93 344.92 344.92 344.92 344.72 344.69 344.72 344.92 345.78 346.21
 344.92 344.94 344.95 344.94 344.91 344.91 344.91 344.92 344.59 344.42 344.74 344.95 344.94 344.92 344.92 344.92 344.92 344.92 344.75 344.69 344.75 344.92 344.92 344.92
 344.92 344.94 344.95 344.94 344.92 344.92 344.92 344.92 344.92 344.92 344.92 344.92 344.92 344.92 344.92 344.92 344.92 344.92 344.81 344.69 344.81 344.92 344.92 344.92
 344.92 344.92 344.92 344.92 344.92 344.92 344.92 344.92 344.92 344.92 344.92 344.92 344.92 344.92 344.92 344.92 344.92 344.92 344.92 344.92 344.92 344.92 344.92 344.92
 346.33 346.33 346.33 346.33 346.33 346.33 346.33 346.33 346.33 346.33 346.33 346.33 346.33 346.33 346.33 346.33 346.33 346.33 346.33 346.33 346.33 346.33 346.33 346.33
 343.93 348.76 346.33 346.33 346.33 346.33 346.33 346.33 346.33 346.33 346.33 342.56 345.38 344.43 345.38 345.51 346.33 346.33 346.33 346.33 346.33 344.92 346.33 343.97
 339.31 356.02 356.02 351.17 347.30 347.79 347.30 346.33 357.98 363.80 338.79 338.79 341.34 343.90 344.30 344.70 344.76 345.31 347.17 344.89 343.37 343.51 345.88 340.85
 342.40 349.21 352.62 347.79 347.79 347.79 347.79 355.80 363.80 363.80 363.80 338.79 348.14 345.63 342.79 342.79 344.83 344.83 348.02 344.99 343.23 345.00 348.26 343.87
 342.40 345.80 347.78 346.35 347.79 347.79 347.79 351.80 355.80 355.80 353.88 348.14 348.14 347.35 347.35 342.79 344.83 348.02 348.02 346.74 344.99 346.80 346.80 346.80
 345.50 346.09 346.35 346.35 346.35 347.79 347.79 347.80 347.80 347.80 347.80 347.30 347.24 347.58 347.58 345.19 344.83 348.02 348.02 346.74 345.86 346.80 346.80 347.05
 347.05 346.70 346.35 346.35 346.35 345.86 345.62 347.80 347.80 347.80 347.20 346.01 346.01 346.80 347.19 346.19 344.83 348.02 348.02 346.74 346.55 347.05 347.05 347.05
 347.05 346.70 346.35 346.35 345.86 345.37 345.37 345.09 344.80 344.80 345.09 345.38 346.01 346.40 346.80 346.11 345.09 347.13 348.02 346.74 346.42 347.05 347.05 347.05
 346.48 345.43 345.44 345.86 345.37 345.37 345.37 345.09 344.80 344.80 345.09 345.38 345.38 345.38 345.37 345.36 345.36 345.36 345.36 345.36 345.36 345.36 346.48 347.05
 345.36 345.42 345.44 345.42 345.37 345.37 345.37 345.36 344.99 344.80 345.16 345.38 345.37 345.36 345.36 345.36 345.36 345.36 345.36 345.36 345.36 345.36 345.36 345.36
 345.36 345.40 345.44 345.40 345.36 345.36 345.36 345.36 345.36 345.36 345.36 345.36 345.36 345.36 345.36 345.36 345.36 345.36 345.36 345.36 345.36 345.36 345.36 345.36
 345.35 345.35 345.35 345.35 345.35 345.35 345.35 345.35 345.35 345.35 345.35 345.35 345.35 345.35 345.35 345.35 345.35 345.35 345.35 345.35 345.35 345.35 345.35 345.35
 340.52 340.52 340.52 340.52 340.52 340.52 340.52 340.52 340.52 340.52 340.52 340.52 340.52 340.52 340.52 340.52 340.52 340.52 340.52 340.52 340.52 340.52 340.52 340.52
 338.87 339.70 340.52 340.52 340.52 340.52 340.52 340.52 340.52 340.52 340.52 339.01 339.52 338.52 339.52 342.53 340.52 340.52 340.52 340.52 340.52 342.61 340.52 339.68
 338.80 338.80 339.66 340.52 343.87 345.54 343.87 340.52 357.31 365.70 337.49 337.49 338.00 338.52 341.53 344.54 344.35 343.01 342.89 342.60 343.77 344.69 345.18 340.05
 341.30 341.30 341.30 345.54 345.54 345.54 345.54 355.62 365.70 365.70 365.70 337.49 344.66 341.87 340.41 340.41 344.15 344.15 345.26 343.52 342.85 344.40 345.67 342.39
 341.30 341.30 343.77 346.24 345.54 345.54 345.54 350.63 355.69 355.69 352.93 344.66 344.66 345.23 345.23 340.41 344.15 345.26 345.26 344.19 343.52 343.60 343.60 343.60
 345.37 344.93 346.24 346.24 346.24 345.54 345.58 345.67 345.67 345.67 345.67 345.37 345.65 346.78 346.78 343.60 344.15 345.26 345.26 344.19 343.86 343.60 343.60 347.40
 347.40 346.82 346.24 346.24 346.24 345.98 345.85 345.67 345.67 345.67 345.61 345.50 345.50 346.14 346.46 345.03 344.15 345.26 345.26 344.19 345.15 347.40 347.40 347.40
 347.40 346.82 346.24 346.24 345.98 345.72 345.72 345.44 345.15 345.15 345.38 345.68 345.86 345.86 345.86 345.86 345.25 345.42 345.26 344.19 345.62 347.40 347.40 347.40
 346.85 345.96 345.99 345.98 345.72 345.72 345.72 345.44 345.15 345.15 345.32 345.49 345.68 345.77 345.79 345.75 345.75 345.75 345.75 345.75 345.75 345.75 346.85 347.40
 345.75 345.93 345.99 345.93 345.73 345.72 345.73 345.75 345.35 345.15 345.43 345.49 345.64 345.75 345.75 345.75 345.75 345.75 345.75 345.75 345.75 345.75 345.75 345.75
 345.75 345.87 345.99 345.87 345.75 345.75 345.75 345.75 345.75 345.75 345.75 345.75 345.75 345.75 345.75 345.75 345.75 345.75 345.75 345.75 345.75 345.75 345.75 345.75
 345.75 345.75 345.75 345.75 345.75 345.75 345.75 345.75 345.75 345.75 345.75 345.75 345.75 345.75 345.75 345.75 345.75 345.75 345.75 345.75 345.75 345.75 345.75 345.75
 340.13 340.13 340.13 340.13 340.13 340.13 340.13 340.13 340.13 340.13 340.13 340.13 340.13 340.13 340.13 340.13 340.13 340.13 340.13 340.13 340.13 340.13 340.13 340.13
 339.11 345.32 340.13 340.13 340.13 340.13 340.13 340.13 340.13 340.13 340.13 342.28 340.81 341.49 340.81 341.22 340.13 340.13 340.13 340.13 340.13 341.70 340.13 339.86
 340.06 356.71 356.71 348.42 343.91 345.80 343.91 340.13 357.38 366.00 344.43 344.43 342.84 341.24 341.77 342.30 342.68 341.96 341.71 341.11 341.65 343.27 344.30 341.18
 342.30 349.50 353.11 345.80 345.80 345.80 345.80 355.90 366.00 366.00 366.00 344.43 342.62 342.68 345.03 345.03 343.06 343.06 343.29 341.54 340.03 342.88 345.34 343.06
 342.30 345.90 348.07 346.64 345.80 345.80 345.80 350.40 355.30 355.30 352.13 342.62 342.62 344.11 344.11 345.03 343.06 343.29 343.29 343.06 341.54 343.00 343.00 343.00
 345.42 346.19 346.64 346.64 346.64 345.80 345.40 344.60 344.60 344.60 344.60 344.48 344.90 346.27 346.27 345.65 343.06 343.29 343.29 343.06 342.30 343.00 343.00 346.98
 346.98 346.81 346.64 346.64 346.64 346.19 345.96 344.60 344.60 344.60 345.00 345.80 345.80 346.03 346.15 345.90 343.06 343.29 343.29 343.06 344.11 346.98 346.98 346.98
 346.98 346.81 346.64 346.64 346.19 345.74 345.74 345.49 345.25 345.25 344.39 342.41 339.01 339.01 339.01 339.01 342.70 344.20 343.29 343.06 345.04 346.98 346.98 346.98
 346.66 346.20 346.23 346.19 345.74 345.74 345.74 345.49 345.25 345.25 345.53 345.81 342.41 340.71 341.91 346.02 346.02 346.02 346.02 346.02 346.02 346.02 346.66 346.98
 346.02 346.18 346.23 346.18 345.83 345.74 345.83 346.02 345.51 345.25 345.65 345.81 344.74 346.02 346.02 346.02 346.02 346.02 346.02 346.02 346.02 346.02 346.02 346.02
 346.02 346.12 346.23 346.12 346.02 346.02 346.02 346.02 346.02 346.02 346.02 346.02 346.02 346.02 346.02 346.02 346.02 346.02 346.02 346.02 346.02 346.02 346.02 346.02
 346.02 346.02 346.02 346.02 346.02 346.02 346.02 346.02 346.02 346.02 346.02 346.02 346.02 346.02 346.02 346.02 346.02 346.02 346.02 346.02 346.02 346.02 346.02 346.02
 345.68 345.68 345.68 345.68 345.68 345.68 345.68 345.68 345.68 345.68 345.68 345.68 345.68 345.68 345.68 345.68 345.68 345.68 345.68 345.68 345.68 345.68 345.68 345.68
 343.99 349.62 345.68 345.68 345.68 345.68 345.68 345.68 345.68 345.68 345.68 347.76 345.71 345.74 345.71 345.68 345.68 345.68 345.68 345.68 345.68 345.32 345.68 345.50
 346.66 359.19 359.19 352.44 348.04 349.22 348.04 345.68 367.96 379.10 349.83 349.83 348.02 346.22 345.95 345.68 345.38 345.38 345.08 345.64 345.89 344.96 346.02 346.33
 346.00 352.60 355.89 349.22 349.22 349.22 349.22 364.16 379.10 379.10 379.10 349.83 344.82 345.18 346.49 346.49 345.08 345.08 344.47 345.35 346.82 346.29 347.09 346.27
 346.00 349.30 349.87 347.14 349.22 349.22 349.22 355.03 361.94 361.95 357.66 344.82 344.82 344.14 344.14 346.49 345.08 344.47 344.47 343.88 345.35 343.70 343.70 343.70
 346.51 347.48 347.14 347.14 347.14 349.22 347.74 344.79 344.79 344.79 344.79 345.31 345.64 346.12 346.12 346.31 345.08 344.47 344.47 343.88 344.62 343.70 343.70 346.77
 346.77 346.95 347.14 347.14 347.14 346.51 346.19 344.79 344.79 344.79 345.19 345.98 345.98 346.05 346.09 346.20 345.08 344.47 344.47 343.88 345.09 346.77 346.77 346.77
 346.77 346.95 347.14 347.14 346.51 345.88 345.88 345.70 345.52 345.52 345.66 345.89 346.19 346.19 346.19 346.19 345.80 345.02 344.47 343.88 345.47 346.77 346.77 346.77
 346.56 346.29 346.31 346.51 345.88 345.88 345.88 345.70 345.52 345.52 345.56 345.59 345.89 346.04 346.12 346.13 346.13 346.13 346.13 346.13 346.13 346.13 346.56 346.77
 346.13 346.26 346.31 346.26 345.96 345.88 345.96 346.13 345.73 345.52 345.70 345.59 345.87 346.13 346.13 346.13 346.13 346.13 346.13 346.13 346.13 346.13 346.13 346.13
 346.13 346.22 346.31 346.22 346.13 346.13 346.13 346.13 346.13 346.13 346.13 346.13 346.13 346.13 346.13 346.13 346.13 346.13 346.13 346.13 346.13 346.13 346.13 346.13
 346.13 346.13 346.13 346.13 346.13 346.13 346.13 346.13 346.13 346.13 346.13 346.13 346.13 346.13 346.13 346.13 346.13 346.13 346.13 346.13 346.13 346.13 346.13 346.13
 350.29 350.29 350.29 350.29 350.29 350.29 350.29 350.29 350.29 350.29 350.29 350.29 350.29 350.29 350.29 350.29 350.29 350.29 350.29 350.29 350.29 350.29 350.29 350.29
 348.50 349.40 350.29 350.29 350.29 350.29 350.29 350.29 350.29 350.29 350.29 351.37 349.63 348.97 349.63 349.98 350.29 350.29 350.29 350.29 350.29 349.81 350.29 349.49
 348.85 348.85 349.57 350.29 350.52 350.64 350.52 350.29 367.56 376.20 352.45 352.45 350.82 349.19 349.43 349.67 348.09 348.30 348.67 348.89 349.12 349.32 349.11 348.78
 348.70 348.70 348.70 350.64 350.64 350.64 350.64 363.42 376.20 376.20 376.20 352.45 347.61 347.51 347.84 347.84 346.50 346.50 347.05 347.27 348.91 349.04 348.90 348.75
 348.70 348.70 347.82 346.95 350.64 350.64 350.64 355.35 361.19 361.19 357.79 347.61 347.61 345.83 345.83 347.84 346.50 347.05 347.05 345.63 347.27 348.40 348.90 348.30
 347.53 347.53 346.95 346.95 346.95 350.64 349.15 346.17 346.17 346.17 346.17 346.61 346.61 346.19 346.19 347.01 346.50 347.05 347.05 345.63 346.45 347.35 347.59 346.94
 346.94 346.94 346.95 346.95 346.95 346.54 346.33 346.17 346.17 346.17 346.12 346.03 346.03 346.11 346.15 346.58 346.50 347.05 347.05 345.63 346.34 346.94 346.94 346.94
 346.94 346.94 346.95 346.95 346.54 346.12 346.12 345.72 345.31 345.31 345.41 345.52 346.03 346.07 346.11 346.25 346.28 346.72 347.05 345.63 346.24 346.94 346.94 346.94
 346.65 346.11 346.12 346.54 346.12 346.12 346.12 345.72 345.31 345.31 345.41 345.52 345.52 345.52 345.79 346.06 346.06 346.06 346.06 346.06 346.06 346.06 346.65 346.94
 346.06 346.10 346.12 346.10 346.10 346.12 346.10 346.06 345.56 345.31 345.58 345.52 345.70 346.06 346.06 346.06 346.06 346.06 346.06 346.06 346.06 346.06 346.06 346.06
 346.06 346.09 346.12 346.09 346.06 346.06 346.06 346.06 346.06 346.06 346.06 346.06 346.06 346.06 346.06 346.06 346.06 346.06 346.06 346.06 346.06 346.06 346.06 346.06
 346.06 346.06 346.06 346.06 346.06 346.06 346.06 346.06 346.06 346.06 346.06 346.06 346.06 346.06 346.06 346.06 346.06 346.06 346.06 346.06 346.06 346.06 346.06 346.06
 351.78 351.78 351.78 351.78 351.78 351.78 351.78 351.78 351.78 351.78 351.78 351.78 351.78 351.78 351.78 351.78 351.78 351.78 351.78 351.78 351.78 351.78 351.78 351.78
 350.54 356.61 351.78 351.78 351.78 351.78 351.78 351.78 351.78 351.78 351.78 352.80 351.62 351.46 351.62 351.47 351.78 351.78 351.78 351.78 351.78 351.60 351.78 351.31
 351.15 367.51 367.51 359.65 352.05 352.18 352.05 351.78 379.33 393.10 353.81 353.81 352.51 351.22 351.19 351.16 350.13 350.34 350.34 351.20 352.00 351.41 350.15 350.62
 350.10 358.81 363.16 352.18 352.18 352.18 352.18 372.64 393.10 393.10 393.10 353.81 348.99 349.20 350.30 350.30 349.11 349.11 348.90 349.82 352.58 350.96 348.89 349.80
 350.10 354.45 352.90 346.99 352.18 352.18 352.18 360.55 370.17 370.17 364.87 348.99 348.99 347.18 347.18 350.30 349.11 348.90 348.90 347.07 349.82 349.89 348.89 349.02
 347.83 349.03 346.99 346.99 346.99 352.18 350.53 347.23 347.23 347.23 347.23 347.38 347.15 346.30 346.30 348.30 349.11 348.90 348.90 347.07 348.45 348.11 347.42 346.69
 346.69 346.84 346.99 346.99 346.99 346.64 346.47 347.23 347.23 347.23 346.87 346.15 346.15 346.23 346.27 347.28 349.11 348.90 348.90 347.07 347.40 346.69 346.69 346.69
 346.69 346.84 346.99 346.99 346.64 346.30 346.30 345.70 345.11 345.11 345.21 345.14 344.66 344.66 344.66 344.66 346.55 347.89 348.90 347.07 346.76 346.69 346.69 346.69
 346.42 345.96 345.98 346.64 346.30 346.30 346.30 345.70 345.11 345.11 345.37 345.62 345.14 344.90 345.15 345.88 345.88 345.88 345.88 345.88 345.88 345.88 346.42 346.69
 345.88 345.95 345.98 345.95 346.16 346.30 346.16 345.88 345.37 345.11 345.50 345.62 345.55 345.88 345.88 345.88 345.88 345.88 345.88 345.88 345.88 345.88 345.88 345.88
 345.88 345.93 345.98 345.93 345.88 345.88 345.88 345.88 345.88 345.88 345.88 345.88 345.88 345.88 345.88 345.88 345.88 345.88 345.88 345.88 345.88 345.88 345.88 345.88
 345.88 345.88 345.88 345.88 345.88 345.88 345.88 345.88 345.88 345.88 345.88 345.88 345.88 345.88 345.88 345.88 345.88 345.88 345.88 345.88 345.88 345.88 345.88 345.88
