1972 MONTHLY CO2 (PPMV)   24  12  LON/LAT (N-S/0-360E) IN 15 DEGREE RESOLUTION,  GLB ANNUAL MEAN = 328.88,  GROWTH RATE = 3.28,  MISS DATA = -99.99
 335.55 335.55 335.55 335.55 335.55 335.55 335.55 335.55 335.55 335.55 335.55 335.55 335.55 335.55 335.55 335.55 335.55 335.55 335.55 335.55 335.55 335.55 335.55 335.55
 343.51 343.51 343.51 343.51 343.51 343.51 340.15 333.43 333.43 333.43 333.43 333.43 333.43 333.43 333.43 333.43 327.42 327.42 329.08 331.15 331.15 331.15 331.15 343.51
 343.51 343.51 343.51 343.51 343.51 343.51 343.51 336.79 333.43 333.43 333.43 333.43 333.43 333.43 333.43 327.42 327.42 327.42 328.66 331.15 331.15 331.15 331.15 343.51
 343.51 343.51 343.51 343.51 343.51 343.51 343.51 326.77 326.77 326.77 326.77 326.77 326.77 326.77 326.99 327.42 327.42 327.42 327.42 329.91 331.15 331.15 331.15 343.51
 343.51 343.51 343.51 343.51 343.51 343.51 326.77 326.77 326.77 326.77 326.77 326.77 326.77 326.77 326.77 327.20 327.42 327.42 327.42 329.49 331.15 331.15 331.15 343.51
 343.51 343.51 343.51 343.51 343.51 343.51 326.06 326.06 326.07 326.09 326.14 326.30 326.77 326.77 326.77 327.13 327.42 327.42 327.42 329.35 331.15 331.15 331.15 343.51
 343.51 343.51 343.51 343.51 343.51 325.35 325.35 325.35 325.35 325.35 325.35 325.35 326.06 326.77 326.77 327.11 327.42 327.42 327.42 329.31 331.15 331.15 331.15 343.51
 343.51 343.51 343.51 343.51 325.35 325.35 325.35 325.35 325.35 325.35 325.35 325.35 325.35 325.82 325.98 326.46 327.42 327.42 327.42 329.29 331.15 331.15 331.15 343.51
 343.51 343.51 343.51 325.35 325.35 325.35 325.35 325.35 325.35 325.35 325.35 325.35 325.35 325.35 325.35 325.35 326.38 326.90 327.16 329.20 331.15 331.15 331.15 343.51
 343.51 343.51 343.51 325.35 325.35 325.35 325.35 325.35 325.35 325.35 325.35 325.35 325.35 325.35 325.35 325.35 325.87 326.38 326.77 329.04 331.15 331.15 331.15 343.51
 343.51 343.51 343.51 325.35 325.35 325.35 325.35 325.35 325.35 325.35 325.35 325.35 325.35 325.35 325.35 325.35 325.61 326.00 326.38 328.86 331.15 331.15 331.15 343.51
 329.29 329.29 329.29 329.29 329.29 329.29 329.29 329.29 329.29 329.29 329.29 329.29 329.29 329.29 329.29 329.29 329.29 329.29 329.29 329.29 329.29 329.29 329.29 329.29
 336.61 336.61 336.61 336.61 336.61 336.61 336.61 336.61 336.61 336.61 336.61 336.61 336.61 336.61 336.61 336.61 336.61 336.61 336.61 336.61 336.61 336.61 336.61 336.61
 345.51 345.51 345.51 345.51 345.51 345.51 341.76 334.26 334.26 334.26 334.26 334.26 334.26 334.26 334.26 334.26 328.74 328.74 329.74 330.98 330.98 330.98 330.98 345.51
 345.51 345.51 345.51 345.51 345.51 345.51 345.51 338.01 334.26 334.26 334.26 334.26 334.26 334.26 334.26 328.74 328.74 328.74 329.49 330.98 330.98 330.98 330.98 345.51
 345.51 345.51 345.51 345.51 345.51 345.51 345.51 327.63 327.63 327.63 327.63 327.63 327.63 327.63 328.00 328.74 328.74 328.74 328.74 330.23 330.98 330.98 330.98 345.51
 345.51 345.51 345.51 345.51 345.51 345.51 327.63 327.63 327.63 327.63 327.63 327.63 327.63 327.63 327.63 328.37 328.74 328.74 328.74 329.98 330.98 330.98 330.98 345.51
 345.51 345.51 345.51 345.51 345.51 345.51 326.42 326.42 326.43 326.46 326.55 326.82 327.63 327.63 327.63 328.25 328.74 328.74 328.74 329.90 330.98 330.98 330.98 345.51
 345.51 345.51 345.51 345.51 345.51 325.20 325.20 325.20 325.20 325.20 325.20 325.20 326.41 327.63 327.63 328.21 328.74 328.74 328.74 329.87 330.98 330.98 330.98 345.51
 345.51 345.51 345.51 345.51 325.20 325.20 325.20 325.20 325.20 325.20 325.20 325.20 325.20 326.01 326.28 327.11 328.74 328.74 328.74 329.86 330.98 330.98 330.98 345.51
 345.51 345.51 345.51 325.20 325.20 325.20 325.20 325.20 325.20 325.20 325.20 325.20 325.20 325.20 325.20 325.20 326.97 327.86 328.30 329.71 330.98 330.98 330.98 345.51
 345.51 345.51 345.51 325.20 325.20 325.20 325.20 325.20 325.20 325.20 325.20 325.20 325.20 325.20 325.20 325.20 326.09 326.97 327.63 329.44 330.98 330.98 330.98 345.51
 345.51 345.51 345.51 325.20 325.20 325.20 325.20 325.20 325.20 325.20 325.20 325.20 325.20 325.20 325.20 325.20 325.64 326.31 326.97 329.13 330.98 330.98 330.98 345.51
 329.55 329.55 329.55 329.55 329.55 329.55 329.55 329.55 329.55 329.55 329.55 329.55 329.55 329.55 329.55 329.55 329.55 329.55 329.55 329.55 329.55 329.55 329.55 329.55
 335.16 335.16 335.16 335.16 335.16 335.16 335.16 335.16 335.16 335.16 335.16 335.16 335.16 335.16 335.16 335.16 335.16 335.16 335.16 335.16 335.16 335.16 335.16 335.16
 340.62 340.62 340.62 340.62 340.62 340.62 338.46 334.14 334.14 334.14 334.14 334.14 334.14 334.14 334.14 334.14 329.27 329.27 330.23 331.42 331.42 331.42 331.42 340.62
 340.62 340.62 340.62 340.62 340.62 340.62 340.62 336.30 334.14 334.14 334.14 334.14 334.14 334.14 334.14 329.27 329.27 329.27 329.99 331.42 331.42 331.42 331.42 340.62
 340.62 340.62 340.62 340.62 340.62 340.62 340.62 327.75 327.75 327.75 327.75 327.75 327.75 327.75 328.26 329.27 329.27 329.27 329.27 330.70 331.42 331.42 331.42 340.62
 340.62 340.62 340.62 340.62 340.62 335.43 326.40 327.75 327.75 327.75 327.75 327.75 327.75 327.75 327.75 328.76 329.27 329.27 329.27 330.46 331.42 331.42 331.42 340.62
 340.62 340.62 340.62 335.43 325.05 325.05 325.05 325.05 326.62 326.67 326.75 327.00 327.75 327.75 327.75 328.59 329.27 329.27 329.27 330.38 331.42 331.42 331.42 340.62
 340.62 335.43 325.05 325.05 325.05 325.05 325.05 325.05 325.45 325.51 325.51 325.51 326.63 327.75 327.75 328.54 329.27 329.27 327.86 325.05 329.30 331.42 329.30 332.84
 325.05 325.05 325.05 325.05 325.05 325.05 325.05 325.05 325.39 325.51 325.51 325.51 325.51 326.26 326.43 325.05 327.16 325.05 325.05 325.05 325.05 325.05 325.05 325.05
 325.05 325.05 325.05 325.05 325.05 325.05 325.05 325.05 325.28 325.51 325.51 325.51 325.51 325.51 325.28 325.05 325.05 325.05 325.05 325.05 325.05 325.05 325.05 325.05
 325.05 325.05 325.05 325.05 325.05 325.05 325.05 325.05 325.05 325.05 325.36 325.51 325.36 325.05 325.05 325.05 325.05 325.05 325.05 325.05 325.05 325.05 325.05 325.05
 325.05 325.05 325.05 325.05 325.05 325.05 325.05 325.05 325.05 325.05 325.05 325.05 325.05 325.05 325.05 325.05 325.05 325.05 325.05 325.05 325.05 325.05 325.05 325.05
 325.05 325.05 325.05 325.05 325.05 325.05 325.05 325.05 325.05 325.05 325.05 325.05 325.05 325.05 325.05 325.05 325.05 325.05 325.05 325.05 325.05 325.05 325.05 325.05
 334.42 334.42 334.42 334.42 334.42 334.42 334.42 334.42 334.42 334.42 334.42 334.42 334.42 334.42 334.42 334.42 334.42 334.42 334.42 334.42 334.42 334.42 334.42 334.42
 336.30 336.30 336.30 336.30 336.30 336.30 335.70 334.52 334.52 334.52 334.52 334.52 334.52 334.52 334.52 334.52 330.64 330.64 331.76 333.16 333.16 333.16 333.16 336.30
 336.30 336.30 336.30 336.30 336.30 336.30 336.30 335.11 334.52 334.52 334.52 334.52 334.52 334.52 334.52 330.64 330.64 330.64 331.48 333.16 333.16 333.16 333.16 336.30
 336.30 336.30 336.30 336.30 336.30 336.30 336.30 329.72 329.72 329.72 329.72 329.72 329.72 329.72 330.03 330.64 330.64 330.64 330.64 332.32 333.16 333.16 333.16 336.30
 336.30 336.30 336.30 336.30 336.30 332.59 327.45 329.72 329.72 329.72 329.72 329.72 329.72 329.72 329.72 330.34 330.64 330.64 330.64 332.04 333.16 333.16 333.16 336.30
 336.30 336.30 336.30 332.59 325.17 325.17 325.17 325.17 328.20 329.72 329.72 329.72 329.72 329.72 329.72 330.23 330.64 330.64 330.64 331.95 333.16 333.16 333.16 336.30
 336.30 332.59 325.17 325.17 325.17 325.17 325.17 325.17 325.17 325.17 328.20 329.72 329.72 329.72 329.72 330.20 330.64 330.64 328.82 325.17 330.50 333.16 330.50 330.73
 325.17 325.17 325.17 325.17 325.17 325.17 325.17 325.17 325.17 325.17 325.17 325.17 328.20 329.72 328.20 325.17 327.91 325.17 325.17 325.17 325.17 325.17 325.17 325.17
 325.17 325.17 325.17 325.17 325.17 325.17 325.17 325.17 325.17 325.17 325.17 325.17 325.17 325.17 325.17 325.17 325.17 325.17 325.17 325.17 325.17 325.17 325.17 325.17
 325.17 325.17 325.17 325.17 325.17 325.17 325.17 325.17 325.17 325.17 325.17 325.17 325.17 325.17 325.17 325.17 325.17 325.17 325.17 325.17 325.17 325.17 325.17 325.17
 325.17 325.17 325.17 325.17 325.17 325.17 325.17 325.17 325.17 325.17 325.17 325.17 325.17 325.17 325.17 325.17 325.17 325.17 325.17 325.17 325.17 325.17 325.17 325.17
 325.17 325.17 325.17 325.17 325.17 325.17 325.17 325.17 325.17 325.17 325.17 325.17 325.17 325.17 325.17 325.17 325.17 325.17 325.17 325.17 325.17 325.17 325.17 325.17
 333.97 333.97 333.97 333.97 333.97 333.97 333.97 333.97 333.97 333.97 333.97 333.97 333.97 333.97 333.97 333.97 333.97 333.97 333.97 333.97 333.97 333.97 333.97 333.97
 334.26 334.26 334.26 334.26 334.26 334.26 334.69 335.54 335.54 335.54 335.54 335.54 335.54 335.54 335.54 335.54 330.53 330.53 331.22 332.09 332.09 332.09 332.09 334.26
 334.26 334.26 334.26 334.26 334.26 334.26 334.26 335.11 335.54 335.54 335.54 335.54 335.54 335.54 335.54 330.53 330.53 330.53 331.05 332.09 332.09 332.09 332.09 334.26
 334.26 334.26 334.26 334.26 334.26 334.26 334.26 330.07 330.07 330.07 330.07 330.07 330.07 330.07 330.22 330.53 330.53 330.53 330.53 331.57 332.09 332.09 332.09 334.26
 334.26 334.26 334.26 334.26 334.26 331.28 327.69 330.07 330.07 330.07 330.07 330.07 330.07 330.07 330.07 330.38 330.53 330.53 330.53 331.40 332.09 332.09 332.09 334.26
 334.26 334.26 334.26 331.28 325.31 325.31 325.31 325.31 328.48 330.07 330.07 330.07 330.07 330.07 330.07 330.33 330.53 330.53 330.53 331.34 332.09 332.09 332.09 334.26
 334.26 331.28 325.31 325.31 325.31 325.31 325.31 325.31 325.31 325.31 328.48 330.07 330.07 330.07 330.07 330.31 330.53 330.53 328.79 325.31 329.83 332.09 329.83 329.79
 325.31 325.31 325.31 325.31 325.31 325.31 325.31 325.31 325.31 325.31 325.31 325.31 328.48 330.07 328.48 325.31 327.92 325.31 325.31 325.31 325.31 325.31 325.31 325.31
 325.31 325.31 325.31 325.31 325.31 325.31 325.31 325.31 325.31 325.31 325.31 325.31 325.31 325.31 325.31 325.31 325.31 325.31 325.31 325.31 325.31 325.31 325.31 325.31
 325.31 325.31 325.31 325.31 325.31 325.31 325.31 325.31 325.31 325.31 325.31 325.31 325.31 325.31 325.31 325.31 325.31 325.31 325.31 325.31 325.31 325.31 325.31 325.31
 325.31 325.31 325.31 325.31 325.31 325.31 325.31 325.31 325.31 325.31 325.31 325.31 325.31 325.31 325.31 325.31 325.31 325.31 325.31 325.31 325.31 325.31 325.31 325.31
 325.31 325.31 325.31 325.31 325.31 325.31 325.31 325.31 325.31 325.31 325.31 325.31 325.31 325.31 325.31 325.31 325.31 325.31 325.31 325.31 325.31 325.31 325.31 325.31
 330.76 330.76 330.76 330.76 330.76 330.76 330.76 330.76 330.76 330.76 330.76 330.76 330.76 330.76 330.76 330.76 330.76 330.76 330.76 330.76 330.76 330.76 330.76 330.76
 332.52 332.52 332.52 332.52 332.52 332.52 332.76 333.22 333.22 333.22 333.22 333.22 333.22 333.22 333.22 333.22 323.75 323.75 325.00 326.57 326.57 326.57 326.57 332.52
 332.52 332.52 332.52 332.52 332.52 332.52 332.52 332.99 333.22 333.22 333.22 333.22 333.22 333.22 333.22 323.75 323.75 323.75 324.69 326.57 326.57 326.57 326.57 332.52
 332.52 332.52 332.52 332.52 332.52 332.52 332.52 329.09 329.09 329.09 329.09 329.09 329.09 329.09 327.31 323.75 323.75 323.75 323.75 325.63 326.57 326.57 326.57 332.52
 332.52 332.52 332.52 332.52 332.52 330.29 327.45 329.09 329.09 329.09 329.09 329.09 329.09 329.09 329.09 325.53 323.75 323.75 323.75 325.32 326.57 326.57 326.57 332.52
 332.52 332.52 332.52 330.29 325.82 325.82 325.82 325.82 328.00 329.09 329.09 329.09 329.09 329.09 329.09 326.12 323.75 323.75 323.75 325.21 326.57 326.57 326.57 332.52
 332.52 330.29 325.82 325.82 325.82 325.82 325.82 325.82 325.82 325.82 328.00 329.09 329.09 329.09 329.09 326.32 323.75 323.75 324.44 325.82 326.32 326.57 326.32 329.17
 325.82 325.82 325.82 325.82 325.82 325.82 325.82 325.82 325.82 325.82 325.82 325.82 328.00 329.09 328.00 325.82 324.78 325.82 325.82 325.82 325.82 325.82 325.82 325.82
 325.82 325.82 325.82 325.82 325.82 325.82 325.82 325.82 325.82 325.82 325.82 325.82 325.82 325.82 325.82 325.82 325.82 325.82 325.82 325.82 325.82 325.82 325.82 325.82
 325.82 325.82 325.82 325.82 325.82 325.82 325.82 325.82 325.82 325.82 325.82 325.82 325.82 325.82 325.82 325.82 325.82 325.82 325.82 325.82 325.82 325.82 325.82 325.82
 325.82 325.82 325.82 325.82 325.82 325.82 325.82 325.82 325.82 325.82 325.82 325.82 325.82 325.82 325.82 325.82 325.82 325.82 325.82 325.82 325.82 325.82 325.82 325.82
 325.82 325.82 325.82 325.82 325.82 325.82 325.82 325.82 325.82 325.82 325.82 325.82 325.82 325.82 325.82 325.82 325.82 325.82 325.82 325.82 325.82 325.82 325.82 325.82
 327.26 327.26 327.26 327.26 327.26 327.26 327.26 327.26 327.26 327.26 327.26 327.26 327.26 327.26 327.26 327.26 327.26 327.26 327.26 327.26 327.26 327.26 327.26 327.26
 334.38 334.38 334.38 334.38 334.38 334.38 331.41 325.48 325.48 325.48 325.48 325.48 325.48 325.48 325.48 325.48 323.52 323.52 322.45 321.11 321.11 321.11 321.11 334.38
 334.38 334.38 334.38 334.38 334.38 334.38 334.38 328.45 325.48 325.48 325.48 325.48 325.48 325.48 325.48 323.52 323.52 323.52 322.72 321.11 321.11 321.11 321.11 334.38
 334.38 334.38 334.38 334.38 334.38 334.38 334.38 328.05 328.05 328.05 328.05 328.05 328.05 328.05 326.54 323.52 323.52 323.52 323.52 321.92 321.11 321.11 321.11 334.38
 334.38 334.38 334.38 334.38 334.38 331.63 327.09 328.05 328.05 328.05 328.05 328.05 328.05 328.05 328.05 325.03 323.52 323.52 323.52 322.18 321.11 321.11 321.11 334.38
 334.38 334.38 334.38 331.63 326.13 326.13 326.13 327.12 328.11 328.11 328.11 328.11 328.11 328.11 328.11 328.11 323.52 323.52 323.52 322.27 321.11 321.11 321.11 334.38
 334.38 331.63 326.13 326.13 326.13 326.13 326.13 326.13 326.13 327.45 328.11 328.11 328.11 328.11 328.11 328.11 323.52 323.52 324.39 326.13 322.78 321.11 322.78 330.25
 326.13 326.13 326.13 326.13 326.13 326.13 326.13 326.13 326.13 326.13 326.13 327.45 328.11 328.11 328.11 327.45 324.83 326.13 326.13 326.13 326.13 326.13 326.13 326.13
 326.13 326.13 326.13 326.13 326.13 326.13 326.13 326.13 326.13 326.13 326.13 326.13 326.13 327.12 326.13 326.13 326.13 326.13 326.13 326.13 326.13 326.13 326.13 326.13
 326.13 326.13 326.13 326.13 326.13 326.13 326.13 326.13 326.13 326.13 326.13 326.13 326.13 326.13 326.13 326.13 326.13 326.13 326.13 326.13 326.13 326.13 326.13 326.13
 326.13 326.13 326.13 326.13 326.13 326.13 326.13 326.13 326.13 326.13 326.13 326.13 326.13 326.13 326.13 326.13 326.13 326.13 326.13 326.13 326.13 326.13 326.13 326.13
 326.13 326.13 326.13 326.13 326.13 326.13 326.13 326.13 326.13 326.13 326.13 326.13 326.13 326.13 326.13 326.13 326.13 326.13 326.13 326.13 326.13 326.13 326.13 326.13
 322.65 322.65 322.65 322.65 322.65 322.65 322.65 322.65 322.65 322.65 322.65 322.65 322.65 322.65 322.65 322.65 322.65 322.65 322.65 322.65 322.65 322.65 322.65 322.65
 329.87 329.87 329.87 329.87 329.87 329.87 326.27 319.08 319.08 319.08 319.08 319.08 319.08 319.08 319.08 319.08 320.36 320.36 319.88 319.29 319.29 319.29 319.29 329.87
 329.87 329.87 329.87 329.87 329.87 329.87 329.87 322.68 319.08 319.08 319.08 319.08 319.08 319.08 319.08 320.36 320.36 320.36 320.00 319.29 319.29 319.29 319.29 329.87
 329.87 329.87 329.87 329.87 329.87 329.87 329.87 326.32 326.32 326.32 326.32 326.32 326.32 326.32 324.33 320.36 320.36 320.36 320.36 319.65 319.29 319.29 319.29 329.87
 329.87 329.87 329.87 329.87 329.87 328.86 326.59 326.32 326.32 326.32 326.32 326.32 326.32 326.32 326.32 322.35 320.36 320.36 320.36 319.77 319.29 319.29 319.29 329.87
 329.87 329.87 329.87 328.86 326.85 326.85 326.85 327.04 327.22 327.22 327.22 327.22 327.22 327.22 327.22 327.22 320.36 320.36 320.36 319.81 319.29 319.29 319.29 329.87
 329.87 328.86 326.85 326.85 326.85 326.85 326.85 326.85 326.85 327.10 327.22 327.22 327.22 327.22 327.22 327.22 320.36 320.36 322.52 326.85 321.81 319.29 321.81 328.36
 326.85 326.85 326.85 326.85 326.85 326.85 326.85 326.85 326.85 326.85 326.85 327.10 327.22 327.22 327.22 327.10 323.61 326.85 326.85 326.85 326.85 326.85 326.85 326.85
 326.85 326.85 326.85 326.85 326.85 326.85 326.85 326.85 326.85 326.85 326.85 326.85 326.85 327.04 326.85 326.85 326.85 326.85 326.85 326.85 326.85 326.85 326.85 326.85
 326.85 326.85 326.85 326.85 326.85 326.85 326.85 326.85 326.85 326.85 326.85 326.85 326.85 326.85 326.85 326.85 326.85 326.85 326.85 326.85 326.85 326.85 326.85 326.85
 326.85 326.85 326.85 326.85 326.85 326.85 326.85 326.85 326.85 326.85 326.85 326.85 326.85 326.85 326.85 326.85 326.85 326.85 326.85 326.85 326.85 326.85 326.85 326.85
 326.85 326.85 326.85 326.85 326.85 326.85 326.85 326.85 326.85 326.85 326.85 326.85 326.85 326.85 326.85 326.85 326.85 326.85 326.85 326.85 326.85 326.85 326.85 326.85
 325.27 325.27 325.27 325.27 325.27 325.27 325.27 325.27 325.27 325.27 325.27 325.27 325.27 325.27 325.27 325.27 325.27 325.27 325.27 325.27 325.27 325.27 325.27 325.27
 333.08 333.08 333.08 333.08 333.08 333.08 329.44 322.16 322.16 322.16 322.16 322.16 322.16 322.16 322.16 322.16 322.41 322.41 321.46 320.26 320.26 320.26 320.26 333.08
 333.08 333.08 333.08 333.08 333.08 333.08 333.08 325.80 322.16 322.16 322.16 322.16 322.16 322.16 322.16 322.41 322.41 322.41 321.70 320.26 320.26 320.26 320.26 333.08
 333.08 333.08 333.08 333.08 333.08 333.08 333.08 324.84 324.84 324.84 324.84 324.84 324.84 324.84 324.03 322.41 322.41 322.41 322.41 320.98 320.26 320.26 320.26 333.08
 333.08 333.08 333.08 333.08 333.08 330.90 325.69 324.84 324.84 324.84 324.84 324.84 324.84 324.84 324.84 323.22 322.41 322.41 322.41 321.22 320.26 320.26 320.26 333.08
 333.08 333.08 333.08 330.90 326.54 326.54 326.54 327.26 327.99 327.99 327.99 327.99 327.99 327.99 327.99 327.99 322.41 322.41 322.41 321.30 320.26 320.26 320.26 333.08
 333.08 330.90 326.54 326.54 326.54 326.54 326.54 326.54 326.54 327.51 327.99 327.99 327.99 327.99 327.99 327.99 322.41 322.41 323.79 326.54 322.35 320.26 322.35 329.81
 326.54 326.54 326.54 326.54 326.54 326.54 326.54 326.54 326.54 326.54 326.54 327.51 327.99 327.99 327.99 327.51 324.48 326.54 326.54 326.54 326.54 326.54 326.54 326.54
 326.54 326.54 326.54 326.54 326.54 326.54 326.54 326.54 326.54 326.54 326.54 326.54 326.54 327.26 326.54 326.54 326.54 326.54 326.54 326.54 326.54 326.54 326.54 326.54
 326.54 326.54 326.54 326.54 326.54 326.54 326.54 326.54 326.54 326.54 326.54 326.54 326.54 326.54 326.54 326.54 326.54 326.54 326.54 326.54 326.54 326.54 326.54 326.54
 326.54 326.54 326.54 326.54 326.54 326.54 326.54 326.54 326.54 326.54 326.54 326.54 326.54 326.54 326.54 326.54 326.54 326.54 326.54 326.54 326.54 326.54 326.54 326.54
 326.54 326.54 326.54 326.54 326.54 326.54 326.54 326.54 326.54 326.54 326.54 326.54 326.54 326.54 326.54 326.54 326.54 326.54 326.54 326.54 326.54 326.54 326.54 326.54
 330.07 330.07 330.07 330.07 330.07 330.07 330.07 330.07 330.07 330.07 330.07 330.07 330.07 330.07 330.07 330.07 330.07 330.07 330.07 330.07 330.07 330.07 330.07 330.07
 338.53 338.53 338.53 338.53 338.53 338.53 334.66 326.92 326.92 326.92 326.92 326.92 326.92 326.92 326.92 326.92 325.35 325.35 325.25 325.12 325.12 325.12 325.12 338.53
 338.53 338.53 338.53 338.53 338.53 338.53 338.53 330.79 326.92 326.92 326.92 326.92 326.92 326.92 326.92 325.35 325.35 325.35 325.27 325.12 325.12 325.12 325.12 338.53
 338.53 338.53 338.53 338.53 338.53 338.53 338.53 325.20 325.20 325.20 325.20 325.20 325.20 325.20 325.25 325.35 325.35 325.35 325.35 325.20 325.12 325.12 325.12 338.53
 338.53 338.53 338.53 338.53 338.53 334.62 326.00 325.20 325.20 325.20 325.20 325.20 325.20 325.20 325.20 325.30 325.35 325.35 325.35 325.22 325.12 325.12 325.12 338.53
 338.53 338.53 338.53 334.62 326.79 326.79 326.79 326.87 326.95 326.95 326.95 326.95 326.95 326.95 326.95 326.95 325.35 325.35 325.35 325.23 325.12 325.12 325.12 338.53
 338.53 334.62 326.79 326.79 326.79 326.79 326.79 326.79 326.79 326.90 326.95 326.95 326.95 326.95 326.95 326.95 325.35 325.35 325.83 326.79 325.68 325.12 325.68 332.66
 326.79 326.79 326.79 326.79 326.79 326.79 326.79 326.79 326.79 326.79 326.79 326.90 326.95 326.95 326.95 326.90 326.07 326.79 326.79 326.79 326.79 326.79 326.79 326.79
 326.79 326.79 326.79 326.79 326.79 326.79 326.79 326.79 326.79 326.79 326.79 326.79 326.79 326.87 326.79 326.79 326.79 326.79 326.79 326.79 326.79 326.79 326.79 326.79
 326.79 326.79 326.79 326.79 326.79 326.79 326.79 326.79 326.79 326.79 326.79 326.79 326.79 326.79 326.79 326.79 326.79 326.79 326.79 326.79 326.79 326.79 326.79 326.79
 326.79 326.79 326.79 326.79 326.79 326.79 326.79 326.79 326.79 326.79 326.79 326.79 326.79 326.79 326.79 326.79 326.79 326.79 326.79 326.79 326.79 326.79 326.79 326.79
 326.79 326.79 326.79 326.79 326.79 326.79 326.79 326.79 326.79 326.79 326.79 326.79 326.79 326.79 326.79 326.79 326.79 326.79 326.79 326.79 326.79 326.79 326.79 326.79
 332.43 332.43 332.43 332.43 332.43 332.43 332.43 332.43 332.43 332.43 332.43 332.43 332.43 332.43 332.43 332.43 332.43 332.43 332.43 332.43 332.43 332.43 332.43 332.43
 338.69 338.69 338.69 338.69 338.69 338.69 335.91 330.36 330.36 330.36 330.36 330.36 330.36 330.36 330.36 330.36 328.39 328.39 328.45 328.52 328.52 328.52 328.52 338.69
 338.69 338.69 338.69 338.69 338.69 338.69 338.69 333.14 330.36 330.36 330.36 330.36 330.36 330.36 330.36 328.39 328.39 328.39 328.44 328.52 328.52 328.52 328.52 338.69
 338.69 338.69 338.69 338.69 338.69 338.69 338.69 326.50 326.50 326.50 326.50 326.50 326.50 326.50 327.13 328.39 328.39 328.39 328.39 328.48 328.52 328.52 328.52 338.69
 338.69 338.69 338.69 338.69 338.69 334.77 326.72 326.50 326.50 326.50 326.50 326.50 326.50 326.50 326.50 327.76 328.39 328.39 328.39 328.46 328.52 328.52 328.52 338.69
 338.69 338.69 338.69 334.77 326.94 326.94 326.94 326.86 326.77 326.77 326.77 326.77 326.77 326.77 326.77 326.77 328.39 328.39 328.39 328.46 328.52 328.52 328.52 338.69
 338.69 334.77 326.94 326.94 326.94 326.94 326.94 326.94 326.94 326.83 326.77 326.77 326.77 326.77 326.77 326.77 328.39 328.39 327.91 326.94 327.99 328.52 327.99 332.81
 326.94 326.94 326.94 326.94 326.94 326.94 326.94 326.94 326.94 326.94 326.94 326.83 326.77 326.77 326.77 326.83 327.67 326.94 326.94 326.94 326.94 326.94 326.94 326.94
 326.94 326.94 326.94 326.94 326.94 326.94 326.94 326.94 326.94 326.94 326.94 326.94 326.94 326.86 326.94 326.94 326.94 326.94 326.94 326.94 326.94 326.94 326.94 326.94
 326.94 326.94 326.94 326.94 326.94 326.94 326.94 326.94 326.94 326.94 326.94 326.94 326.94 326.94 326.94 326.94 326.94 326.94 326.94 326.94 326.94 326.94 326.94 326.94
 326.94 326.94 326.94 326.94 326.94 326.94 326.94 326.94 326.94 326.94 326.94 326.94 326.94 326.94 326.94 326.94 326.94 326.94 326.94 326.94 326.94 326.94 326.94 326.94
 326.94 326.94 326.94 326.94 326.94 326.94 326.94 326.94 326.94 326.94 326.94 326.94 326.94 326.94 326.94 326.94 326.94 326.94 326.94 326.94 326.94 326.94 326.94 326.94
 335.43 335.43 335.43 335.43 335.43 335.43 335.43 335.43 335.43 335.43 335.43 335.43 335.43 335.43 335.43 335.43 335.43 335.43 335.43 335.43 335.43 335.43 335.43 335.43
 342.86 342.86 342.86 342.86 342.86 342.86 339.74 333.50 333.50 333.50 333.50 333.50 333.50 333.50 333.50 333.50 329.81 329.81 330.41 330.02 330.02 330.02 330.02 342.86
 342.86 342.86 342.86 342.86 342.86 342.86 342.86 336.62 333.50 333.50 333.50 333.50 333.50 333.50 333.50 329.81 329.81 329.81 330.41 330.02 330.02 330.02 330.02 342.86
 342.86 342.86 342.86 342.86 342.86 342.86 342.86 327.55 327.55 327.55 327.55 327.55 327.55 327.55 328.30 329.81 329.81 329.81 330.41 330.41 330.02 330.02 330.02 342.86
 342.86 342.86 342.86 342.86 342.86 337.51 327.19 327.55 327.55 327.55 327.55 327.55 327.55 327.55 327.55 329.06 329.81 330.41 330.41 330.41 330.41 330.02 330.02 342.86
 342.86 342.86 342.86 337.51 326.82 326.82 326.82 327.74 328.66 328.66 328.66 328.66 328.66 328.66 328.66 328.66 329.81 330.41 330.41 330.41 330.41 330.02 330.02 342.86
 342.86 337.51 326.82 326.82 326.82 326.82 326.82 326.82 326.03 325.92 325.92 325.92 328.66 328.66 328.66 328.66 329.81 330.41 330.41 330.41 330.41 330.02 328.95 334.84
 326.82 326.82 326.82 326.82 326.82 326.82 326.82 326.82 326.14 325.92 325.92 325.92 325.92 328.66 328.66 328.05 328.31 329.21 330.41 329.21 326.82 326.82 326.82 326.82
 326.82 326.82 326.82 326.82 326.82 326.82 326.82 326.82 326.37 325.92 325.92 325.92 325.92 325.92 326.37 326.82 326.82 326.82 326.82 326.82 326.82 326.82 326.82 326.82
 326.82 326.82 326.82 326.82 326.82 326.82 326.82 326.82 326.82 326.82 326.22 325.92 326.22 326.82 326.82 326.82 326.82 326.82 326.82 326.82 326.82 326.82 326.82 326.82
 326.82 326.82 326.82 326.82 326.82 326.82 326.82 326.82 326.82 326.82 326.82 326.82 326.82 326.82 326.82 326.82 326.82 326.82 326.82 326.82 326.82 326.82 326.82 326.82
 326.82 326.82 326.82 326.82 326.82 326.82 326.82 326.82 326.82 326.82 326.82 326.82 326.82 326.82 326.82 326.82 326.82 326.82 326.82 326.82 326.82 326.82 326.82 326.82
