1981 MONTHLY CO2 (PPMV)   24  12  LON/LAT (N-S/0-360E) IN 15 DEGREE RESOLUTION,  GLB ANNUAL MEAN = 340.12,  GROWTH RATE = 1.31,  MISS DATA = -99.99
 344.22 344.22 344.22 344.22 344.22 344.22 344.22 344.22 344.22 344.22 344.22 344.22 344.22 344.22 344.22 344.22 344.22 344.22 344.22 344.22 344.22 344.22 344.22 344.22
 344.37 344.22 344.22 344.22 344.22 344.22 344.22 344.22 344.22 344.22 344.22 344.22 344.40 344.59 344.40 343.48 344.22 344.22 344.22 344.22 344.22 344.22 344.22 344.22
 344.52 344.52 344.37 344.22 343.67 343.40 343.67 344.22 344.22 344.22 344.22 343.97 343.73 343.73 343.24 342.75 342.25 342.73 343.23 342.60 344.22 341.69 340.43 342.76
 341.00 341.00 341.00 343.40 343.40 343.40 343.40 343.40 342.07 340.33 341.62 341.90 341.82 341.82 341.80 342.25 341.74 341.74 342.25 340.99 340.80 340.43 340.43 340.86
 341.00 341.00 341.00 341.01 343.40 343.40 343.40 341.87 340.33 340.33 340.33 339.91 339.91 339.91 339.91 341.30 341.74 342.25 342.25 340.99 340.99 340.62 340.43 340.42
 339.73 340.45 341.01 341.01 341.01 343.40 342.38 340.33 340.33 340.33 340.33 339.71 339.80 340.60 340.60 340.60 341.74 342.25 342.25 340.99 340.99 340.06 339.54 339.10
 339.10 340.06 341.01 341.01 341.01 339.65 338.98 340.33 340.33 340.33 339.89 339.00 339.00 339.80 340.20 340.40 341.74 342.25 342.25 340.99 340.36 339.10 339.10 339.10
 339.10 340.06 341.01 341.01 339.65 338.30 338.30 337.65 337.00 337.00 337.23 337.46 339.00 339.40 339.80 339.34 339.77 340.77 342.25 338.98 338.88 339.10 339.10 339.10
 338.67 337.81 339.49 339.65 338.30 338.30 338.30 337.65 337.00 337.00 337.23 337.46 337.46 337.46 337.63 337.81 337.81 337.81 337.07 336.97 337.07 337.81 338.67 339.10
 337.81 337.81 337.81 337.81 338.13 338.30 338.13 337.81 337.27 337.00 337.37 337.46 337.57 337.81 337.81 337.81 337.81 337.81 337.18 336.97 337.18 337.81 337.81 337.81
 337.81 337.81 337.81 337.81 337.81 337.81 337.81 337.81 337.81 337.81 337.81 337.81 337.81 337.81 337.81 337.81 337.81 337.81 337.39 336.97 337.39 337.81 337.81 337.81
 337.81 337.81 337.81 337.81 337.81 337.81 337.81 337.81 337.81 337.81 337.81 337.81 337.81 337.81 337.81 337.81 337.81 337.81 337.81 337.81 337.81 337.81 337.81 337.81
 345.34 345.34 345.34 345.34 345.34 345.34 345.34 345.34 345.34 345.34 345.34 345.34 345.34 345.34 345.34 345.34 345.34 345.34 345.34 345.34 345.34 345.34 345.34 345.34
 346.13 345.34 345.34 345.34 345.34 345.34 345.34 345.34 345.34 345.34 345.34 345.34 345.23 345.12 345.23 345.34 345.34 345.34 345.34 345.34 345.34 345.34 345.34 345.34
 346.91 346.91 346.13 345.34 344.51 344.10 344.51 345.34 345.34 345.34 345.34 345.12 344.90 344.90 344.90 344.29 343.46 344.08 344.33 349.23 354.25 347.42 341.98 344.76
 342.60 342.60 342.60 344.10 344.10 344.10 344.10 344.10 343.58 342.45 343.41 343.04 342.97 342.97 343.09 343.46 343.46 343.46 343.32 348.11 354.25 348.12 341.98 342.45
 342.60 342.60 342.33 342.06 344.10 344.10 344.10 343.27 342.45 342.45 342.45 341.04 341.04 341.04 341.04 342.65 343.46 343.32 343.32 341.96 348.11 346.07 341.98 341.56
 340.15 341.32 342.06 342.06 342.06 344.10 343.55 342.45 342.45 342.45 342.45 340.42 339.74 340.42 340.42 340.42 343.46 343.32 343.32 341.96 345.03 342.49 339.94 338.92
 338.92 340.49 342.06 342.06 342.06 340.23 339.31 342.45 342.45 342.45 341.32 339.06 339.06 339.74 340.08 340.25 343.46 343.32 343.32 341.96 341.97 338.92 338.92 338.92
 338.92 340.49 342.06 342.06 340.23 338.40 338.40 337.75 337.10 337.10 337.15 337.20 339.06 339.40 339.74 339.21 340.55 341.43 343.32 339.42 339.33 338.92 338.92 338.92
 338.50 337.64 339.98 340.23 338.40 338.40 338.40 337.75 337.10 337.10 337.15 337.20 337.20 337.20 337.42 337.64 337.64 337.64 336.98 336.89 336.98 337.64 338.50 338.92
 337.64 337.64 337.64 337.64 338.15 338.40 338.15 337.64 337.28 337.10 337.27 337.20 337.35 337.64 337.64 337.64 337.64 337.64 337.08 336.89 337.08 337.64 337.64 337.64
 337.64 337.64 337.64 337.64 337.64 337.64 337.64 337.64 337.64 337.64 337.64 337.64 337.64 337.64 337.64 337.64 337.64 337.64 337.27 336.89 337.27 337.64 337.64 337.64
 337.65 337.65 337.65 337.65 337.65 337.65 337.65 337.65 337.65 337.65 337.65 337.65 337.65 337.65 337.65 337.65 337.65 337.65 337.65 337.65 337.65 337.65 337.65 337.65
 344.93 344.93 344.93 344.93 344.93 344.93 344.93 344.93 344.93 344.93 344.93 344.93 344.93 344.93 344.93 344.93 344.93 344.93 344.93 344.93 344.93 344.93 344.93 344.93
 345.44 345.18 344.93 344.93 344.93 344.93 344.93 344.93 344.93 344.93 344.93 344.93 344.90 344.88 344.90 344.93 344.93 344.93 344.93 344.93 344.93 344.93 344.93 344.63
 343.23 343.23 344.08 344.93 344.18 343.80 344.18 344.93 344.93 344.93 344.93 345.24 345.56 345.56 345.56 344.38 343.51 343.98 344.50 345.46 346.61 345.08 343.66 342.92
 342.60 342.60 342.60 343.80 343.80 343.80 343.80 343.80 343.92 343.47 343.95 343.71 343.81 343.81 343.74 343.51 343.51 343.51 344.08 344.83 346.61 345.13 343.66 342.87
 342.60 342.60 342.41 342.22 343.80 343.80 343.80 343.63 343.47 343.47 343.47 342.06 342.06 342.06 342.06 343.03 343.51 344.08 344.08 343.05 344.83 344.54 343.66 341.97
 340.38 341.49 342.22 342.22 342.22 343.80 343.69 343.47 343.47 343.47 343.47 340.89 340.19 341.37 341.37 341.37 343.51 344.08 344.08 343.05 343.94 342.12 340.73 339.27
 339.27 340.75 342.22 342.22 342.22 340.31 339.36 343.47 343.47 343.47 341.98 339.01 339.01 340.19 340.78 341.07 343.51 344.08 344.08 343.05 342.09 339.27 339.27 339.27
 339.27 340.75 342.22 342.22 340.31 338.40 338.40 337.70 337.00 337.00 337.15 337.30 339.01 339.60 340.19 339.64 340.58 341.94 344.08 340.01 339.61 339.27 339.27 339.27
 338.73 337.66 340.06 340.31 338.40 338.40 338.40 337.70 337.00 337.00 337.15 337.30 337.30 337.30 337.48 337.66 337.66 337.66 337.06 336.98 337.06 337.66 338.73 339.27
 337.66 337.66 337.66 337.66 338.15 338.40 338.15 337.66 337.22 337.00 337.28 337.30 337.42 337.66 337.66 337.66 337.66 337.66 337.15 336.98 337.15 337.66 337.66 337.66
 337.66 337.66 337.66 337.66 337.66 337.66 337.66 337.66 337.66 337.66 337.66 337.66 337.66 337.66 337.66 337.66 337.66 337.66 337.32 336.98 337.32 337.66 337.66 337.66
 337.66 337.66 337.66 337.66 337.66 337.66 337.66 337.66 337.66 337.66 337.66 337.66 337.66 337.66 337.66 337.66 337.66 337.66 337.66 337.66 337.66 337.66 337.66 337.66
 345.81 345.81 345.81 345.81 345.81 345.81 345.81 345.81 345.81 345.81 345.81 345.81 345.81 345.81 345.81 345.81 345.81 345.81 345.81 345.81 345.81 345.81 345.81 345.81
 345.60 345.70 345.81 345.81 345.81 345.81 345.81 345.81 345.81 345.81 345.81 345.81 345.86 345.90 345.86 345.81 345.81 345.81 345.81 345.81 345.81 345.81 345.81 345.34
 344.12 344.12 344.97 345.81 343.94 343.00 343.94 345.81 345.81 345.81 345.81 346.04 346.28 346.28 346.28 344.60 343.16 344.04 345.35 343.73 342.31 343.89 344.20 343.21
 342.30 342.30 342.30 343.00 343.00 343.00 343.00 343.00 343.97 343.53 344.29 344.49 344.56 344.56 344.21 343.16 343.16 343.16 344.89 343.06 342.31 343.25 344.20 342.77
 342.30 342.30 341.56 340.82 343.00 343.00 343.00 343.26 343.53 343.53 343.53 342.85 342.85 342.85 342.85 343.06 343.16 344.89 344.89 343.81 343.06 343.50 344.20 341.97
 340.47 340.95 340.82 340.82 340.82 343.00 343.18 343.53 343.53 343.53 343.53 341.05 340.28 341.21 341.21 341.21 343.16 344.89 344.89 343.81 343.44 341.90 341.11 339.56
 339.56 340.19 340.82 340.82 340.82 339.51 338.86 343.53 343.53 343.53 342.13 339.35 339.35 340.28 340.74 340.98 343.16 344.89 344.89 343.81 342.27 339.56 339.56 339.56
 339.56 340.19 340.82 340.82 339.51 338.20 338.20 337.65 337.10 337.10 337.32 337.54 339.35 339.81 340.28 339.66 340.44 342.50 344.89 340.54 339.92 339.56 339.56 339.56
 338.94 337.72 339.35 339.51 338.20 338.20 338.20 337.65 337.10 337.10 337.32 337.54 337.54 337.54 337.63 337.72 337.72 337.72 337.33 337.27 337.33 337.72 338.94 339.56
 337.72 337.72 337.72 337.72 338.04 338.20 338.04 337.72 337.31 337.10 337.42 337.54 337.60 337.72 337.72 337.72 337.72 337.72 337.38 337.27 337.38 337.72 337.72 337.72
 337.72 337.72 337.72 337.72 337.72 337.72 337.72 337.72 337.72 337.72 337.72 337.72 337.72 337.72 337.72 337.72 337.72 337.72 337.49 337.27 337.49 337.72 337.72 337.72
 337.72 337.72 337.72 337.72 337.72 337.72 337.72 337.72 337.72 337.72 337.72 337.72 337.72 337.72 337.72 337.72 337.72 337.72 337.72 337.72 337.72 337.72 337.72 337.72
 346.52 346.52 346.52 346.52 346.52 346.52 346.52 346.52 346.52 346.52 346.52 346.52 346.52 346.52 346.52 346.52 346.52 346.52 346.52 346.52 346.52 346.52 346.52 346.52
 346.38 346.45 346.52 346.52 346.52 346.52 346.52 346.52 346.52 346.52 346.52 346.52 346.49 346.46 346.49 346.52 346.52 346.52 346.52 346.52 346.52 346.52 346.52 344.66
 339.20 339.20 342.86 346.52 343.57 342.10 343.57 346.52 346.52 346.52 346.52 345.90 345.27 345.27 345.27 344.77 343.63 344.60 345.93 344.83 346.52 344.49 343.47 340.05
 340.90 340.90 340.90 342.10 342.10 342.10 342.10 342.10 343.95 343.59 344.57 344.49 344.28 344.28 344.12 343.63 343.63 343.63 345.34 343.14 343.25 343.47 343.47 341.54
 340.90 340.90 340.00 339.09 342.10 342.10 342.10 342.85 343.59 343.59 343.59 343.29 343.29 343.29 343.29 343.52 343.63 345.34 345.34 343.14 343.14 343.36 343.47 340.92
 339.66 339.68 339.09 339.09 339.09 342.10 342.60 343.59 343.59 343.59 343.59 340.68 339.80 340.96 340.96 340.96 343.63 345.34 345.34 343.14 343.14 341.51 340.52 339.04
 339.04 339.06 339.09 339.09 339.09 338.75 338.57 343.59 343.59 343.59 341.94 338.65 338.65 339.80 340.38 340.67 343.63 345.34 345.34 343.14 341.77 339.04 339.04 339.04
 339.04 339.06 339.09 339.09 338.75 338.40 338.40 337.85 337.30 337.30 337.76 338.22 338.65 339.23 339.80 339.45 340.75 342.85 345.34 340.40 339.73 339.04 339.04 339.04
 338.65 337.87 338.57 338.75 338.40 338.40 338.40 337.85 337.30 337.30 337.76 338.22 338.22 338.22 338.04 337.87 337.87 337.87 337.69 337.67 337.69 337.87 338.65 339.04
 337.87 337.87 337.87 337.87 338.22 338.40 338.22 337.87 337.49 337.30 337.79 338.22 338.10 337.87 337.87 337.87 337.87 337.87 337.72 337.67 337.72 337.87 337.87 337.87
 337.87 337.87 337.87 337.87 337.87 337.87 337.87 337.87 337.87 337.87 337.87 337.87 337.87 337.87 337.87 337.87 337.87 337.87 337.77 337.67 337.77 337.87 337.87 337.87
 337.86 337.86 337.86 337.86 337.86 337.86 337.86 337.86 337.86 337.86 337.86 337.86 337.86 337.86 337.86 337.86 337.86 337.86 337.86 337.86 337.86 337.86 337.86 337.86
 344.56 344.56 344.56 344.56 344.56 344.56 344.56 344.56 344.56 344.56 344.56 344.56 344.56 344.56 344.56 344.56 344.56 344.56 344.56 344.56 344.56 344.56 344.56 344.56
 344.83 347.55 344.56 344.56 344.56 344.56 344.56 344.56 344.56 344.56 344.56 344.56 344.28 344.00 344.28 344.56 344.56 344.56 344.56 344.56 344.56 344.56 344.56 342.18
 334.76 353.26 353.26 348.91 341.79 340.40 341.79 344.56 344.56 344.56 344.56 343.24 341.91 341.91 341.91 341.41 339.58 341.24 344.58 343.31 344.56 341.71 340.28 336.33
 337.90 345.58 349.42 340.40 340.40 340.40 340.40 340.40 342.87 343.26 343.69 342.55 342.11 342.11 341.48 339.58 339.58 339.58 344.59 342.05 341.46 340.28 340.28 338.50
 337.90 341.74 342.28 338.98 340.40 340.40 340.40 341.83 343.26 343.26 343.26 342.31 342.31 342.31 342.31 340.49 339.58 344.59 344.59 342.05 342.05 340.87 340.28 338.66
 338.73 339.63 338.98 338.98 338.98 340.40 341.35 343.26 343.26 343.26 343.26 340.43 339.01 342.31 342.31 340.79 339.58 344.59 344.59 342.05 342.05 340.39 339.52 339.14
 339.14 339.06 338.98 338.98 338.98 338.64 338.47 343.26 343.26 343.26 341.84 339.01 339.01 339.01 339.01 339.01 339.58 344.59 344.59 342.05 341.08 339.14 339.14 339.14
 339.14 339.06 338.98 338.98 338.64 338.30 338.30 337.95 337.60 337.60 337.99 338.38 339.01 339.01 339.01 338.76 338.91 342.47 344.59 340.02 339.57 339.14 339.14 339.14
 338.84 338.25 338.62 338.64 338.30 338.30 338.30 337.95 337.60 337.60 337.99 338.38 338.38 338.38 338.31 338.25 338.25 338.25 338.03 338.00 338.03 338.25 338.84 339.14
 338.25 338.25 338.25 338.25 338.28 338.30 338.28 338.25 337.81 337.60 338.06 338.38 338.34 338.25 338.25 338.25 338.25 338.25 338.06 338.00 338.06 338.25 338.25 338.25
 338.25 338.25 338.25 338.25 338.25 338.25 338.25 338.25 338.25 338.25 338.25 338.25 338.25 338.25 338.25 338.25 338.25 338.25 338.12 338.00 338.12 338.25 338.25 338.25
 338.24 338.24 338.24 338.24 338.24 338.24 338.24 338.24 338.24 338.24 338.24 338.24 338.24 338.24 338.24 338.24 338.24 338.24 338.24 338.24 338.24 338.24 338.24 338.24
 337.98 337.98 337.98 337.98 337.98 337.98 337.98 337.98 337.98 337.98 337.98 337.98 337.98 337.98 337.98 337.98 337.98 337.98 337.98 337.98 337.98 337.98 337.98 337.98
 337.48 340.38 337.98 337.98 337.98 337.98 337.98 337.98 337.98 337.98 337.98 337.98 337.05 336.12 337.05 337.98 337.98 337.98 337.98 337.98 337.98 337.98 337.98 336.71
 333.39 345.70 345.70 341.84 339.93 340.90 339.93 337.98 337.98 337.98 337.98 336.78 335.59 335.59 335.59 337.18 337.58 337.71 340.56 339.31 337.98 337.19 336.80 333.45
 333.50 339.60 342.65 340.90 340.90 340.90 340.90 340.90 340.64 341.84 340.55 338.11 337.71 337.71 337.68 337.58 337.58 337.58 343.14 340.65 339.37 336.80 336.80 334.32
 333.50 336.55 339.25 338.90 340.90 340.90 340.90 341.37 341.84 341.84 341.84 339.84 339.84 339.84 339.84 338.33 337.58 343.14 343.14 340.65 340.65 338.08 336.80 335.81
 338.01 338.26 338.90 338.90 338.90 340.90 341.21 341.84 341.84 341.84 341.84 340.26 339.88 340.68 340.68 340.68 337.58 343.14 343.14 340.65 340.65 339.53 339.11 340.27
 340.27 339.58 338.90 338.90 338.90 338.65 338.52 341.84 341.84 341.84 340.92 339.07 339.07 339.88 340.28 340.48 337.58 343.14 343.14 340.65 340.52 340.27 340.27 340.27
 340.27 339.58 338.90 338.90 338.65 338.40 338.40 338.10 337.80 337.80 338.21 338.62 339.07 339.47 339.88 339.69 338.15 341.67 343.14 339.50 339.67 340.27 340.27 340.27
 339.75 338.72 338.76 338.65 338.40 338.40 338.40 338.10 337.80 337.80 338.21 338.62 338.62 338.62 338.67 338.72 338.72 338.72 338.40 338.35 338.40 338.72 339.75 340.27
 338.72 338.72 338.72 338.72 338.51 338.40 338.51 338.72 338.11 337.80 338.34 338.62 338.65 338.72 338.72 338.72 338.72 338.72 338.44 338.35 338.44 338.72 338.72 338.72
 338.72 338.72 338.72 338.72 338.72 338.72 338.72 338.72 338.72 338.72 338.72 338.72 338.72 338.72 338.72 338.72 338.72 338.72 338.53 338.35 338.53 338.72 338.72 338.72
 338.72 338.72 338.72 338.72 338.72 338.72 338.72 338.72 338.72 338.72 338.72 338.72 338.72 338.72 338.72 338.72 338.72 338.72 338.72 338.72 338.72 338.72 338.72 338.72
 332.79 332.79 332.79 332.79 332.79 332.79 332.79 332.79 332.79 332.79 332.79 332.79 332.79 332.79 332.79 332.79 332.79 332.79 332.79 332.79 332.79 332.79 332.79 332.79
 332.84 338.17 332.79 332.79 332.79 332.79 332.79 332.79 332.79 332.79 332.79 332.79 331.85 330.90 331.85 332.79 332.79 332.79 332.79 332.79 332.79 332.79 332.79 333.00
 333.59 348.88 348.88 340.83 336.00 337.60 336.00 332.79 332.79 332.79 332.79 331.90 331.02 331.02 331.02 333.94 335.98 334.91 336.57 331.30 328.11 331.66 334.45 333.39
 333.20 341.04 344.96 337.60 337.60 337.60 337.60 337.60 337.44 339.69 337.39 334.77 334.48 334.48 334.85 335.98 335.98 335.98 340.36 333.00 328.11 331.28 334.45 333.51
 333.20 337.12 339.75 338.46 337.60 337.60 337.60 338.64 339.69 339.69 339.69 337.93 337.93 337.93 337.93 336.63 335.98 340.36 340.36 337.90 333.00 332.91 334.45 335.36
 338.33 338.40 338.46 338.46 338.46 337.60 338.30 339.69 339.69 339.69 339.69 339.41 339.40 339.68 339.68 339.68 335.98 340.36 340.36 337.90 335.45 337.00 338.75 340.90
 340.90 339.68 338.46 338.46 338.46 338.73 338.87 339.69 339.69 339.69 339.50 339.12 339.12 339.40 339.54 339.61 335.98 340.36 340.36 337.90 338.08 340.90 340.90 340.90
 340.90 339.68 338.46 338.46 338.73 339.00 339.00 338.30 337.60 337.60 338.12 338.64 339.12 339.26 339.40 339.35 337.50 339.92 340.36 338.36 339.04 340.90 340.90 340.90
 340.28 339.03 338.74 338.73 339.00 339.00 339.00 338.30 337.60 337.60 338.12 338.64 338.64 338.64 338.84 339.03 339.03 339.03 338.84 338.81 338.84 339.03 340.28 340.90
 339.03 339.03 339.03 339.03 339.01 339.00 339.01 339.03 338.08 337.60 338.35 338.64 338.77 339.03 339.03 339.03 339.03 339.03 338.87 338.81 338.87 339.03 339.03 339.03
 339.03 339.03 339.03 339.03 339.03 339.03 339.03 339.03 339.03 339.03 339.03 339.03 339.03 339.03 339.03 339.03 339.03 339.03 338.92 338.81 338.92 339.03 339.03 339.03
 339.03 339.03 339.03 339.03 339.03 339.03 339.03 339.03 339.03 339.03 339.03 339.03 339.03 339.03 339.03 339.03 339.03 339.03 339.03 339.03 339.03 339.03 339.03 339.03
 334.30 334.30 334.30 334.30 334.30 334.30 334.30 334.30 334.30 334.30 334.30 334.30 334.30 334.30 334.30 334.30 334.30 334.30 334.30 334.30 334.30 334.30 334.30 334.30
 335.03 342.01 334.29 334.29 334.29 334.29 334.29 334.29 334.29 334.29 334.29 334.29 333.72 333.15 333.72 334.15 334.29 334.29 334.29 334.29 334.29 334.29 334.29 335.25
 337.38 356.72 356.72 345.51 337.56 339.20 337.56 334.29 334.29 334.29 334.29 333.89 333.48 333.48 333.74 334.00 334.69 334.79 336.00 337.73 340.49 336.47 333.91 335.94
 334.50 345.61 351.17 339.20 339.20 339.20 339.20 339.20 337.42 338.10 336.83 335.26 335.12 335.12 335.08 334.69 335.38 335.38 337.71 338.40 340.49 337.20 333.91 334.35
 334.50 340.06 342.17 338.72 339.20 339.20 339.20 338.65 338.10 338.10 338.10 336.77 336.77 336.77 336.77 335.61 335.38 337.71 337.71 336.31 338.40 336.50 333.91 335.93
 338.61 339.27 338.72 338.72 338.72 339.20 338.83 338.10 338.10 338.10 338.10 338.75 339.11 339.18 339.18 339.18 335.38 337.71 337.71 336.31 337.36 338.23 338.41 340.66
 340.66 339.69 338.72 338.72 338.72 338.66 338.63 338.10 338.10 338.10 338.41 339.03 339.03 339.11 339.14 339.16 335.38 337.71 337.71 336.31 338.11 340.66 340.66 340.66
 340.66 339.69 338.72 338.72 338.66 338.60 338.60 338.15 337.70 337.70 338.30 338.90 339.03 339.07 339.11 339.13 337.26 338.18 337.71 337.72 338.90 340.66 340.66 340.66
 340.15 339.13 338.84 338.66 338.60 338.60 338.60 338.15 337.70 337.70 338.30 338.90 338.90 338.90 339.02 339.13 339.13 339.13 339.12 339.12 339.12 339.13 340.15 340.66
 339.13 339.13 339.13 339.13 338.78 338.60 338.78 339.13 338.18 337.70 338.51 338.90 338.98 339.13 339.13 339.13 339.13 339.13 339.12 339.12 339.12 339.13 339.13 339.13
 339.13 339.13 339.13 339.13 339.13 339.13 339.13 339.13 339.13 339.13 339.13 339.13 339.13 339.13 339.13 339.13 339.13 339.13 339.13 339.12 339.13 339.13 339.13 339.13
 339.13 339.13 339.13 339.13 339.13 339.13 339.13 339.13 339.13 339.13 339.13 339.13 339.13 339.13 339.13 339.13 339.13 339.13 339.13 339.13 339.13 339.13 339.13 339.13
 337.10 337.10 337.10 337.10 337.10 337.10 337.10 337.10 337.10 337.10 337.10 337.10 337.10 337.10 337.10 337.10 337.10 337.10 337.10 337.10 337.10 337.10 337.10 337.10
 339.33 344.30 337.10 337.10 337.10 337.10 337.10 337.10 337.10 337.10 337.10 337.10 337.78 338.47 337.78 337.72 337.10 337.10 337.10 337.10 337.10 337.10 337.10 338.23
 339.41 356.46 356.46 346.78 340.23 341.80 340.23 337.10 337.10 337.10 337.10 338.26 339.42 339.42 338.88 338.34 338.47 338.06 337.71 338.16 339.33 337.61 336.24 338.16
 336.90 346.68 351.57 341.80 341.80 341.80 341.80 341.80 339.03 338.62 338.11 337.99 338.38 338.38 338.27 338.47 338.61 338.61 338.33 338.06 339.33 337.78 336.24 336.74
 336.90 341.79 343.04 339.40 341.80 341.80 341.80 340.21 338.62 338.62 338.62 337.33 337.33 337.33 337.33 338.14 338.61 338.33 338.33 336.80 338.06 337.36 336.24 337.66
 339.25 340.09 339.40 339.40 339.40 341.80 340.74 338.62 338.62 338.62 338.62 338.88 339.04 339.09 339.09 339.09 338.61 338.33 338.33 336.80 337.43 338.56 339.03 340.43
 340.43 339.91 339.40 339.40 339.40 339.10 338.95 338.62 338.62 338.62 338.74 338.99 338.99 339.04 339.06 339.08 338.61 338.33 338.33 336.80 338.22 340.43 340.43 340.43
 340.43 339.91 339.40 339.40 339.10 338.80 338.80 338.05 337.30 337.30 337.80 338.29 338.99 339.01 339.04 339.10 338.90 338.62 338.33 337.96 338.93 340.43 340.43 340.43
 340.02 339.19 339.23 339.10 338.80 338.80 338.80 338.05 337.30 337.30 337.80 338.29 338.29 338.29 338.74 339.19 339.19 339.19 339.13 339.12 339.13 339.19 340.02 340.43
 339.19 339.19 339.19 339.19 338.93 338.80 338.93 339.19 337.93 337.30 338.15 338.29 338.59 339.19 339.19 339.19 339.19 339.19 339.14 339.12 339.14 339.19 339.19 339.19
 339.19 339.19 339.19 339.19 339.19 339.19 339.19 339.19 339.19 339.19 339.19 339.19 339.19 339.19 339.19 339.19 339.19 339.19 339.15 339.12 339.15 339.19 339.19 339.19
 339.19 339.19 339.19 339.19 339.19 339.19 339.19 339.19 339.19 339.19 339.19 339.19 339.19 339.19 339.19 339.19 339.19 339.19 339.19 339.19 339.19 339.19 339.19 339.19
 341.57 341.57 341.57 341.57 341.57 341.57 341.57 341.57 341.57 341.57 341.57 341.57 341.57 341.57 341.57 341.57 341.57 341.57 341.57 341.57 341.57 341.57 341.57 341.57
 342.73 347.23 341.58 341.58 341.58 341.58 341.58 341.58 341.58 341.58 341.58 341.58 341.77 341.96 341.77 341.58 341.58 341.58 341.58 341.58 341.58 341.58 341.58 342.05
 342.32 357.37 357.37 349.47 340.93 340.60 340.93 341.58 341.58 341.58 341.58 342.02 342.47 342.47 342.03 341.59 341.06 341.06 341.33 340.23 340.02 339.88 338.60 340.96
 339.60 348.49 352.93 340.60 340.60 340.60 340.60 340.60 340.50 339.91 340.47 340.48 340.63 340.63 340.63 341.06 340.54 340.54 341.08 339.11 340.02 339.31 338.60 339.35
 339.60 344.04 344.21 339.94 340.60 340.60 340.60 340.25 339.91 339.91 339.91 338.79 338.79 338.79 338.79 340.13 340.54 341.08 341.08 338.20 339.11 339.01 338.60 339.58
 340.03 341.03 339.94 339.94 339.94 340.60 340.37 339.91 339.91 339.91 339.91 339.62 339.53 339.65 339.65 339.65 340.54 341.08 341.08 338.20 338.65 339.40 339.70 340.25
 340.25 340.10 339.94 339.94 339.94 339.47 339.24 339.91 339.91 339.91 339.75 339.41 339.41 339.53 339.59 339.62 340.54 341.08 341.08 338.20 339.04 340.25 340.25 340.25
 340.25 340.10 339.94 339.94 339.47 339.00 339.00 338.30 337.60 337.60 337.95 338.29 339.41 339.47 339.53 339.38 339.77 340.39 341.08 338.59 339.21 340.25 340.25 340.25
 339.83 339.00 339.47 339.47 339.00 339.00 339.00 338.30 337.60 337.60 337.95 338.29 338.29 338.29 338.64 339.00 339.00 339.00 338.98 338.98 338.98 339.00 339.83 340.25
 339.00 339.00 339.00 339.00 339.00 339.00 339.00 339.00 338.07 337.60 338.21 338.29 338.53 339.00 339.00 339.00 339.00 339.00 338.98 338.98 338.98 339.00 339.00 339.00
 339.00 339.00 339.00 339.00 339.00 339.00 339.00 339.00 339.00 339.00 339.00 339.00 339.00 339.00 339.00 339.00 339.00 339.00 338.99 338.98 338.99 339.00 339.00 339.00
 339.00 339.00 339.00 339.00 339.00 339.00 339.00 339.00 339.00 339.00 339.00 339.00 339.00 339.00 339.00 339.00 339.00 339.00 339.00 339.00 339.00 339.00 339.00 339.00
 344.37 344.37 344.37 344.37 344.37 344.37 344.37 344.37 344.37 344.37 344.37 344.37 344.37 344.37 344.37 344.37 344.37 344.37 344.37 344.37 344.37 344.37 344.37 344.37
 344.02 349.44 344.37 344.37 344.37 344.37 344.37 344.37 344.37 344.37 344.37 344.37 344.37 344.37 344.37 343.80 344.37 344.37 344.37 344.37 344.37 344.37 344.37 345.14
 347.82 359.94 359.94 352.15 343.59 343.20 343.59 344.37 344.37 344.37 344.37 344.13 343.90 343.90 343.56 343.23 342.64 343.02 343.21 342.19 344.37 341.91 340.68 345.16
 342.50 351.22 355.58 343.20 343.20 343.20 343.20 343.20 342.04 340.30 341.66 342.14 342.06 342.06 342.12 342.64 342.05 342.05 342.05 340.01 340.23 340.68 340.68 342.05
 342.50 346.86 345.83 340.43 343.20 343.20 343.20 341.75 340.30 340.30 340.30 340.22 340.22 340.22 340.22 341.64 342.05 342.05 342.05 340.01 340.01 340.46 340.68 341.48
 340.69 342.02 340.43 340.43 340.43 343.20 342.23 340.30 340.30 340.30 340.30 340.07 340.14 340.52 340.52 340.52 342.05 342.05 342.05 340.01 340.01 340.09 340.09 339.79
 339.79 340.11 340.43 340.43 340.43 339.72 339.36 340.30 340.30 340.30 340.12 339.77 339.77 340.14 340.33 340.43 342.05 342.05 342.05 340.01 339.94 339.79 339.79 339.79
 339.79 340.11 340.43 340.43 339.72 339.00 339.00 338.25 337.50 337.50 338.03 338.57 339.77 339.96 340.14 339.79 340.42 340.97 342.05 339.33 339.43 339.79 339.79 339.79
 339.46 338.80 339.65 339.72 339.00 339.00 339.00 338.25 337.50 337.50 338.03 338.57 338.57 338.57 338.69 338.80 338.80 338.80 338.67 338.65 338.67 338.80 339.46 339.79
 338.80 338.80 338.80 338.80 338.93 339.00 338.93 338.80 337.93 337.50 338.23 338.57 338.65 338.80 338.80 338.80 338.80 338.80 338.69 338.65 338.69 338.80 338.80 338.80
 338.80 338.80 338.80 338.80 338.80 338.80 338.80 338.80 338.80 338.80 338.80 338.80 338.80 338.80 338.80 338.80 338.80 338.80 338.73 338.65 338.73 338.80 338.80 338.80
 338.80 338.80 338.80 338.80 338.80 338.80 338.80 338.80 338.80 338.80 338.80 338.80 338.80 338.80 338.80 338.80 338.80 338.80 338.80 338.80 338.80 338.80 338.80 338.80
