1996 MONTHLY CO2 (PPMV)   24  12  LON/LAT (N-S/0-360E) IN 15 DEGREE RESOLUTION,  GLB ANNUAL MEAN = 362.08,  GROWTH RATE = 1.73,  MISS DATA = -99.99
 366.19 366.19 366.19 366.19 366.19 366.19 366.19 366.19 366.19 366.19 366.19 366.19 366.19 366.19 366.19 366.19 366.19 366.19 366.19 366.19 366.19 366.19 366.19 366.19
 366.27 370.14 368.30 367.25 366.19 366.19 366.19 366.19 366.19 366.19 366.19 366.06 366.49 366.80 366.49 364.87 366.19 366.19 367.39 366.19 366.19 365.83 365.47 366.84
 373.29 379.79 371.32 368.15 370.86 373.20 363.69 365.91 369.24 370.82 365.92 365.92 365.63 365.34 364.44 363.54 364.11 368.59 368.59 366.28 365.48 364.72 364.82 365.51
 364.61 377.58 365.88 365.88 373.20 373.20 363.69 365.91 369.24 370.82 367.36 365.92 363.57 363.67 367.39 367.39 364.68 369.48 374.27 363.97 363.97 363.49 363.49 364.35
 362.34 369.96 365.88 363.58 373.20 373.20 363.69 365.63 365.36 365.46 363.90 363.74 363.57 362.00 362.00 367.39 364.68 363.62 363.62 363.80 362.31 363.98 363.98 362.75
 362.34 366.15 361.29 358.99 358.99 373.20 363.69 364.60 363.56 361.75 362.82 362.46 362.21 362.00 362.00 364.69 362.08 363.62 363.62 362.31 362.31 362.31 363.98 360.31
 360.31 359.63 358.99 358.99 358.99 359.44 361.01 362.79 362.24 361.64 361.76 361.07 361.07 362.28 362.28 360.41 359.47 359.47 363.62 362.31 362.31 361.64 360.31 360.31
 359.94 359.58 359.28 358.99 359.44 359.90 359.90 361.53 361.53 361.53 361.53 360.31 361.30 361.79 361.18 359.47 359.47 359.47 359.47 358.05 362.31 361.42 360.31 360.31
 359.58 359.58 359.58 359.16 359.90 359.90 359.90 359.60 359.31 359.31 359.14 359.32 360.31 361.05 360.20 359.47 359.47 359.47 358.05 358.05 358.31 358.57 359.79 359.94
 359.43 359.58 359.20 359.16 359.08 359.90 359.64 359.12 359.16 359.04 358.78 359.05 359.49 359.12 359.12 359.12 359.29 358.58 358.05 358.05 358.56 358.83 359.12 359.12
 359.12 359.17 359.23 359.13 359.00 359.06 359.12 359.12 359.12 359.12 358.95 359.12 359.12 359.12 359.12 359.12 359.12 359.12 358.70 358.29 359.07 359.09 359.12 359.12
 359.12 359.12 359.12 359.12 359.12 359.12 359.12 359.12 359.12 359.12 359.12 359.12 359.12 359.12 359.12 359.12 359.12 359.12 359.12 359.12 359.12 359.12 359.12 359.12
 366.32 366.32 366.32 366.32 366.32 366.32 366.32 366.32 366.32 366.32 366.32 366.32 366.32 366.32 366.32 366.32 366.32 366.32 366.32 366.32 366.32 366.32 366.32 366.32
 366.04 369.78 366.40 366.36 366.32 366.32 366.32 366.32 366.32 366.32 366.32 366.75 367.05 367.78 367.05 365.53 366.32 366.32 367.76 366.32 366.32 366.06 365.79 366.51
 368.90 380.35 371.02 367.90 370.64 372.80 364.43 366.74 368.15 372.45 367.18 367.18 366.68 366.18 365.46 364.73 365.27 369.20 369.20 366.89 365.94 365.13 365.37 366.33
 366.93 380.41 366.31 366.31 372.80 372.80 364.43 366.74 368.15 372.45 368.69 367.18 364.98 364.71 367.57 367.57 365.81 368.68 371.54 364.59 364.59 363.98 363.98 365.70
 363.71 372.06 366.31 364.38 372.80 372.80 364.43 366.71 366.67 366.78 364.93 364.96 364.98 363.23 363.23 367.57 365.81 365.07 365.07 364.83 363.48 364.88 364.88 364.00
 363.71 367.88 362.46 360.53 360.53 372.80 364.43 365.78 364.86 363.05 363.99 363.39 363.09 362.77 362.77 365.17 362.63 365.07 365.07 363.48 363.48 363.48 364.88 359.84
 359.84 359.94 360.53 360.53 360.53 360.06 361.36 364.25 363.74 363.13 362.97 361.52 361.52 362.88 362.88 360.59 359.44 359.44 365.07 363.48 363.48 362.27 359.84 359.84
 359.65 359.46 360.00 360.53 360.06 359.60 359.60 363.22 363.22 363.22 363.22 359.90 360.81 361.85 361.39 359.44 359.44 359.44 359.44 358.35 363.48 361.86 359.84 359.84
 359.46 359.46 359.46 358.27 359.60 359.60 359.60 359.31 359.02 359.02 358.87 359.00 359.90 360.87 360.20 359.44 359.44 359.44 358.35 358.35 358.53 358.71 359.53 359.65
 359.34 359.46 358.78 358.27 358.57 359.60 359.44 359.11 358.98 358.81 358.61 358.80 359.27 359.11 359.11 359.11 359.27 358.73 358.35 358.35 358.71 358.90 359.11 359.11
 359.11 359.20 359.30 358.89 358.87 358.99 359.11 359.11 359.11 359.11 358.86 359.11 359.11 359.11 359.11 359.11 359.11 359.11 358.78 358.45 359.07 359.09 359.11 359.11
 359.11 359.11 359.11 359.11 359.11 359.11 359.11 359.11 359.11 359.11 359.11 359.11 359.11 359.11 359.11 359.11 359.11 359.11 359.11 359.11 359.11 359.11 359.11 359.11
 366.97 366.97 366.97 366.97 366.97 366.97 366.97 366.97 366.97 366.97 366.97 366.97 366.97 366.97 366.97 366.97 366.97 366.97 366.97 366.97 366.97 366.97 366.97 366.97
 366.81 370.03 369.90 368.44 366.97 366.97 366.97 366.97 366.97 366.97 366.97 367.30 367.41 367.85 367.41 365.99 366.97 366.97 367.95 366.97 366.97 366.63 366.29 367.42
 371.61 376.43 370.90 368.57 371.39 373.60 365.28 367.52 369.59 371.81 367.63 367.63 367.78 367.93 366.47 365.01 365.41 368.92 368.92 367.25 366.61 365.93 366.10 366.96
 365.97 378.56 366.38 366.38 373.60 373.60 365.28 367.52 369.59 371.81 368.79 367.63 365.62 365.99 366.80 366.80 365.82 367.93 370.04 365.59 365.59 365.05 365.05 365.88
 364.40 371.48 366.38 364.35 373.60 373.60 365.28 367.09 366.66 367.04 365.78 365.70 365.62 364.05 364.05 366.80 365.82 365.47 365.47 365.53 363.88 365.00 365.00 364.55
 364.40 367.94 362.32 360.29 360.29 373.60 365.28 366.19 365.29 363.91 364.85 363.73 363.38 363.50 363.50 365.15 362.48 365.47 365.47 363.88 363.88 363.88 365.00 358.77
 358.77 359.42 360.29 360.29 360.29 359.75 361.41 364.30 363.85 363.39 363.03 361.01 361.01 363.19 363.19 360.49 359.14 359.14 365.47 363.88 363.88 362.18 358.77 358.77
 358.99 359.20 359.75 360.29 359.75 359.20 359.20 362.87 362.87 362.87 362.87 359.75 360.41 361.80 361.38 359.14 359.14 359.14 359.14 358.91 363.88 361.61 358.77 358.77
 359.20 359.20 359.20 358.37 359.20 359.20 359.20 359.10 358.99 358.99 359.01 359.09 359.75 360.77 360.09 359.14 359.14 359.14 358.91 358.91 358.99 359.05 358.93 358.99
 359.15 359.20 358.82 358.37 358.62 359.20 359.15 359.05 359.00 358.98 358.96 359.02 359.27 359.05 359.05 359.05 359.10 358.98 358.91 358.91 359.08 359.11 359.05 359.05
 359.05 359.16 359.27 358.89 358.87 358.96 359.05 359.05 359.05 359.05 359.00 359.05 359.05 359.05 359.05 359.05 359.05 359.05 358.88 358.72 359.24 359.14 359.05 359.05
 359.05 359.05 359.05 359.05 359.05 359.05 359.05 359.05 359.05 359.05 359.05 359.05 359.05 359.05 359.05 359.05 359.05 359.05 359.05 359.05 359.05 359.05 359.05 359.05
 367.64 367.64 367.64 367.64 367.64 367.64 367.64 367.64 367.64 367.64 367.64 367.64 367.64 367.64 367.64 367.64 367.64 367.64 367.64 367.64 367.64 367.64 367.64 367.64
 368.06 369.93 370.40 369.02 367.63 367.63 367.63 367.63 367.63 367.63 367.63 367.79 367.85 368.06 367.85 366.89 367.63 367.63 369.00 367.63 367.63 367.33 367.03 368.46
 375.17 373.61 370.66 369.21 371.48 373.40 366.86 368.69 370.35 372.53 367.94 367.94 368.19 368.45 367.29 366.14 365.98 370.36 370.36 368.52 367.61 366.72 366.72 367.04
 366.60 372.10 367.96 367.96 373.40 373.40 366.86 368.69 370.35 372.53 369.21 367.94 365.98 366.54 367.44 367.44 365.82 368.13 370.44 366.68 366.68 366.10 366.10 366.36
 364.80 368.45 367.96 364.89 373.40 373.40 366.86 368.25 367.81 367.65 365.89 365.94 365.98 364.62 364.62 367.44 365.82 366.00 366.00 366.34 364.94 365.47 365.47 364.97
 364.80 366.62 361.83 358.76 358.76 373.40 366.86 367.17 366.09 364.36 365.12 363.41 362.86 362.88 362.88 365.16 362.24 366.00 366.00 364.94 364.94 364.94 365.47 358.44
 358.44 358.84 358.76 358.76 358.76 359.03 361.73 364.09 363.54 362.96 362.34 359.72 359.72 363.19 363.19 360.17 358.66 358.66 366.00 364.94 364.94 362.77 358.44 358.44
 358.88 359.31 359.03 358.76 359.03 359.30 359.30 361.56 361.56 361.56 361.56 359.88 360.71 361.95 361.27 358.66 358.66 358.66 358.66 359.41 364.94 362.05 358.44 358.44
 359.31 359.31 359.31 358.89 359.30 359.30 359.30 359.16 359.03 359.03 359.13 359.04 359.88 360.91 359.98 358.66 358.66 358.66 359.41 359.41 359.40 359.36 358.79 358.88
 359.23 359.31 359.11 358.89 358.86 359.30 359.22 359.06 359.09 359.18 359.33 359.18 359.37 359.06 359.06 359.06 358.86 359.24 359.41 359.41 359.39 359.31 359.06 359.06
 359.06 359.20 359.33 359.03 358.83 358.95 359.06 359.06 359.06 359.06 359.20 359.06 359.06 359.06 359.06 359.06 359.06 359.06 359.01 358.95 359.38 359.22 359.06 359.06
 359.06 359.06 359.06 359.06 359.06 359.06 359.06 359.06 359.06 359.06 359.06 359.06 359.06 359.06 359.06 359.06 359.06 359.06 359.06 359.06 359.06 359.06 359.06 359.06
 368.13 368.13 368.13 368.13 368.13 368.13 368.13 368.13 368.13 368.13 368.13 368.13 368.13 368.13 368.13 368.13 368.13 368.13 368.13 368.13 368.13 368.13 368.13 368.13
 366.96 368.50 367.80 367.96 368.13 368.13 368.13 368.13 368.13 368.13 368.13 367.95 368.77 369.41 368.77 367.49 368.13 368.13 368.28 368.13 368.13 367.43 366.74 367.32
 368.95 371.13 368.42 367.57 372.04 374.00 367.19 367.44 370.24 374.22 367.77 367.77 367.55 367.34 367.10 366.86 366.60 368.43 368.43 367.13 367.03 366.59 366.36 366.35
 365.79 364.59 366.33 366.33 374.00 374.00 367.19 367.44 370.24 374.22 370.06 367.77 366.09 366.30 367.29 367.29 366.35 367.84 369.34 365.82 365.82 365.99 365.99 365.89
 365.08 364.83 366.33 363.66 374.00 374.00 367.19 367.40 367.36 368.10 365.91 366.00 366.09 365.26 365.26 367.29 366.35 366.01 366.01 365.92 365.61 366.28 366.28 365.38
 365.08 364.96 360.99 358.32 358.32 374.00 367.19 366.76 366.13 364.90 365.40 363.77 363.14 362.78 362.78 365.03 362.40 366.01 366.01 365.61 365.61 365.61 366.28 359.86
 359.86 359.26 358.32 358.32 358.32 358.96 361.92 363.55 363.20 362.79 362.36 360.54 360.54 363.05 363.05 359.99 358.46 358.46 366.01 365.61 365.61 363.69 359.86 359.86
 359.74 359.61 358.97 358.32 358.96 359.60 359.60 360.69 360.69 360.69 360.69 359.80 360.00 361.52 361.01 358.46 358.46 358.46 358.46 359.42 365.61 363.05 359.86 359.86
 359.61 359.61 359.61 359.21 359.60 359.60 359.60 359.42 359.24 359.24 359.40 359.61 359.80 360.66 359.82 358.46 358.46 358.46 359.42 359.42 359.49 359.50 359.59 359.74
 359.46 359.61 359.40 359.21 359.14 359.60 359.45 359.16 359.23 359.29 359.34 359.47 359.48 359.16 359.16 359.16 358.81 359.29 359.42 359.42 359.56 359.50 359.16 359.16
 359.16 359.38 359.60 359.26 359.08 359.12 359.16 359.16 359.16 359.16 359.25 359.16 359.16 359.16 359.16 359.16 359.16 359.16 359.25 359.33 359.71 359.44 359.16 359.16
 359.16 359.16 359.16 359.16 359.16 359.16 359.16 359.16 359.16 359.16 359.16 359.16 359.16 359.16 359.16 359.16 359.16 359.16 359.16 359.16 359.16 359.16 359.16 359.16
 366.49 366.49 366.49 366.49 366.49 366.49 366.49 366.49 366.49 366.49 366.49 366.49 366.49 366.49 366.49 366.49 366.49 366.49 366.49 366.49 366.49 366.49 366.49 366.49
 364.80 363.96 361.60 364.04 366.49 366.49 366.49 366.49 366.49 366.49 366.49 365.62 367.08 367.68 367.08 365.87 366.49 366.49 363.57 366.49 366.49 365.61 364.73 365.19
 365.22 362.96 362.43 363.07 368.03 368.80 362.25 360.32 364.62 370.04 364.75 364.75 364.72 364.69 364.97 365.25 364.75 360.66 360.66 362.45 364.39 365.38 364.94 364.51
 362.29 360.95 362.74 362.74 368.80 368.80 362.25 360.32 364.62 370.04 367.57 364.75 364.83 364.93 365.33 365.33 364.24 363.73 363.21 364.23 364.23 365.59 365.59 363.91
 364.29 362.62 362.74 361.32 368.80 368.80 362.25 362.81 365.29 366.27 365.10 364.97 364.83 365.16 365.16 365.33 364.24 364.79 364.79 364.51 364.51 364.99 364.99 364.46
 364.29 363.46 359.90 358.48 358.48 368.80 362.25 363.89 364.98 364.67 364.88 363.46 363.07 363.46 363.46 364.39 361.56 364.79 364.79 364.51 364.51 364.51 364.99 361.04
 361.04 359.76 358.48 358.48 358.48 359.19 360.45 362.13 362.45 362.35 362.04 360.91 360.91 362.82 362.82 360.19 358.87 358.87 364.79 364.51 364.51 363.35 361.04 361.04
 360.40 359.77 359.12 358.48 359.19 359.90 359.90 360.03 360.03 360.03 360.03 360.22 360.54 361.68 361.12 358.87 358.87 358.87 358.87 359.57 364.51 362.97 361.04 361.04
 359.77 359.77 359.77 359.49 359.90 359.90 359.90 359.79 359.68 359.68 359.72 359.90 360.22 360.95 360.09 358.87 358.87 358.87 359.57 359.57 359.77 359.85 360.29 360.40
 359.65 359.77 359.69 359.49 359.45 359.90 359.74 359.41 359.57 359.63 359.58 359.74 359.79 359.41 359.41 359.41 359.14 359.49 359.57 359.57 359.97 359.93 359.41 359.41
 359.41 359.66 359.90 359.55 359.41 359.41 359.41 359.41 359.41 359.41 359.50 359.41 359.41 359.41 359.41 359.41 359.41 359.41 359.49 359.57 360.37 359.89 359.41 359.41
 359.41 359.41 359.41 359.41 359.41 359.41 359.41 359.41 359.41 359.41 359.41 359.41 359.41 359.41 359.41 359.41 359.41 359.41 359.41 359.41 359.41 359.41 359.41 359.41
 361.18 361.18 361.18 361.18 361.18 361.18 361.18 361.18 361.18 361.18 361.18 361.18 361.18 361.18 361.18 361.18 361.18 361.18 361.18 361.18 361.18 361.18 361.18 361.18
 359.77 358.46 354.30 357.74 361.18 361.18 361.18 361.18 361.18 361.18 361.18 359.98 361.06 360.95 361.06 360.99 361.18 361.18 357.22 361.18 361.18 360.52 359.87 360.46
 362.75 358.59 357.69 358.54 365.13 367.10 356.28 353.68 362.11 369.18 358.78 358.78 358.86 358.93 359.87 360.80 360.60 353.26 353.26 357.87 360.50 361.95 361.20 359.59
 359.82 360.07 360.19 360.19 367.10 367.10 356.28 353.68 362.11 369.18 366.25 358.78 362.70 360.96 360.66 360.66 360.40 359.61 358.82 362.47 362.47 364.13 364.13 360.78
 361.74 360.90 360.19 359.96 367.10 367.10 356.28 358.40 363.12 364.66 363.32 363.01 362.70 363.00 363.00 360.66 360.40 362.06 362.06 362.26 361.80 362.64 362.64 361.97
 361.74 361.32 359.73 359.50 359.50 367.10 356.28 360.73 363.06 363.01 363.16 362.27 362.26 363.44 363.44 362.05 359.76 362.06 362.06 361.80 361.80 361.80 362.64 361.14
 361.14 360.11 359.50 359.50 359.50 359.95 358.88 360.89 361.66 361.64 361.43 360.65 360.65 362.54 362.54 360.26 359.12 359.12 362.06 361.80 361.80 361.58 361.14 361.14
 360.41 359.69 359.60 359.50 359.95 360.40 360.40 360.28 360.28 360.28 360.28 360.16 360.34 361.44 361.03 359.12 359.12 359.12 359.12 359.98 361.80 361.51 361.14 361.14
 359.69 359.69 359.69 360.18 360.40 360.40 360.40 360.23 360.05 360.05 359.96 359.98 360.16 360.80 360.20 359.12 359.12 359.12 359.98 359.98 360.14 360.20 360.46 360.41
 359.74 359.69 360.16 360.18 359.94 360.40 360.21 359.83 359.94 359.95 359.85 359.91 359.97 359.83 359.83 359.83 359.48 359.91 359.98 359.98 360.30 360.26 359.83 359.83
 359.83 359.99 360.14 359.96 359.69 359.76 359.83 359.83 359.83 359.83 359.84 359.83 359.83 359.83 359.83 359.83 359.83 359.83 359.87 359.91 360.62 360.23 359.83 359.83
 359.83 359.83 359.83 359.83 359.83 359.83 359.83 359.83 359.83 359.83 359.83 359.83 359.83 359.83 359.83 359.83 359.83 359.83 359.83 359.83 359.83 359.83 359.83 359.83
 355.14 355.14 355.14 355.14 355.14 355.14 355.14 355.14 355.14 355.14 355.14 355.14 355.14 355.14 355.14 355.14 355.14 355.14 355.14 355.14 355.14 355.14 355.14 355.14
 354.10 355.22 350.30 352.72 355.14 355.14 355.14 355.14 355.14 355.14 355.14 354.24 354.77 354.40 354.77 355.42 355.14 355.14 352.98 355.14 355.14 354.93 354.72 355.70
 362.80 361.33 356.78 356.07 364.18 368.70 356.38 352.52 359.42 363.57 353.34 353.34 353.81 354.29 355.00 355.70 357.13 350.82 350.82 355.24 356.68 357.23 356.57 354.80
 359.11 359.50 358.71 358.71 368.70 368.70 356.38 352.52 359.42 363.57 362.22 353.34 359.68 357.51 357.07 357.07 358.57 358.36 358.16 359.65 359.65 360.19 360.19 357.89
 359.32 359.41 358.71 359.44 368.70 368.70 356.38 356.64 360.77 361.75 360.87 360.27 359.68 360.73 360.73 357.07 358.57 359.87 359.87 359.76 359.22 359.81 359.81 359.44
 359.32 359.37 360.17 360.90 360.90 368.70 356.38 358.96 361.28 361.79 361.33 360.85 361.00 362.53 362.53 359.80 359.04 359.87 359.87 359.22 359.22 359.22 359.81 361.12
 361.12 360.79 360.90 360.90 360.90 360.75 359.24 360.30 361.13 361.30 361.06 360.79 360.79 362.21 362.21 360.42 359.52 359.52 359.87 359.22 359.22 359.85 361.12 361.12
 360.74 360.35 360.62 360.90 360.75 360.60 360.60 360.81 360.81 360.81 360.81 360.65 360.78 361.50 361.08 359.52 359.52 359.52 359.52 360.15 359.22 360.06 361.12 361.12
 360.35 360.35 360.35 360.77 360.60 360.60 360.60 360.51 360.42 360.42 360.31 360.52 360.65 361.07 360.48 359.52 359.52 359.52 360.15 360.15 360.37 360.49 360.70 360.74
 360.32 360.35 360.61 360.77 360.46 360.60 360.48 360.25 360.29 360.21 359.99 360.25 360.39 360.25 360.25 360.25 359.88 360.20 360.15 360.15 360.58 360.61 360.25 360.25
 360.25 360.34 360.44 360.40 360.15 360.20 360.25 360.25 360.25 360.25 360.12 360.25 360.25 360.25 360.25 360.25 360.25 360.25 360.36 360.48 361.02 360.63 360.25 360.25
 360.25 360.25 360.25 360.25 360.25 360.25 360.25 360.25 360.25 360.25 360.25 360.25 360.25 360.25 360.25 360.25 360.25 360.25 360.25 360.25 360.25 360.25 360.25 360.25
 354.32 354.32 354.32 354.32 354.32 354.32 354.32 354.32 354.32 354.32 354.32 354.32 354.32 354.32 354.32 354.32 354.32 354.32 354.32 354.32 354.32 354.32 354.32 354.32
 355.90 357.86 357.80 356.06 354.32 354.32 354.32 354.32 354.32 354.32 354.32 354.70 354.48 354.65 354.48 354.66 354.32 354.32 354.15 354.32 354.32 354.59 354.87 356.18
 363.68 363.41 360.21 358.56 365.04 370.40 358.97 357.34 359.45 365.47 355.09 355.09 355.44 355.80 355.40 355.00 356.25 353.98 353.98 356.00 356.11 356.29 356.09 355.24
 358.22 365.18 359.41 359.41 370.40 370.40 358.97 357.34 359.45 365.47 362.28 355.09 356.90 357.44 357.92 357.92 357.51 359.07 360.63 358.02 358.02 358.17 358.17 357.22
 358.24 361.71 359.41 359.97 370.40 370.40 358.97 358.33 359.33 361.10 359.09 358.00 356.90 359.08 359.08 357.92 357.51 359.24 359.24 358.63 358.05 358.21 358.21 358.23
 358.24 359.98 360.54 361.10 361.10 370.40 358.97 359.13 359.92 360.51 359.80 359.36 358.85 360.46 360.46 357.92 358.64 359.24 359.24 358.05 358.05 358.05 358.21 361.24
 361.24 360.95 361.10 361.10 361.10 360.95 360.24 360.23 360.56 360.75 360.59 360.79 360.79 361.85 361.85 360.46 359.77 359.77 359.24 358.05 358.05 359.11 361.24 361.24
 360.88 360.52 360.81 361.10 360.95 360.80 360.80 361.00 361.00 361.00 361.00 360.54 360.60 361.23 360.95 359.77 359.77 359.77 359.77 359.99 358.05 359.47 361.24 361.24
 360.52 360.52 360.52 360.71 360.80 360.80 360.80 360.69 360.59 360.59 360.41 360.47 360.54 360.88 360.52 359.77 359.77 359.77 359.99 359.99 360.29 360.50 360.86 360.88
 360.50 360.52 360.73 360.71 360.54 360.80 360.69 360.46 360.48 360.38 360.16 360.32 360.44 360.46 360.46 360.46 360.12 360.23 359.99 359.99 360.60 360.71 360.46 360.46
 360.46 360.61 360.75 360.57 360.37 360.42 360.46 360.46 360.46 360.46 360.31 360.46 360.46 360.46 360.46 360.46 360.46 360.46 360.62 360.77 361.20 360.83 360.46 360.46
 360.46 360.46 360.46 360.46 360.46 360.46 360.46 360.46 360.46 360.46 360.46 360.46 360.46 360.46 360.46 360.46 360.46 360.46 360.46 360.46 360.46 360.46 360.46 360.46
 359.34 359.34 359.34 359.34 359.34 359.34 359.34 359.34 359.34 359.34 359.34 359.34 359.34 359.34 359.34 359.34 359.34 359.34 359.34 359.34 359.34 359.34 359.34 359.34
 362.36 365.08 366.00 362.67 359.34 359.34 359.34 359.34 359.34 359.34 359.34 359.91 360.40 361.46 360.40 359.50 359.34 359.34 360.08 359.34 359.34 359.23 359.13 361.24
 368.36 372.61 367.24 364.34 366.38 369.90 360.63 361.60 362.21 370.06 360.49 360.49 360.66 360.84 360.25 359.67 359.67 360.83 360.83 360.73 360.23 359.48 359.46 359.52
 361.56 374.54 363.12 363.12 369.90 369.90 360.63 361.60 362.21 370.06 364.92 360.49 358.95 360.11 359.85 359.67 359.66 362.14 364.61 360.62 360.62 359.74 359.74 360.14
 358.94 366.74 363.12 362.49 369.90 369.90 360.63 361.19 360.77 362.50 359.78 359.37 358.95 359.38 359.38 359.57 359.66 360.25 360.25 360.44 358.91 359.14 359.14 358.99
 358.94 362.84 361.85 361.22 361.22 369.90 360.63 360.63 360.07 359.37 359.57 359.91 359.89 360.52 360.52 359.95 359.55 360.25 360.25 358.91 358.91 358.91 359.14 361.31
 361.31 360.98 361.22 361.22 361.22 360.96 360.77 360.49 360.23 360.00 360.25 360.83 360.83 361.67 361.67 360.18 359.43 359.43 360.25 358.91 358.91 359.71 361.31 361.31
 360.86 360.40 360.81 361.22 360.96 360.70 360.70 360.62 360.62 360.62 360.62 360.24 360.62 361.14 360.75 359.43 359.43 359.43 359.43 359.45 358.91 359.98 361.31 361.31
 360.40 360.40 360.40 360.42 360.70 360.70 360.70 360.60 360.50 360.50 360.24 359.85 360.24 360.69 360.35 359.43 359.43 359.43 359.45 359.45 360.05 360.48 360.89 360.86
 360.44 360.40 360.62 360.42 360.39 360.70 360.64 360.52 360.49 360.44 360.38 360.12 360.29 360.52 360.52 360.52 359.98 359.99 359.45 359.45 360.65 360.92 360.52 360.52
 360.52 360.67 360.82 360.53 360.36 360.44 360.52 360.52 360.52 360.52 360.45 360.52 360.52 360.52 360.52 360.52 360.52 360.52 360.69 360.85 361.85 361.19 360.52 360.52
 360.52 360.52 360.52 360.52 360.52 360.52 360.52 360.52 360.52 360.52 360.52 360.52 360.52 360.52 360.52 360.52 360.52 360.52 360.52 360.52 360.52 360.52 360.52 360.52
 363.93 363.93 363.93 363.93 363.93 363.93 363.93 363.93 363.93 363.93 363.93 363.93 363.93 363.93 363.93 363.93 363.93 363.93 363.93 363.93 363.93 363.93 363.93 363.93
 364.21 367.81 363.93 363.93 363.93 363.93 363.93 363.93 363.93 363.93 363.93 364.53 363.84 363.74 363.84 363.78 363.93 363.93 364.56 363.93 363.93 363.50 363.06 364.32
 367.75 375.28 370.18 366.40 366.98 368.50 361.86 364.18 367.46 371.33 365.13 365.13 364.42 363.71 363.66 363.62 363.32 365.18 365.18 364.12 363.71 362.72 362.87 363.75
 363.53 376.29 365.09 365.09 368.50 368.50 361.86 364.18 367.46 371.33 366.36 365.13 361.75 362.33 362.57 363.32 363.02 365.72 368.42 363.07 363.07 361.79 361.79 362.84
 360.68 368.49 365.09 364.11 368.50 368.50 361.86 363.38 362.58 363.92 361.38 361.56 361.75 360.96 360.96 362.43 363.02 362.12 362.12 362.60 361.05 361.37 361.37 360.85
 360.68 364.58 363.12 362.14 362.14 368.50 361.86 362.43 361.48 360.38 360.88 361.29 361.49 361.38 361.38 361.40 361.37 362.12 362.12 361.05 361.05 361.05 361.37 361.42
 361.42 361.27 362.14 362.14 362.14 361.47 361.38 361.38 360.94 360.57 360.86 361.22 361.22 361.80 361.80 360.41 359.72 359.72 362.12 361.05 361.05 361.17 361.42 361.42
 360.84 360.25 361.19 362.14 361.47 360.80 360.80 360.76 360.76 360.76 360.76 360.46 360.81 361.30 360.94 359.72 359.72 359.72 359.72 359.18 361.05 361.21 361.42 361.42
 360.25 360.25 360.25 360.21 360.80 360.80 360.80 360.59 360.38 360.38 360.25 360.12 360.46 360.88 360.50 359.72 359.72 359.72 359.18 359.18 359.76 360.21 360.91 360.84
 360.32 360.25 360.44 360.21 360.27 360.80 360.69 360.47 360.39 360.32 360.26 360.19 360.38 360.47 360.47 360.47 360.10 359.83 359.18 359.18 360.34 360.66 360.47 360.47
 360.47 360.57 360.67 360.42 360.33 360.40 360.47 360.47 360.47 360.47 360.37 360.47 360.47 360.47 360.47 360.47 360.47 360.47 360.56 360.64 361.49 360.98 360.47 360.47
 360.47 360.47 360.47 360.47 360.47 360.47 360.47 360.47 360.47 360.47 360.47 360.47 360.47 360.47 360.47 360.47 360.47 360.47 360.47 360.47 360.47 360.47 360.47 360.47
 365.68 365.68 365.68 365.68 365.68 365.68 365.68 365.68 365.68 365.68 365.68 365.68 365.68 365.68 365.68 365.68 365.68 365.68 365.68 365.68 365.68 365.68 365.68 365.68
 364.59 368.96 365.00 365.34 365.68 365.68 365.68 365.68 365.68 365.68 365.68 366.36 366.13 366.58 366.13 365.35 365.68 365.68 366.94 365.68 365.68 365.24 364.80 365.90
 370.30 380.59 370.42 367.15 368.96 370.60 362.67 365.79 367.97 374.06 367.04 367.04 366.58 366.12 365.57 365.03 364.81 368.20 368.20 365.97 365.12 364.68 364.85 365.81
 365.45 377.61 365.68 365.68 370.60 370.60 362.67 365.79 367.97 374.06 368.80 367.04 363.50 364.41 365.87 365.87 364.58 367.32 370.06 363.73 363.73 363.94 363.94 364.74
 362.02 369.81 365.68 364.56 370.60 370.60 362.67 365.47 365.14 366.18 363.55 363.52 363.50 362.69 362.69 365.87 364.58 362.64 362.64 363.19 362.14 363.02 363.02 362.27
 362.02 365.92 363.43 362.31 362.31 370.60 362.67 364.51 363.56 361.97 362.76 362.64 362.59 362.49 362.49 365.87 362.63 362.64 362.64 362.14 362.14 362.14 363.02 361.53
 361.53 361.25 362.31 362.31 362.31 361.50 361.62 362.69 362.20 361.67 361.87 361.68 361.68 362.28 362.28 361.21 360.68 360.68 362.64 362.14 362.14 361.94 361.53 361.53
 360.73 359.92 361.12 362.31 361.50 360.70 360.70 361.37 361.37 361.37 361.37 360.99 361.49 361.88 361.61 360.68 360.68 360.68 360.68 361.28 362.14 361.87 361.53 361.53
 359.92 359.92 359.92 359.98 360.70 360.70 360.70 360.45 360.19 360.19 360.20 360.50 360.99 361.44 361.05 360.68 360.68 360.68 360.43 360.15 360.95 360.89 360.90 360.73
 360.10 359.92 360.31 359.98 360.13 360.70 360.62 360.45 360.23 360.06 359.92 360.21 360.55 360.45 360.45 360.45 360.56 360.45 360.22 360.15 360.95 360.82 360.45 360.45
 360.45 360.54 360.64 360.34 360.29 360.37 360.45 360.45 360.45 360.45 360.19 360.45 360.45 360.45 360.45 360.45 360.45 360.45 360.30 360.15 360.95 360.70 360.45 360.45
 360.45 360.45 360.45 360.45 360.45 360.45 360.45 360.45 360.45 360.45 360.45 360.45 360.45 360.45 360.45 360.45 360.45 360.45 360.45 360.45 360.45 360.45 360.45 360.45
