1975 MONTHLY CO2 (PPMV)   24  12  LON/LAT (N-S/0-360E) IN 15 DEGREE RESOLUTION,  GLB ANNUAL MEAN = 331.95,  GROWTH RATE = 0.54,  MISS DATA = -99.99
 337.27 337.27 337.27 337.27 337.27 337.27 337.27 337.27 337.27 337.27 337.27 337.27 337.27 337.27 337.27 337.27 337.27 337.27 337.27 337.27 337.27 337.27 337.27 337.27
 338.66 338.66 338.66 338.66 338.66 338.66 338.14 337.09 337.09 337.09 337.09 337.09 337.09 337.09 337.09 337.09 333.99 333.99 333.99 333.99 338.66 338.66 338.66 338.66
 338.66 338.66 338.66 338.66 338.66 338.66 338.66 337.62 337.09 337.09 337.09 337.09 337.09 337.09 337.09 333.99 333.99 333.99 333.99 333.99 338.66 338.66 338.66 338.66
 338.66 338.66 338.66 338.66 338.66 338.66 338.66 330.54 330.54 330.54 330.54 330.54 330.54 330.54 331.69 333.99 333.99 333.99 333.99 333.99 333.99 338.66 338.66 338.66
 338.66 338.66 338.66 338.66 338.66 335.41 329.71 330.54 330.54 330.54 330.54 330.54 330.54 330.54 330.54 332.84 333.99 333.99 333.99 333.99 333.99 338.66 338.66 338.66
 338.66 338.66 338.66 335.41 328.89 328.89 328.89 330.22 330.67 330.69 330.75 330.86 331.08 331.52 331.52 331.52 333.99 333.99 333.99 333.99 332.29 335.41 338.66 338.66
 338.66 335.41 328.89 328.89 328.89 328.89 328.89 329.76 330.64 330.64 330.64 330.64 330.64 331.08 331.30 331.41 333.99 333.99 332.29 328.89 328.89 328.89 328.89 333.78
 328.89 328.89 328.89 328.89 328.89 328.89 328.89 328.89 329.30 329.44 329.44 329.44 330.64 330.86 331.08 330.46 331.44 328.89 328.89 328.89 328.89 328.89 328.89 328.89
 328.89 328.89 328.89 328.89 328.89 328.89 328.89 328.89 329.16 329.44 329.44 329.44 329.44 329.44 329.16 328.89 328.89 328.89 328.89 328.89 328.89 328.89 328.89 328.89
 328.89 328.89 328.89 328.89 328.89 328.89 328.89 328.89 328.89 328.89 329.26 329.44 329.26 328.89 328.89 328.89 328.89 328.89 328.89 328.89 328.89 328.89 328.89 328.89
 328.89 328.89 328.89 328.89 328.89 328.89 328.89 328.89 328.89 328.89 328.89 328.89 328.89 328.89 328.89 328.89 328.89 328.89 328.89 328.89 328.89 328.89 328.89 328.89
 328.89 328.89 328.89 328.89 328.89 328.89 328.89 328.89 328.89 328.89 328.89 328.89 328.89 328.89 328.89 328.89 328.89 328.89 328.89 328.89 328.89 328.89 328.89 328.89
 339.15 339.15 339.15 339.15 339.15 339.15 339.15 339.15 339.15 339.15 339.15 339.15 339.15 339.15 339.15 339.15 339.15 339.15 339.15 339.15 339.15 339.15 339.15 339.15
 342.53 342.53 342.53 342.53 342.53 342.53 340.92 337.71 337.71 337.71 337.71 337.71 337.71 337.71 337.71 337.71 333.62 333.62 333.62 333.62 342.53 342.53 342.53 342.53
 342.53 342.53 342.53 342.53 342.53 342.53 342.53 339.31 337.71 337.71 337.71 337.71 337.71 337.71 337.71 333.62 333.62 333.62 333.62 333.62 342.53 342.53 342.53 342.53
 342.53 342.53 342.53 342.53 342.53 342.53 342.53 331.41 331.41 331.41 331.41 331.41 331.41 331.41 332.15 333.62 333.62 333.62 333.62 333.62 333.62 342.53 342.53 342.53
 342.53 342.53 342.53 342.53 342.53 337.98 330.15 331.41 331.41 331.41 331.41 331.41 331.41 331.41 331.41 332.88 333.62 333.62 333.62 333.62 333.62 342.53 342.53 342.53
 342.53 342.53 342.53 337.98 328.90 328.90 328.90 330.19 330.62 330.62 330.62 330.62 330.62 331.41 331.41 332.64 333.62 333.62 333.62 333.62 332.05 337.98 342.53 342.53
 342.53 337.98 328.90 328.90 328.90 328.90 328.90 329.76 330.62 330.62 330.62 330.62 330.62 330.62 330.62 330.62 333.62 333.62 332.05 328.90 328.90 328.90 328.90 335.71
 328.90 328.90 328.90 328.90 328.90 328.90 328.90 328.90 329.06 329.12 329.12 329.12 330.62 330.62 330.62 330.05 331.26 328.90 328.90 328.90 328.90 328.90 328.90 328.90
 328.90 328.90 328.90 328.90 328.90 328.90 328.90 328.90 329.01 329.12 329.12 329.12 329.12 329.12 329.01 328.90 328.90 328.90 328.90 328.90 328.90 328.90 328.90 328.90
 328.90 328.90 328.90 328.90 328.90 328.90 328.90 328.90 328.90 328.90 329.05 329.12 329.05 328.90 328.90 328.90 328.90 328.90 328.90 328.90 328.90 328.90 328.90 328.90
 328.90 328.90 328.90 328.90 328.90 328.90 328.90 328.90 328.90 328.90 328.90 328.90 328.90 328.90 328.90 328.90 328.90 328.90 328.90 328.90 328.90 328.90 328.90 328.90
 328.90 328.90 328.90 328.90 328.90 328.90 328.90 328.90 328.90 328.90 328.90 328.90 328.90 328.90 328.90 328.90 328.90 328.90 328.90 328.90 328.90 328.90 328.90 328.90
 338.41 338.41 338.41 338.41 338.41 338.41 338.41 338.41 338.41 338.41 338.41 338.41 338.41 338.41 338.41 338.41 338.41 338.41 338.41 338.41 338.41 338.41 338.41 338.41
 342.23 342.23 342.23 342.23 342.23 342.23 340.49 337.00 337.00 337.00 337.00 337.00 337.00 337.00 337.00 337.00 333.99 333.99 335.01 336.04 336.04 336.04 342.23 342.23
 342.23 342.23 342.23 342.23 342.23 342.23 342.23 338.74 337.00 337.00 337.00 337.00 337.00 337.00 337.00 333.99 333.99 333.99 335.01 336.04 336.04 336.04 342.23 342.23
 342.23 342.23 342.23 342.23 342.23 342.23 342.23 331.95 331.95 331.95 331.95 331.95 331.95 331.95 332.63 333.99 333.99 333.99 335.01 336.04 336.04 336.04 336.04 342.23
 342.23 342.23 342.23 342.23 342.23 337.77 330.40 331.95 331.95 331.95 331.95 331.95 331.95 331.95 331.95 333.31 333.99 333.99 335.01 336.04 336.04 336.04 336.04 342.23
 342.23 342.23 342.23 337.77 328.85 328.85 328.85 329.86 330.19 330.19 330.19 330.19 330.19 331.95 331.95 333.08 333.99 333.99 335.01 336.04 336.04 336.04 336.04 342.23
 342.23 337.77 328.85 328.85 328.85 328.85 328.85 329.52 330.19 330.19 330.19 330.19 330.19 330.19 330.19 330.19 333.99 333.99 333.47 336.04 336.04 336.04 333.64 335.54
 328.85 328.85 328.85 328.85 328.85 328.85 328.85 328.85 328.99 329.04 329.04 329.04 330.19 330.19 330.19 329.74 331.42 328.85 328.85 328.85 332.45 328.85 328.85 328.85
 328.85 328.85 328.85 328.85 328.85 328.85 328.85 328.85 328.95 329.04 329.04 329.04 329.04 329.04 328.95 328.85 328.85 328.85 328.85 328.85 328.85 328.85 328.85 328.85
 328.85 328.85 328.85 328.85 328.85 328.85 328.85 328.85 328.85 328.85 328.98 329.04 328.98 328.85 328.85 328.85 328.85 328.85 328.85 328.85 328.85 328.85 328.85 328.85
 328.85 328.85 328.85 328.85 328.85 328.85 328.85 328.85 328.85 328.85 328.85 328.85 328.85 328.85 328.85 328.85 328.85 328.85 328.85 328.85 328.85 328.85 328.85 328.85
 328.85 328.85 328.85 328.85 328.85 328.85 328.85 328.85 328.85 328.85 328.85 328.85 328.85 328.85 328.85 328.85 328.85 328.85 328.85 328.85 328.85 328.85 328.85 328.85
 338.32 338.32 338.32 338.32 338.32 338.32 338.32 338.32 338.32 338.32 338.32 338.32 338.32 338.32 338.32 338.32 338.32 338.32 338.32 338.32 338.32 338.32 338.32 338.32
 340.84 340.84 340.84 340.84 340.84 340.84 339.73 337.50 337.50 337.50 337.50 337.50 337.50 337.50 337.50 337.50 335.19 335.19 335.91 336.63 336.63 336.63 340.84 340.84
 340.84 340.84 340.84 340.84 340.84 340.84 340.84 338.61 337.50 337.50 337.50 337.50 337.50 337.50 337.50 335.19 335.19 335.19 335.91 336.63 336.63 336.63 340.84 340.84
 340.84 340.84 340.84 340.84 340.84 340.84 340.84 333.30 333.30 333.30 333.30 333.30 333.30 333.30 333.93 335.19 335.19 335.19 335.91 336.63 336.63 336.63 336.63 340.84
 340.84 340.84 340.84 340.84 340.84 336.87 331.12 333.30 333.30 333.30 333.30 333.30 333.30 333.30 333.30 334.56 335.19 335.19 335.91 336.63 336.63 336.63 336.63 340.84
 340.84 340.84 340.84 336.87 328.94 328.94 328.94 329.51 329.74 329.86 330.08 330.53 331.44 333.25 333.25 333.25 335.19 335.19 335.91 336.63 336.63 336.63 336.63 340.84
 340.84 336.87 328.94 328.94 328.94 328.94 328.94 329.28 329.63 329.63 329.63 329.63 329.63 331.44 332.35 332.80 335.19 335.19 334.17 336.63 336.63 336.63 334.07 334.89
 328.94 328.94 328.94 328.94 328.94 328.94 328.94 328.94 329.13 329.19 329.19 329.19 329.63 330.53 331.44 331.06 332.06 328.94 328.94 328.94 332.78 328.94 328.94 328.94
 328.94 328.94 328.94 328.94 328.94 328.94 328.94 328.94 329.06 329.19 329.19 329.19 329.19 329.19 329.06 328.94 328.94 328.94 328.94 328.94 328.94 328.94 328.94 328.94
 328.94 328.94 328.94 328.94 328.94 328.94 328.94 328.94 328.94 328.94 329.11 329.19 329.11 328.94 328.94 328.94 328.94 328.94 328.94 328.94 328.94 328.94 328.94 328.94
 328.94 328.94 328.94 328.94 328.94 328.94 328.94 328.94 328.94 328.94 328.94 328.94 328.94 328.94 328.94 328.94 328.94 328.94 328.94 328.94 328.94 328.94 328.94 328.94
 328.94 328.94 328.94 328.94 328.94 328.94 328.94 328.94 328.94 328.94 328.94 328.94 328.94 328.94 328.94 328.94 328.94 328.94 328.94 328.94 328.94 328.94 328.94 328.94
 336.20 336.20 336.20 336.20 336.20 336.20 336.20 336.20 336.20 336.20 336.20 336.20 336.20 336.20 336.20 336.20 336.20 336.20 336.20 336.20 336.20 336.20 336.20 336.20
 335.22 335.22 335.22 335.22 335.22 335.22 335.99 337.53 337.53 337.53 337.53 337.53 337.53 337.53 337.53 337.53 336.17 336.17 335.59 335.01 335.01 335.01 335.22 335.22
 335.22 335.22 335.22 335.22 335.22 335.22 335.22 336.76 337.53 337.53 337.53 337.53 337.53 337.53 337.53 336.17 336.17 336.17 335.59 335.01 335.01 335.01 335.22 335.22
 335.22 335.22 335.22 335.22 335.22 335.22 335.22 333.94 333.94 333.94 333.94 333.94 333.94 333.94 334.68 336.17 336.17 336.17 335.59 335.01 335.01 335.01 335.01 335.22
 335.22 335.22 335.22 335.22 335.22 333.12 331.43 333.94 333.94 333.94 333.94 333.94 333.94 333.94 333.94 335.43 336.17 336.17 335.59 335.01 335.01 335.01 335.01 335.22
 335.22 335.22 335.22 333.12 328.93 328.93 328.93 329.54 329.78 329.89 330.13 330.59 331.52 333.39 333.39 333.39 336.17 336.17 335.59 335.01 335.01 335.01 335.01 335.22
 335.22 333.12 328.93 328.93 328.93 328.93 328.93 329.30 329.66 329.66 329.66 329.66 329.66 331.52 332.46 332.92 336.17 336.17 333.93 335.01 335.01 335.01 332.98 332.08
 328.93 328.93 328.93 328.93 328.93 328.93 328.93 328.93 329.54 329.74 329.74 329.74 329.66 330.59 331.52 331.13 332.55 328.93 328.93 328.93 331.97 328.93 328.93 328.93
 328.93 328.93 328.93 328.93 328.93 328.93 328.93 328.93 329.34 329.74 329.74 329.74 329.74 329.74 329.34 328.93 328.93 328.93 328.93 328.93 328.93 328.93 328.93 328.93
 328.93 328.93 328.93 328.93 328.93 328.93 328.93 328.93 328.93 328.93 329.47 329.74 329.47 328.93 328.93 328.93 328.93 328.93 328.93 328.93 328.93 328.93 328.93 328.93
 328.93 328.93 328.93 328.93 328.93 328.93 328.93 328.93 328.93 328.93 328.93 328.93 328.93 328.93 328.93 328.93 328.93 328.93 328.93 328.93 328.93 328.93 328.93 328.93
 328.93 328.93 328.93 328.93 328.93 328.93 328.93 328.93 328.93 328.93 328.93 328.93 328.93 328.93 328.93 328.93 328.93 328.93 328.93 328.93 328.93 328.93 328.93 328.93
 333.66 333.66 333.66 333.66 333.66 333.66 333.66 333.66 333.66 333.66 333.66 333.66 333.66 333.66 333.66 333.66 333.66 333.66 333.66 333.66 333.66 333.66 333.66 333.66
 332.15 332.15 332.15 332.15 332.15 332.15 333.23 335.40 335.40 335.40 335.40 335.40 335.40 335.40 335.40 335.40 333.56 333.56 333.56 333.56 332.15 332.15 332.15 332.15
 332.15 332.15 332.15 332.15 332.15 332.15 332.15 334.32 335.40 335.40 335.40 335.40 335.40 335.40 335.40 333.56 333.56 333.56 333.56 333.56 332.15 332.15 332.15 332.15
 332.15 332.15 332.15 332.15 332.15 332.15 332.15 333.50 333.50 333.50 333.50 333.50 333.50 333.50 333.52 333.56 333.56 333.56 333.56 333.56 333.56 332.15 332.15 332.15
 332.15 332.15 332.15 332.15 332.15 331.12 331.28 333.50 333.50 333.50 333.50 333.50 333.50 333.50 333.50 333.54 333.56 333.56 333.56 333.56 333.56 332.15 332.15 332.15
 332.15 332.15 332.15 331.12 329.07 329.07 329.07 330.25 330.66 330.72 330.82 331.04 331.46 332.31 332.31 332.31 333.56 333.56 333.56 333.56 332.06 331.12 332.15 332.15
 332.15 331.12 329.07 329.07 329.07 329.07 329.07 329.84 330.61 330.61 330.61 330.61 330.61 331.46 331.88 332.10 333.56 333.56 332.06 329.07 329.07 329.07 329.07 330.61
 329.07 329.07 329.07 329.07 329.07 329.07 329.07 329.07 329.78 330.02 330.02 330.02 330.61 331.04 331.46 330.88 331.31 329.07 329.07 329.07 329.07 329.07 329.07 329.07
 329.07 329.07 329.07 329.07 329.07 329.07 329.07 329.07 329.54 330.02 330.02 330.02 330.02 330.02 329.54 329.07 329.07 329.07 329.07 329.07 329.07 329.07 329.07 329.07
 329.07 329.07 329.07 329.07 329.07 329.07 329.07 329.07 329.07 329.07 329.70 330.02 329.70 329.07 329.07 329.07 329.07 329.07 329.07 329.07 329.07 329.07 329.07 329.07
 329.07 329.07 329.07 329.07 329.07 329.07 329.07 329.07 329.07 329.07 329.07 329.07 329.07 329.07 329.07 329.07 329.07 329.07 329.07 329.07 329.07 329.07 329.07 329.07
 329.07 329.07 329.07 329.07 329.07 329.07 329.07 329.07 329.07 329.07 329.07 329.07 329.07 329.07 329.07 329.07 329.07 329.07 329.07 329.07 329.07 329.07 329.07 329.07
 329.97 329.97 329.97 329.97 329.97 329.97 329.97 329.97 329.97 329.97 329.97 329.97 329.97 329.97 329.97 329.97 329.97 329.97 329.97 329.97 329.97 329.97 329.97 329.97
 329.94 329.97 329.97 329.97 329.97 329.97 329.97 329.97 329.97 329.97 329.97 329.97 329.82 329.67 329.82 329.97 329.97 329.97 329.97 329.97 329.97 329.97 329.97 329.97
 329.91 329.91 329.94 329.97 329.97 329.97 329.97 329.97 329.97 329.97 329.97 329.97 329.75 329.67 329.75 330.22 330.35 330.22 329.97 329.97 329.97 329.97 329.94 329.91
 329.91 329.91 329.92 329.97 329.97 329.97 329.97 329.97 329.97 329.97 329.97 331.22 331.85 331.85 331.35 330.35 330.35 330.35 330.35 330.16 329.97 329.97 329.92 329.91
 329.91 329.91 329.92 329.97 329.97 329.97 329.97 329.97 329.97 330.91 331.85 331.85 331.85 331.85 331.85 330.85 330.35 330.35 330.35 330.25 329.97 329.97 329.92 329.91
 329.91 329.91 329.91 329.97 329.97 329.97 329.97 329.97 330.57 330.89 330.91 330.97 331.08 331.29 331.29 331.29 330.35 330.35 330.35 330.30 329.97 329.97 329.91 329.91
 329.91 329.73 329.36 329.36 329.36 329.36 329.36 330.11 330.86 330.86 330.86 330.86 330.86 331.08 331.18 331.24 330.35 330.35 330.02 329.36 329.36 329.36 329.36 329.63
 329.36 329.36 329.36 329.36 329.36 329.36 329.36 329.36 329.79 329.94 329.94 329.94 330.86 330.97 331.08 330.56 329.86 329.36 329.36 329.36 329.36 329.36 329.36 329.36
 329.36 329.36 329.36 329.36 329.36 329.36 329.36 329.36 329.65 329.94 329.94 329.94 329.94 329.94 329.65 329.36 329.36 329.36 329.36 329.36 329.36 329.36 329.36 329.36
 329.36 329.36 329.36 329.36 329.36 329.36 329.36 329.36 329.36 329.36 329.75 329.94 329.75 329.36 329.36 329.36 329.36 329.36 329.36 329.36 329.36 329.36 329.36 329.36
 329.36 329.36 329.36 329.36 329.36 329.36 329.36 329.36 329.36 329.36 329.36 329.36 329.36 329.36 329.36 329.36 329.36 329.36 329.36 329.36 329.36 329.36 329.36 329.36
 329.36 329.36 329.36 329.36 329.36 329.36 329.36 329.36 329.36 329.36 329.36 329.36 329.36 329.36 329.36 329.36 329.36 329.36 329.36 329.36 329.36 329.36 329.36 329.36
 328.15 328.15 328.15 328.15 328.15 328.15 328.15 328.15 328.15 328.15 328.15 328.15 328.15 328.15 328.15 328.15 328.15 328.15 328.15 328.15 328.15 328.15 328.15 328.15
 332.30 332.30 332.30 332.30 332.30 332.30 329.60 324.18 324.18 324.18 324.18 324.18 324.18 324.18 324.18 324.18 326.53 326.53 326.53 326.53 332.30 332.30 332.30 332.30
 332.30 332.30 332.30 332.30 332.30 332.30 332.30 326.89 324.18 324.18 324.18 324.18 324.18 324.18 324.18 326.53 326.53 326.53 326.53 326.53 332.30 332.30 332.30 332.30
 332.30 332.30 332.30 332.30 332.30 332.30 332.30 329.97 329.97 329.97 329.97 329.97 329.97 329.97 328.82 326.53 326.53 326.53 326.53 326.53 326.53 332.30 332.30 332.30
 332.30 332.30 332.30 332.30 332.30 331.48 329.91 329.97 329.97 329.97 329.97 329.97 329.97 329.97 329.97 327.68 326.53 326.53 326.53 326.53 326.53 332.30 332.30 332.30
 332.30 332.30 332.30 331.48 329.85 329.85 329.85 330.53 330.76 330.78 330.82 330.89 331.05 331.35 331.35 331.35 326.53 326.53 326.53 326.53 327.64 331.48 332.30 332.30
 332.30 331.48 329.85 329.85 329.85 329.85 329.85 330.30 330.74 330.74 330.74 330.74 330.74 331.05 331.20 331.27 326.53 326.53 327.64 329.85 329.85 329.85 329.85 331.08
 329.85 329.85 329.85 329.85 329.85 329.85 329.85 329.85 330.14 330.24 330.24 330.24 330.74 330.89 331.05 330.72 328.19 329.85 329.85 329.85 329.85 329.85 329.85 329.85
 329.85 329.85 329.85 329.85 329.85 329.85 329.85 329.85 330.05 330.24 330.24 330.24 330.24 330.24 330.05 329.85 329.85 329.85 329.85 329.85 329.85 329.85 329.85 329.85
 329.85 329.85 329.85 329.85 329.85 329.85 329.85 329.85 329.85 329.85 330.11 330.24 330.11 329.85 329.85 329.85 329.85 329.85 329.85 329.85 329.85 329.85 329.85 329.85
 329.85 329.85 329.85 329.85 329.85 329.85 329.85 329.85 329.85 329.85 329.85 329.85 329.85 329.85 329.85 329.85 329.85 329.85 329.85 329.85 329.85 329.85 329.85 329.85
 329.85 329.85 329.85 329.85 329.85 329.85 329.85 329.85 329.85 329.85 329.85 329.85 329.85 329.85 329.85 329.85 329.85 329.85 329.85 329.85 329.85 329.85 329.85 329.85
 328.48 328.48 328.48 328.48 328.48 328.48 328.48 328.48 328.48 328.48 328.48 328.48 328.48 328.48 328.48 328.48 328.48 328.48 328.48 328.48 328.48 328.48 328.48 328.48
 332.30 332.30 332.30 332.30 332.30 332.30 329.74 324.62 324.62 324.62 324.62 324.62 324.62 324.62 324.62 324.62 327.54 327.54 327.54 327.54 332.30 332.30 332.30 332.30
 332.30 332.30 332.30 332.30 332.30 332.30 332.30 327.18 324.62 324.62 324.62 324.62 324.62 324.62 324.62 327.54 327.54 327.54 327.54 327.54 332.30 332.30 332.30 332.30
 332.30 332.30 332.30 332.30 332.30 332.30 332.30 328.56 328.56 328.56 328.56 328.56 328.56 328.56 328.22 327.54 327.54 327.54 327.54 327.54 327.54 332.30 332.30 332.30
 332.30 332.30 332.30 332.30 332.30 331.58 329.35 328.56 328.56 328.56 328.56 328.56 328.56 328.56 328.56 327.88 327.54 327.54 327.54 327.54 327.54 332.30 332.30 332.30
 332.30 332.30 332.30 331.58 330.13 330.13 330.13 331.15 331.48 331.47 331.44 331.37 331.24 330.98 330.98 330.98 327.54 327.54 327.54 327.54 328.41 331.58 332.30 332.30
 332.30 331.58 330.13 330.13 330.13 330.13 330.13 330.82 331.50 331.50 331.50 331.50 331.50 331.24 331.11 331.05 327.54 327.54 328.41 330.13 330.13 330.13 330.13 331.22
 330.13 330.13 330.13 330.13 330.13 330.13 330.13 330.13 330.29 330.34 330.34 330.34 331.50 331.37 331.24 330.81 328.84 330.13 330.13 330.13 330.13 330.13 330.13 330.13
 330.13 330.13 330.13 330.13 330.13 330.13 330.13 330.13 330.24 330.34 330.34 330.34 330.34 330.34 330.24 330.13 330.13 330.13 330.13 330.13 330.13 330.13 330.13 330.13
 330.13 330.13 330.13 330.13 330.13 330.13 330.13 330.13 330.13 330.13 330.27 330.34 330.27 330.13 330.13 330.13 330.13 330.13 330.13 330.13 330.13 330.13 330.13 330.13
 330.13 330.13 330.13 330.13 330.13 330.13 330.13 330.13 330.13 330.13 330.13 330.13 330.13 330.13 330.13 330.13 330.13 330.13 330.13 330.13 330.13 330.13 330.13 330.13
 330.14 330.14 330.14 330.14 330.14 330.14 330.14 330.14 330.14 330.14 330.14 330.14 330.14 330.14 330.14 330.14 330.14 330.14 330.14 330.14 330.14 330.14 330.14 330.14
 333.60 333.60 333.60 333.60 333.60 333.60 333.60 333.60 333.60 333.60 333.60 333.60 333.60 333.60 333.60 333.60 333.60 333.60 333.60 333.60 333.60 333.60 333.60 333.60
 341.31 341.31 341.31 341.31 341.31 341.31 337.20 328.99 328.99 328.99 328.99 328.99 328.99 328.99 328.99 328.99 329.00 329.00 329.75 330.51 330.51 330.51 341.31 341.31
 341.31 341.31 341.31 341.31 341.31 341.31 341.31 333.09 328.99 328.99 328.99 328.99 328.99 328.99 328.99 329.00 329.00 329.00 329.75 330.51 330.51 330.51 341.31 341.31
 341.31 341.31 341.31 341.31 341.31 341.31 341.31 328.40 328.40 328.40 328.40 328.40 328.40 328.40 328.60 329.00 329.00 329.00 329.75 330.51 330.51 330.51 330.51 341.31
 341.31 341.31 341.31 341.31 341.31 337.68 329.41 328.40 328.40 328.40 328.40 328.40 328.40 328.40 328.40 328.80 329.00 329.00 329.75 330.51 330.51 330.51 330.51 341.31
 341.31 341.31 341.31 337.68 330.41 330.41 330.41 331.28 331.56 331.52 331.43 331.26 330.93 330.26 330.26 330.26 329.00 329.00 329.75 330.51 330.51 330.51 330.51 341.31
 341.31 337.68 330.41 330.41 330.41 330.41 330.41 331.01 331.60 331.60 331.60 331.60 331.60 330.93 330.60 330.43 329.00 329.00 329.92 330.51 330.51 330.51 330.48 335.86
 330.41 330.41 330.41 330.41 330.41 330.41 330.41 330.41 330.41 331.20 331.60 331.60 331.60 331.26 330.93 330.59 329.71 330.41 330.41 330.41 330.46 330.41 330.41 330.41
 330.41 330.41 330.41 330.41 330.41 330.41 330.41 330.41 330.41 330.41 330.41 331.20 331.60 331.09 330.41 330.41 330.41 330.41 330.41 330.41 330.41 330.41 330.41 330.41
 330.41 330.41 330.41 330.41 330.41 330.41 330.41 330.41 330.41 330.41 330.41 330.41 330.41 330.41 330.41 330.41 330.41 330.41 330.41 330.41 330.41 330.41 330.41 330.41
 330.41 330.41 330.41 330.41 330.41 330.41 330.41 330.41 330.41 330.41 330.41 330.41 330.41 330.41 330.41 330.41 330.41 330.41 330.41 330.41 330.41 330.41 330.41 330.41
 330.41 330.41 330.41 330.41 330.41 330.41 330.41 330.41 330.41 330.41 330.41 330.41 330.41 330.41 330.41 330.41 330.41 330.41 330.41 330.41 330.41 330.41 330.41 330.41
 333.49 333.49 333.49 333.49 333.49 333.49 333.49 333.49 333.49 333.49 333.49 333.49 333.49 333.49 333.49 333.49 333.49 333.49 333.49 333.49 333.49 333.49 333.49 333.49
 340.42 333.49 333.49 333.49 333.49 333.49 333.49 333.49 333.49 333.49 333.49 333.49 333.60 333.71 333.60 333.49 333.49 333.49 333.49 333.49 333.49 333.49 333.49 333.49
 347.35 347.35 340.42 333.49 333.49 333.49 333.49 333.49 333.49 333.49 333.49 333.49 333.65 333.71 333.65 333.49 333.49 333.49 333.49 335.78 336.93 335.78 340.42 347.35
 347.35 347.35 343.88 333.49 333.49 333.49 333.49 333.49 333.49 333.49 333.49 330.75 329.38 329.38 329.38 330.75 333.49 335.21 336.93 336.93 336.93 336.93 336.93 347.35
 347.35 347.35 345.62 333.49 333.49 333.49 333.49 333.49 333.49 331.43 329.38 329.38 329.38 329.38 329.38 329.38 329.38 333.84 336.93 336.93 336.93 336.93 336.93 347.35
 347.35 347.35 346.48 333.49 333.49 333.49 333.49 333.49 331.77 330.89 330.88 330.85 330.79 330.67 330.67 330.67 330.67 330.67 336.93 336.93 336.93 336.93 336.93 347.35
 347.35 341.66 330.27 330.27 330.27 330.27 330.27 330.59 330.91 330.91 330.91 330.91 330.91 330.79 330.73 330.70 330.69 330.54 334.71 336.93 336.93 336.93 334.71 338.81
 330.27 330.27 330.27 330.27 330.27 330.27 330.27 330.27 330.51 330.59 330.59 330.59 330.91 330.85 330.79 330.59 330.27 330.27 330.27 330.27 333.60 330.27 330.27 330.27
 330.27 330.27 330.27 330.27 330.27 330.27 330.27 330.27 330.43 330.59 330.59 330.59 330.59 330.59 330.43 330.27 330.27 330.27 330.27 330.27 330.27 330.27 330.27 330.27
 330.27 330.27 330.27 330.27 330.27 330.27 330.27 330.27 330.27 330.27 330.48 330.59 330.48 330.27 330.27 330.27 330.27 330.27 330.27 330.27 330.27 330.27 330.27 330.27
 330.27 330.27 330.27 330.27 330.27 330.27 330.27 330.27 330.27 330.27 330.27 330.27 330.27 330.27 330.27 330.27 330.27 330.27 330.27 330.27 330.27 330.27 330.27 330.27
 330.27 330.27 330.27 330.27 330.27 330.27 330.27 330.27 330.27 330.27 330.27 330.27 330.27 330.27 330.27 330.27 330.27 330.27 330.27 330.27 330.27 330.27 330.27 330.27
 338.02 338.02 338.02 338.02 338.02 338.02 338.02 338.02 338.02 338.02 338.02 338.02 338.02 338.02 338.02 338.02 338.02 338.02 338.02 338.02 338.02 338.02 338.02 338.02
 342.53 342.53 342.53 342.53 342.53 342.53 340.33 335.92 335.92 335.92 335.92 335.92 335.92 335.92 335.92 335.92 333.91 333.91 334.76 335.61 335.61 335.61 342.53 342.53
 342.53 342.53 342.53 342.53 342.53 342.53 342.53 338.13 335.92 335.92 335.92 335.92 335.92 335.92 335.92 333.91 333.91 333.91 334.76 335.61 335.61 335.61 342.53 342.53
 342.53 342.53 342.53 342.53 342.53 342.53 342.53 330.22 330.22 330.22 330.22 330.22 330.22 330.22 331.45 333.91 333.91 333.91 334.76 335.61 335.61 335.61 335.61 342.53
 342.53 342.53 342.53 342.53 342.53 338.36 330.12 330.22 330.22 330.22 330.22 330.22 330.22 330.22 330.22 332.68 333.91 333.91 334.76 335.61 335.61 335.61 335.61 342.53
 342.53 342.53 342.53 338.36 330.03 330.03 330.03 330.43 330.57 330.61 330.68 330.82 331.10 331.65 331.65 331.65 333.91 333.91 334.76 335.61 335.61 335.61 335.61 342.53
 342.53 338.36 330.03 330.03 330.03 330.03 330.03 330.28 330.54 330.54 330.54 330.54 330.54 331.10 331.37 331.51 333.91 333.91 333.58 335.61 335.61 335.61 333.75 336.28
 330.03 330.03 330.03 330.03 330.03 330.03 330.03 330.03 330.01 330.01 330.01 330.01 330.54 330.82 331.10 330.88 331.97 330.03 330.03 330.03 332.82 330.03 330.03 330.03
 330.03 330.03 330.03 330.03 330.03 330.03 330.03 330.03 330.02 330.01 330.01 330.01 330.01 330.01 330.02 330.03 330.03 330.03 330.03 330.03 330.03 330.03 330.03 330.03
 330.03 330.03 330.03 330.03 330.03 330.03 330.03 330.03 330.03 330.03 330.02 330.01 330.02 330.03 330.03 330.03 330.03 330.03 330.03 330.03 330.03 330.03 330.03 330.03
 330.03 330.03 330.03 330.03 330.03 330.03 330.03 330.03 330.03 330.03 330.03 330.03 330.03 330.03 330.03 330.03 330.03 330.03 330.03 330.03 330.03 330.03 330.03 330.03
 330.03 330.03 330.03 330.03 330.03 330.03 330.03 330.03 330.03 330.03 330.03 330.03 330.03 330.03 330.03 330.03 330.03 330.03 330.03 330.03 330.03 330.03 330.03 330.03
