1997 MONTHLY CO2 (PPMV)   24  12  LON/LAT (N-S/0-360E) IN 15 DEGREE RESOLUTION,  GLB ANNUAL MEAN = 363.30,  GROWTH RATE = 1.22,  MISS DATA = -99.99
 367.51 367.51 367.51 367.51 367.51 367.51 367.51 367.51 367.51 367.51 367.51 367.51 367.51 367.51 367.51 367.51 367.51 367.51 367.51 367.51 367.51 367.51 367.51 367.51
 366.21 372.77 367.51 367.51 367.51 367.51 367.51 367.51 367.51 367.51 367.51 367.46 368.51 369.50 368.51 367.47 367.51 367.51 368.72 367.51 367.51 366.74 365.97 367.72
 375.10 384.60 375.88 370.18 369.97 371.20 364.38 367.40 368.19 372.93 367.40 367.40 367.45 367.51 367.47 367.42 366.60 369.92 369.92 367.63 366.82 365.95 365.93 366.64
 366.61 380.60 367.16 367.16 371.20 371.20 364.38 367.40 368.19 372.93 369.03 367.40 365.09 365.50 366.23 366.23 365.77 368.16 370.55 365.34 365.34 365.18 365.18 365.88
 363.62 372.11 367.16 365.61 371.20 371.20 364.38 366.88 366.37 366.86 365.13 365.11 365.09 363.48 363.48 366.23 365.77 364.72 364.72 365.03 363.44 365.39 365.39 364.06
 363.62 365.41 364.07 362.52 362.52 371.20 364.38 365.79 364.70 363.03 364.08 363.64 363.50 363.57 363.57 364.90 363.49 364.72 364.72 363.44 363.44 363.44 365.39 361.37
 361.37 360.49 362.52 362.52 362.52 361.71 362.33 363.16 362.61 362.05 362.27 361.86 361.86 362.95 362.95 361.78 361.20 361.20 364.72 363.44 363.44 362.75 361.37 361.37
 360.49 360.49 360.49 362.52 361.71 360.90 360.90 361.08 361.08 361.08 361.08 360.87 361.58 362.26 362.14 361.20 361.20 361.20 361.20 362.00 363.44 362.52 361.37 361.37
 359.89 359.89 359.89 359.52 360.90 360.90 360.90 360.51 360.12 360.12 359.99 360.16 360.87 361.57 361.33 361.20 361.20 361.20 360.59 359.91 361.43 361.30 360.80 360.63
 360.06 359.89 360.06 359.52 359.92 360.90 360.73 360.40 360.14 359.91 359.70 359.93 360.40 360.40 360.40 360.40 360.80 360.40 360.03 359.91 361.43 361.17 360.40 360.40
 360.40 360.50 360.60 360.21 360.32 360.36 360.40 360.40 360.40 360.40 360.05 360.40 360.40 360.40 360.40 360.40 360.40 360.40 360.16 359.91 361.43 360.92 360.40 360.40
 360.40 360.40 360.40 360.40 360.40 360.40 360.40 360.40 360.40 360.40 360.40 360.40 360.40 360.40 360.40 360.40 360.40 360.40 360.40 360.40 360.40 360.40 360.40 360.40
 368.51 368.51 368.51 368.51 368.51 368.51 368.51 368.51 368.51 368.51 368.51 368.51 368.51 368.51 368.51 368.51 368.51 368.51 368.51 368.51 368.51 368.51 368.51 368.51
 367.78 371.03 368.51 368.51 368.51 368.51 368.51 368.51 368.51 368.51 368.51 368.25 368.86 369.21 368.86 368.42 368.51 368.51 369.44 368.51 368.51 367.77 367.04 368.01
 370.84 376.82 371.64 368.87 371.77 373.40 365.91 367.99 369.45 373.81 368.00 368.00 368.16 368.33 368.33 368.34 367.49 370.38 370.38 368.42 367.80 366.36 366.29 366.82
 367.66 376.81 366.46 366.46 373.40 373.40 365.91 367.99 369.45 373.81 370.24 368.00 365.36 366.23 365.34 365.34 366.64 368.75 370.87 366.46 366.46 365.01 365.01 366.48
 364.94 370.88 366.46 365.55 373.40 373.40 365.91 367.72 367.45 367.99 366.66 366.01 365.36 364.13 364.13 365.34 366.64 366.56 366.56 366.51 364.67 365.25 365.25 365.02
 364.94 365.40 364.64 363.73 363.73 373.40 365.91 366.73 365.75 364.04 365.35 364.31 363.81 364.00 364.00 364.67 363.50 366.56 366.56 364.67 364.67 364.67 365.25 360.90
 360.90 360.39 363.73 363.73 363.73 362.42 363.14 363.58 363.06 362.49 362.71 362.07 362.07 363.57 363.57 361.42 360.35 360.35 366.56 364.67 364.67 363.41 360.90 360.90
 360.39 360.39 360.39 363.73 362.42 361.10 361.10 360.94 360.94 360.94 360.94 361.27 362.21 362.89 362.27 360.35 360.35 360.35 360.35 362.37 364.67 362.99 360.90 360.90
 359.92 359.92 359.92 359.24 361.10 361.10 361.10 360.67 360.24 360.24 360.12 360.33 361.27 362.08 361.24 360.35 360.35 360.35 360.10 359.78 361.10 361.00 360.53 360.41
 360.04 359.92 359.79 359.24 359.66 361.10 360.83 360.28 360.17 360.01 359.78 360.05 360.53 360.28 360.28 360.28 360.31 360.28 359.90 359.78 361.10 360.89 360.28 360.28
 360.28 360.31 360.34 359.98 360.08 360.18 360.28 360.28 360.28 360.28 360.03 360.28 360.28 360.28 360.28 360.28 360.28 360.28 360.03 359.78 361.10 360.69 360.28 360.28
 360.28 360.28 360.28 360.28 360.28 360.28 360.28 360.28 360.28 360.28 360.28 360.28 360.28 360.28 360.28 360.28 360.28 360.28 360.28 360.28 360.28 360.28 360.28 360.28
 368.49 368.49 368.49 368.49 368.49 368.49 368.49 368.49 368.49 368.49 368.49 368.49 368.49 368.49 368.49 368.49 368.49 368.49 368.49 368.49 368.49 368.49 368.49 368.49
 368.54 370.02 368.49 368.49 368.49 368.49 368.49 368.49 368.49 368.49 368.49 368.72 368.54 368.59 368.54 367.91 368.49 368.49 369.70 368.49 368.49 368.24 367.99 368.78
 372.93 373.04 369.68 368.16 371.10 372.40 367.03 368.98 371.64 373.97 368.95 368.95 369.38 369.80 368.57 367.34 367.24 370.92 370.92 369.06 368.25 366.79 366.94 367.63
 368.64 372.83 366.32 366.32 372.40 372.40 367.03 368.98 371.64 373.97 370.45 368.95 366.31 367.31 366.52 366.52 367.13 369.03 370.93 367.21 367.21 365.20 365.20 367.23
 365.63 369.23 366.32 365.52 372.40 372.40 367.03 368.54 368.09 368.48 366.92 366.62 366.31 364.82 364.82 366.52 367.13 367.27 367.27 367.24 365.25 365.96 365.96 365.71
 365.63 364.74 364.71 363.91 363.91 372.40 367.03 367.52 366.51 364.94 365.93 364.81 364.45 364.79 364.79 365.65 363.32 367.27 367.27 365.25 365.25 365.25 365.96 360.78
 360.78 359.36 363.91 363.91 363.91 362.40 363.44 363.94 363.43 362.90 362.99 362.24 362.24 364.21 364.21 361.07 359.50 359.50 367.27 365.25 365.25 363.76 360.78 360.78
 359.36 359.36 359.36 363.91 362.40 360.90 360.90 360.87 360.87 360.87 360.87 361.26 362.20 363.20 362.31 359.50 359.50 359.50 359.50 362.46 365.25 363.26 360.78 360.78
 360.15 360.15 360.15 359.52 360.90 360.90 360.90 360.62 360.33 360.33 360.24 360.33 361.26 362.24 361.06 359.50 359.50 359.50 359.69 359.83 361.16 361.04 360.49 360.46
 360.17 360.15 359.89 359.52 359.69 360.90 360.67 360.22 360.25 360.19 360.05 360.19 360.56 360.22 360.22 360.22 359.86 360.22 359.93 359.83 361.16 360.93 360.22 360.22
 360.22 360.25 360.27 359.97 359.87 360.04 360.22 360.22 360.22 360.22 360.13 360.22 360.22 360.22 360.22 360.22 360.22 360.22 360.02 359.83 361.16 360.69 360.22 360.22
 360.22 360.22 360.22 360.22 360.22 360.22 360.22 360.22 360.22 360.22 360.22 360.22 360.22 360.22 360.22 360.22 360.22 360.22 360.22 360.22 360.22 360.22 360.22 360.22
 368.57 368.57 368.57 368.57 368.57 368.57 368.57 368.57 368.57 368.57 368.57 368.57 368.57 368.57 368.57 368.57 368.57 368.57 368.57 368.57 368.57 368.57 368.57 368.57
 368.45 369.55 368.57 368.57 368.57 368.57 368.57 368.57 368.57 368.57 368.57 369.44 369.17 369.76 369.17 368.30 368.57 368.57 369.24 368.57 368.57 368.49 368.41 368.59
 370.58 371.63 369.81 368.80 371.72 373.30 368.11 370.74 371.54 375.81 370.30 370.30 370.50 370.69 369.36 368.03 367.76 369.90 369.90 368.95 368.51 367.42 367.50 367.83
 368.31 371.01 368.00 368.00 373.30 373.30 368.11 370.74 371.54 375.81 371.50 370.30 367.94 368.57 367.52 367.52 367.50 368.73 369.96 368.01 368.01 366.27 366.27 367.44
 366.07 368.54 368.00 366.01 373.30 373.30 368.11 369.65 368.57 369.38 367.20 367.57 367.94 366.44 366.44 367.52 367.50 367.98 367.98 368.00 366.15 366.42 366.42 366.16
 366.07 364.92 364.02 362.03 362.03 373.30 368.11 368.45 367.25 365.93 366.56 365.22 364.93 365.02 365.02 366.27 363.61 367.98 367.98 366.15 366.15 366.15 366.42 360.81
 360.81 360.14 362.03 362.03 362.03 361.41 363.44 364.48 363.93 363.49 363.23 361.83 361.83 364.74 364.74 361.39 359.71 359.71 367.98 366.15 366.15 364.37 360.81 360.81
 360.14 360.14 360.14 362.03 361.41 360.80 360.80 361.05 361.05 361.05 361.05 360.97 361.54 363.14 362.53 359.71 359.71 359.71 359.71 363.12 366.15 363.78 360.81 360.81
 360.50 360.50 360.50 359.99 360.80 360.80 360.80 360.61 360.42 360.42 360.57 360.40 360.97 362.06 361.17 359.71 359.71 359.71 360.08 360.47 361.21 361.11 360.62 360.65
 360.46 360.50 360.27 359.99 360.08 360.80 360.66 360.38 360.48 360.65 360.87 360.64 360.66 360.38 360.38 360.38 360.05 360.38 360.45 360.47 361.21 361.00 360.38 360.38
 360.38 360.47 360.56 360.28 360.17 360.28 360.38 360.38 360.38 360.38 360.63 360.38 360.38 360.38 360.38 360.38 360.38 360.38 360.43 360.47 361.21 360.80 360.38 360.38
 360.38 360.38 360.38 360.38 360.38 360.38 360.38 360.38 360.38 360.38 360.38 360.38 360.38 360.38 360.38 360.38 360.38 360.38 360.38 360.38 360.38 360.38 360.38 360.38
 368.75 368.75 368.75 368.75 368.75 368.75 368.75 368.75 368.75 368.75 368.75 368.75 368.75 368.75 368.75 368.75 368.75 368.75 368.75 368.75 368.75 368.75 368.75 368.75
 367.82 368.22 368.75 368.75 368.75 368.75 368.75 368.75 368.75 368.75 368.75 368.70 369.29 369.84 369.29 368.66 368.75 368.75 368.77 368.75 368.75 368.22 367.70 368.28
 369.26 368.08 367.15 367.37 371.25 372.50 366.69 368.74 370.53 375.13 368.65 368.65 369.31 369.97 369.27 368.57 367.40 368.79 368.79 367.84 367.82 367.46 367.48 368.09
 367.17 367.11 366.21 366.21 372.50 372.50 366.69 368.74 370.53 375.13 371.12 368.65 367.72 368.51 367.90 367.90 366.24 366.87 367.49 366.88 366.88 366.66 366.66 367.26
 366.38 366.75 366.21 364.58 372.50 372.50 366.69 368.14 367.55 369.09 367.11 367.42 367.72 367.05 367.05 367.90 366.24 367.20 367.20 367.04 366.26 366.38 366.38 366.38
 366.38 364.83 362.96 361.33 361.33 372.50 366.69 367.61 367.06 366.58 366.85 365.00 364.49 366.05 366.05 367.90 362.92 367.20 367.20 366.26 366.26 366.26 366.38 361.01
 361.01 361.37 361.33 361.33 361.33 361.16 362.95 364.99 364.76 364.60 363.83 361.26 361.26 365.04 365.04 361.41 359.60 359.60 367.20 366.26 366.26 364.51 361.01 361.01
 361.37 361.37 361.37 361.33 361.16 361.00 361.00 362.61 362.61 362.61 362.61 360.81 361.12 363.08 362.57 359.60 359.60 359.60 359.60 362.04 366.26 363.93 361.01 361.01
 360.60 360.60 360.60 360.45 361.00 361.00 361.00 360.80 360.60 360.60 360.85 360.51 360.81 361.94 361.17 359.60 359.60 359.60 362.04 362.04 361.88 361.62 360.79 360.81
 360.59 360.60 360.66 360.45 360.54 361.00 360.85 360.56 360.73 361.02 361.44 360.98 360.78 360.56 360.56 360.56 360.08 361.30 362.04 362.04 361.73 361.36 360.56 360.56
 360.56 360.72 360.88 360.63 360.64 360.60 360.56 360.56 360.56 360.56 361.00 360.56 360.56 360.56 360.56 360.56 360.56 360.56 360.71 360.85 361.42 360.99 360.56 360.56
 360.56 360.56 360.56 360.56 360.56 360.56 360.56 360.56 360.56 360.56 360.56 360.56 360.56 360.56 360.56 360.56 360.56 360.56 360.56 360.56 360.56 360.56 360.56 360.56
 366.52 366.52 366.52 366.52 366.52 366.52 366.52 366.52 366.52 366.52 366.52 366.52 366.52 366.52 366.52 366.52 366.52 366.52 366.52 366.52 366.52 366.52 366.52 366.52
 365.18 364.76 366.52 366.52 366.52 366.52 366.52 366.52 366.52 366.52 366.52 364.84 367.30 368.07 367.30 365.82 366.52 366.52 365.93 366.52 364.81 363.10 364.61 365.65
 366.60 362.58 362.08 363.40 370.11 371.90 362.84 362.58 368.43 370.58 363.15 363.15 364.58 366.02 365.57 365.12 364.37 365.33 365.33 365.13 364.50 363.10 364.92 365.28
 365.15 362.81 361.59 361.59 371.90 371.90 362.84 362.58 368.43 370.58 367.82 363.15 365.23 365.88 365.63 365.63 363.62 364.29 364.95 364.94 364.94 364.87 364.87 365.24
 365.71 364.26 361.59 361.76 371.90 371.90 362.84 363.44 364.30 366.45 365.06 365.14 365.23 365.73 365.73 365.63 363.62 365.85 365.85 365.39 365.12 364.95 364.95 365.52
 365.71 364.16 361.94 362.11 362.11 371.90 362.84 364.26 365.09 365.87 365.47 363.80 363.46 364.03 364.03 364.83 361.66 365.85 365.85 365.12 365.12 365.12 364.95 362.12
 362.12 362.51 362.11 362.11 362.11 361.65 361.90 363.42 363.78 364.05 363.21 361.12 361.12 365.02 365.02 361.47 359.70 359.70 365.85 365.12 365.12 364.12 362.12 362.12
 362.51 362.51 362.51 362.11 361.65 361.20 361.20 362.22 362.22 362.22 362.22 361.14 361.44 363.23 362.65 359.70 359.70 359.70 359.70 361.35 365.12 363.79 362.12 362.12
 360.85 360.85 360.85 360.97 361.20 361.20 361.20 361.01 360.82 360.82 361.02 360.85 361.14 362.19 361.35 359.70 359.70 359.70 361.35 361.35 361.53 361.56 361.49 361.49
 360.85 360.85 361.00 360.97 360.99 361.20 361.09 360.86 360.93 361.11 361.40 361.12 361.04 360.86 360.86 360.86 360.28 361.11 361.35 361.35 361.71 361.59 360.86 360.86
 360.86 360.94 361.03 360.97 361.00 360.93 360.86 360.86 360.86 360.86 361.13 360.86 360.86 360.86 360.86 360.86 360.86 360.86 360.93 361.00 362.07 361.47 360.86 360.86
 360.86 360.86 360.86 360.86 360.86 360.86 360.86 360.86 360.86 360.86 360.86 360.86 360.86 360.86 360.86 360.86 360.86 360.86 360.86 360.86 360.86 360.86 360.86 360.86
 360.07 360.07 360.07 360.07 360.07 360.07 360.07 360.07 360.07 360.07 360.07 360.07 360.07 360.07 360.07 360.07 360.07 360.07 360.07 360.07 360.07 360.07 360.07 360.07
 358.93 359.48 360.07 360.07 360.07 360.07 360.07 360.07 360.07 360.07 360.07 358.41 359.90 359.72 359.90 359.47 360.07 360.07 357.88 360.07 359.55 359.02 359.07 359.69
 363.03 359.44 358.46 358.67 367.16 370.70 358.78 356.79 364.01 370.42 356.74 356.74 356.74 359.72 358.86 358.86 360.07 355.68 355.68 359.50 360.35 359.02 359.68 358.69
 359.71 360.22 357.48 357.48 370.70 370.70 358.78 356.79 364.01 370.42 367.30 356.74 362.50 363.78 359.63 359.63 361.28 360.65 360.03 363.33 363.33 361.29 361.29 360.21
 363.17 361.70 357.48 359.04 370.70 370.70 358.78 360.40 364.02 365.63 364.18 363.34 362.50 363.78 363.78 359.63 361.28 363.69 363.69 363.51 362.55 361.94 361.94 362.86
 363.17 363.04 360.59 362.15 362.15 370.70 358.78 362.19 363.97 363.91 364.05 363.03 362.97 364.64 364.64 362.13 361.00 363.69 363.69 362.55 362.55 362.55 361.94 362.84
 362.84 364.24 362.15 362.15 362.15 361.82 360.70 361.63 362.21 362.20 362.12 361.77 361.77 364.52 364.52 361.99 360.73 360.73 363.69 362.55 362.55 362.65 362.84 362.84
 364.24 364.24 364.24 362.15 361.82 361.50 361.50 360.48 360.48 360.48 360.48 361.38 361.55 363.03 362.76 360.73 360.73 360.73 360.73 361.40 362.55 362.68 362.84 362.84
 361.52 361.52 361.52 361.30 361.50 361.50 361.50 361.35 361.21 361.21 361.29 361.20 361.38 362.20 361.71 360.73 360.73 360.73 361.40 361.40 361.57 361.62 362.06 362.18
 361.40 361.52 361.26 361.30 361.31 361.50 361.39 361.16 361.23 361.33 361.45 361.32 361.29 361.16 361.16 361.16 360.94 361.28 361.40 361.40 361.74 361.67 361.16 361.16
 361.16 361.19 361.22 361.25 361.31 361.23 361.16 361.16 361.16 361.16 361.30 361.16 361.16 361.16 361.16 361.16 361.16 361.16 361.32 361.48 362.07 361.61 361.16 361.16
 361.16 361.16 361.16 361.16 361.16 361.16 361.16 361.16 361.16 361.16 361.16 361.16 361.16 361.16 361.16 361.16 361.16 361.16 361.16 361.16 361.16 361.16 361.16 361.16
 353.92 353.92 353.92 353.92 353.92 353.92 353.92 353.92 353.92 353.92 353.92 353.92 353.92 353.92 353.92 353.92 353.92 353.92 353.92 353.92 353.92 353.92 353.92 353.92
 354.20 356.49 353.92 353.92 353.92 353.92 353.92 353.92 353.92 353.92 353.92 353.19 353.65 353.38 353.65 354.49 353.92 353.92 353.06 353.92 354.77 355.63 354.18 355.84
 366.18 361.36 358.70 356.22 363.64 368.50 358.39 355.18 357.68 366.09 352.45 352.45 352.45 353.38 355.06 355.06 357.37 352.21 352.21 356.14 356.65 355.63 355.39 355.06
 358.74 360.23 356.04 356.04 368.50 368.50 358.39 355.18 357.68 366.09 363.71 352.45 360.03 361.87 356.95 356.95 359.67 357.65 355.64 360.06 360.06 356.93 356.93 357.49
 360.39 360.31 356.04 358.04 368.50 368.50 358.39 358.99 362.79 363.00 361.33 360.68 360.03 361.87 361.87 356.95 359.67 360.54 360.54 360.30 359.73 360.89 360.89 360.51
 360.39 361.54 360.03 362.03 362.03 368.50 358.39 360.64 362.30 361.80 361.56 361.28 360.96 362.79 362.79 356.95 360.31 360.54 360.54 359.73 359.73 359.73 360.89 362.74
 362.74 363.92 362.03 362.03 362.03 361.96 360.75 361.59 362.09 361.93 361.86 361.89 361.89 363.71 363.71 361.86 360.94 360.94 360.54 359.73 359.73 360.73 362.74 362.74
 363.92 363.92 363.92 362.03 361.96 361.90 361.90 362.05 362.05 362.05 362.05 361.82 361.96 362.83 362.49 360.94 360.94 360.94 360.94 361.71 359.73 361.07 362.74 362.74
 361.80 361.80 361.80 361.39 361.90 361.90 361.90 361.77 361.63 361.63 361.60 361.67 361.82 362.33 361.81 360.94 360.94 360.94 361.71 361.71 361.81 361.83 362.16 362.27
 361.69 361.80 361.48 361.39 361.61 361.90 361.76 361.48 361.56 361.57 361.50 361.59 361.63 361.48 361.48 361.48 361.21 361.59 361.71 361.71 361.91 361.85 361.48 361.48
 361.48 361.52 361.57 361.56 361.82 361.65 361.48 361.48 361.48 361.48 361.49 361.48 361.48 361.48 361.48 361.48 361.48 361.48 361.67 361.87 362.11 361.79 361.48 361.48
 361.48 361.48 361.48 361.48 361.48 361.48 361.48 361.48 361.48 361.48 361.48 361.48 361.48 361.48 361.48 361.48 361.48 361.48 361.48 361.48 361.48 361.48 361.48 361.48
 355.57 355.57 355.57 355.57 355.57 355.57 355.57 355.57 355.57 355.57 355.57 355.57 355.57 355.57 355.57 355.57 355.57 355.57 355.57 355.57 355.57 355.57 355.57 355.57
 356.00 357.75 355.57 355.57 355.57 355.57 355.57 355.57 355.57 355.57 355.57 355.70 356.17 356.77 356.17 356.26 355.57 355.57 357.47 355.57 356.00 356.43 355.56 356.93
 364.27 361.69 360.37 358.33 361.86 365.00 360.73 361.38 359.70 367.00 355.83 355.83 355.83 356.77 356.96 356.96 358.28 359.37 359.37 358.83 357.39 356.43 356.08 356.25
 359.31 363.41 359.04 359.04 365.00 365.00 360.73 361.38 359.70 367.00 363.62 355.83 358.59 359.94 361.72 361.72 359.60 360.60 361.60 358.28 358.28 356.43 356.43 357.79
 359.20 361.31 359.04 360.19 365.00 365.00 360.73 360.92 360.46 362.12 360.25 359.42 358.59 359.94 359.94 361.72 359.60 359.54 359.54 358.91 358.69 360.46 360.46 359.51
 359.20 361.06 361.34 362.49 362.49 365.00 360.73 360.76 360.61 360.75 360.50 360.78 361.17 362.88 362.88 362.30 360.17 359.54 359.54 358.69 358.69 358.69 360.46 362.72
 362.72 362.67 362.49 362.49 362.49 362.25 361.66 362.31 362.28 362.32 362.19 362.05 362.05 362.74 362.74 361.40 360.73 360.73 359.54 358.69 358.69 360.03 362.72 362.72
 362.67 362.67 362.67 362.49 362.25 362.00 362.00 363.90 363.90 363.90 363.90 361.90 362.17 362.46 361.98 360.73 360.73 360.73 360.73 361.72 358.69 360.48 362.72 362.72
 361.65 361.65 361.65 361.41 362.00 362.00 362.00 361.96 361.92 361.92 361.67 361.63 361.90 362.18 361.67 360.73 360.73 360.73 361.72 361.72 361.79 361.84 362.24 362.19
 361.70 361.65 361.64 361.41 361.84 362.00 361.93 361.80 361.80 361.69 361.47 361.55 361.75 361.80 361.80 361.80 361.27 361.76 361.72 361.72 361.86 361.88 361.80 361.80
 361.80 361.84 361.87 361.84 362.27 362.04 361.80 361.80 361.80 361.80 361.64 361.80 361.80 361.80 361.80 361.80 361.80 361.80 361.91 362.01 362.00 361.90 361.80 361.80
 361.80 361.80 361.80 361.80 361.80 361.80 361.80 361.80 361.80 361.80 361.80 361.80 361.80 361.80 361.80 361.80 361.80 361.80 361.80 361.80 361.80 361.80 361.80 361.80
 360.19 360.19 360.19 360.19 360.19 360.19 360.19 360.19 360.19 360.19 360.19 360.19 360.19 360.19 360.19 360.19 360.19 360.19 360.19 360.19 360.19 360.19 360.19 360.19
 361.31 363.45 360.19 360.19 360.19 360.19 360.19 360.19 360.19 360.19 360.19 360.78 360.93 361.68 360.93 361.08 360.19 360.19 363.27 360.19 360.25 360.32 360.17 361.37
 365.96 368.87 366.20 363.31 363.14 364.62 362.98 365.86 365.24 373.10 361.37 361.37 361.37 361.68 361.97 361.97 361.88 366.36 366.36 363.95 361.52 360.32 360.35 360.92
 362.69 373.61 363.54 363.54 364.62 364.62 362.98 365.86 365.24 373.10 367.53 361.37 360.97 360.52 365.49 365.49 361.79 366.03 370.27 361.54 361.54 359.96 359.96 361.20
 360.03 366.82 363.54 363.53 364.62 364.62 362.98 364.50 363.14 364.81 361.97 361.47 360.97 360.52 360.52 365.49 361.79 362.05 362.05 361.80 360.35 361.69 361.69 360.44
 360.03 363.23 363.52 363.51 363.51 364.62 362.98 363.30 362.10 361.05 361.51 361.94 362.12 362.70 362.70 364.10 361.46 362.05 362.05 360.35 360.35 360.35 361.69 363.49
 363.49 362.85 363.51 363.51 363.51 362.86 362.68 363.24 362.72 362.38 362.57 362.68 362.68 362.20 362.20 361.49 361.13 361.13 362.05 360.35 360.35 361.40 363.49 363.49
 362.85 362.85 362.85 363.51 362.86 362.20 362.20 363.70 363.70 363.70 363.70 362.11 362.43 362.31 361.88 361.13 361.13 361.13 361.13 361.53 360.35 361.75 363.49 363.49
 361.25 361.25 361.25 361.33 362.20 362.20 362.20 362.12 362.04 362.04 361.86 361.80 362.11 362.21 361.79 361.13 361.13 361.13 361.53 361.53 361.66 361.78 362.59 362.37
 361.47 361.25 361.66 361.33 361.88 362.20 362.11 361.92 361.95 361.89 361.75 361.77 361.94 361.92 361.92 361.92 361.52 361.72 361.53 361.53 361.80 361.90 361.92 361.92
 361.92 361.95 361.99 361.92 362.43 362.17 361.92 361.92 361.92 361.92 361.83 361.92 361.92 361.92 361.92 361.92 361.92 361.92 362.00 362.09 362.07 361.99 361.92 361.92
 361.92 361.92 361.92 361.92 361.92 361.92 361.92 361.92 361.92 361.92 361.92 361.92 361.92 361.92 361.92 361.92 361.92 361.92 361.92 361.92 361.92 361.92 361.92 361.92
 364.27 364.27 364.27 364.27 364.27 364.27 364.27 364.27 364.27 364.27 364.27 364.27 364.27 364.27 364.27 364.27 364.27 364.27 364.27 364.27 364.27 364.27 364.27 364.27
 365.55 370.54 364.27 364.27 364.27 364.27 364.27 364.27 364.27 364.27 364.27 364.50 365.24 366.22 365.24 364.77 364.27 364.27 367.38 364.27 364.13 363.99 364.24 366.40
 374.47 381.79 373.78 367.94 367.19 368.65 363.94 365.56 368.35 373.48 364.74 364.74 364.74 366.22 365.28 365.28 365.09 370.50 370.50 367.87 365.31 363.99 365.04 366.41
 365.10 380.31 365.76 365.76 368.65 368.65 363.94 365.56 368.35 373.48 368.42 364.74 363.83 362.63 365.13 365.13 364.89 368.27 371.64 365.24 365.24 364.48 364.48 365.03
 362.69 371.50 365.76 365.28 368.65 368.65 363.94 365.18 364.79 365.97 363.36 363.60 363.83 362.63 362.63 365.13 364.89 364.69 364.69 364.97 362.66 363.38 363.38 362.86
 362.69 365.61 364.80 364.32 364.32 368.65 363.94 364.35 363.52 362.25 362.81 363.13 363.06 362.30 362.30 363.72 363.34 364.69 364.69 362.66 362.66 362.66 363.38 363.83
 363.83 362.65 364.32 364.32 364.32 363.21 363.08 363.70 363.28 362.86 363.04 363.05 363.05 362.42 362.42 361.99 361.78 361.78 364.69 362.66 362.66 363.05 363.83 363.83
 362.65 362.65 362.65 364.32 363.21 362.10 362.10 363.46 363.46 363.46 363.46 362.52 362.98 362.70 362.30 361.78 361.78 361.78 361.78 362.28 362.66 363.18 363.83 363.83
 361.59 361.59 361.59 361.49 362.10 362.10 362.10 362.04 361.98 361.98 361.98 362.07 362.52 362.61 362.17 361.78 361.78 361.78 361.89 362.01 362.20 362.17 362.84 362.71
 361.72 361.59 361.75 361.49 361.97 362.10 362.06 361.97 361.96 361.94 361.89 361.98 362.16 361.97 361.97 361.97 361.88 361.97 362.00 362.01 362.20 362.14 361.97 361.97
 361.97 362.00 362.02 361.98 362.45 362.21 361.97 361.97 361.97 361.97 361.93 361.97 361.97 361.97 361.97 361.97 361.97 361.97 361.99 362.01 362.20 362.09 361.97 361.97
 361.97 361.97 361.97 361.97 361.97 361.97 361.97 361.97 361.97 361.97 361.97 361.97 361.97 361.97 361.97 361.97 361.97 361.97 361.97 361.97 361.97 361.97 361.97 361.97
 366.77 366.77 366.77 366.77 366.77 366.77 366.77 366.77 366.77 366.77 366.77 366.77 366.77 366.77 366.77 366.77 366.77 366.77 366.77 366.77 366.77 366.77 366.77 366.77
 368.93 373.31 366.77 366.77 366.77 366.77 366.77 366.77 366.77 366.77 366.77 367.04 367.24 367.71 367.24 366.48 366.77 366.77 368.82 366.77 366.67 366.56 366.97 368.71
 374.46 384.22 375.80 369.98 369.34 370.62 364.78 367.01 369.83 374.14 367.30 367.30 367.30 367.71 366.19 366.19 366.36 370.87 370.87 368.49 366.95 366.56 367.49 368.41
 366.57 378.36 367.38 367.38 370.62 370.62 364.78 367.01 369.83 374.14 369.65 367.30 365.81 364.81 365.26 365.26 366.53 368.47 370.41 366.10 366.10 367.10 367.10 366.96
 364.71 371.53 367.38 366.47 370.62 370.62 364.78 367.03 367.05 367.59 365.16 365.49 365.81 364.81 364.81 365.26 366.53 367.05 367.05 366.58 364.05 364.93 364.93 364.76
 364.71 368.12 365.56 364.65 364.65 370.62 364.78 366.27 365.52 363.99 364.58 364.48 364.59 364.67 364.67 364.97 364.22 367.05 367.05 364.05 364.05 364.05 364.93 363.35
 363.35 363.19 364.65 364.65 364.65 363.38 363.42 364.92 364.50 363.99 363.95 363.27 363.27 363.97 364.32 361.91 361.91 361.91 367.05 364.05 364.05 363.82 363.35 363.35
 362.47 361.58 363.12 364.65 363.38 362.10 362.10 363.98 363.98 363.98 363.98 362.40 362.77 362.77 362.34 361.91 361.91 361.91 361.91 363.00 364.05 363.74 363.35 363.35
 361.58 361.58 361.58 361.61 362.10 362.10 362.10 362.02 361.94 361.94 361.85 362.03 362.40 362.58 362.20 361.91 361.91 361.91 361.94 361.97 362.87 362.76 362.59 362.47
 361.70 361.58 361.85 361.61 362.00 362.10 362.05 361.95 361.89 361.76 361.58 361.80 362.05 361.95 361.95 361.95 361.93 361.95 361.97 361.97 362.87 362.64 361.95 361.95
 361.95 362.02 362.09 362.01 362.40 362.18 361.95 361.95 361.95 361.95 361.77 361.95 361.95 361.95 361.95 361.95 361.95 361.95 361.96 361.97 362.87 362.41 361.95 361.95
 361.95 361.95 361.95 361.95 361.95 361.95 361.95 361.95 361.95 361.95 361.95 361.95 361.95 361.95 361.95 361.95 361.95 361.95 361.95 361.95 361.95 361.95 361.95 361.95
