1974 MONTHLY CO2 (PPMV)   24  12  LON/LAT (N-S/0-360E) IN 15 DEGREE RESOLUTION,  GLB ANNUAL MEAN = 331.41,  GROWTH RATE = 0.99,  MISS DATA = -99.99
 338.44 338.44 338.44 338.44 338.44 338.44 338.44 338.44 338.44 338.44 338.44 338.44 338.44 338.44 338.44 338.44 338.44 338.44 338.44 338.44 338.44 338.44 338.44 338.44
 342.44 342.44 342.44 342.44 342.44 342.44 340.69 337.18 337.18 337.18 337.18 337.18 337.18 337.18 337.18 337.18 332.24 332.24 332.13 332.13 336.71 342.44 342.44 342.44
 342.44 342.44 342.44 342.44 342.44 342.44 342.44 338.93 337.18 337.18 337.18 337.18 337.18 337.18 337.18 332.24 332.24 332.24 332.13 332.13 335.57 342.44 342.44 342.44
 342.44 342.44 342.44 342.44 342.44 342.44 342.44 329.35 329.35 329.35 329.35 329.35 329.35 329.35 330.31 332.24 332.24 332.24 332.13 332.13 332.13 337.29 342.44 342.44
 342.44 342.44 342.44 342.44 342.44 337.73 328.83 329.35 329.35 329.35 329.35 329.35 329.35 329.35 329.35 331.27 332.24 332.13 332.13 332.13 332.13 332.13 339.01 342.44
 342.44 342.44 342.44 337.73 328.30 328.30 328.30 330.03 330.60 330.59 330.58 330.54 330.47 330.33 330.33 330.33 332.24 332.13 332.13 332.13 332.13 332.13 337.86 342.44
 342.44 337.73 328.30 328.30 328.30 328.30 328.30 329.46 330.61 330.61 330.61 330.61 330.61 330.47 330.40 330.37 332.24 332.13 332.13 332.13 332.13 330.85 328.30 335.37
 328.30 328.30 328.30 328.30 328.30 328.30 328.30 328.30 328.50 328.56 328.56 328.56 330.61 330.54 330.47 329.71 330.27 330.85 332.13 330.85 328.30 328.30 328.30 328.30
 328.30 328.30 328.30 328.30 328.30 328.30 328.30 328.30 328.43 328.56 328.56 328.56 328.56 328.56 328.43 328.30 328.30 328.30 328.30 328.30 328.30 328.30 328.30 328.30
 328.30 328.30 328.30 328.30 328.30 328.30 328.30 328.30 328.30 328.30 328.47 328.56 328.47 328.30 328.30 328.30 328.30 328.30 328.30 328.30 328.30 328.30 328.30 328.30
 328.30 328.30 328.30 328.30 328.30 328.30 328.30 328.30 328.30 328.30 328.30 328.30 328.30 328.30 328.30 328.30 328.30 328.30 328.30 328.30 328.30 328.30 328.30 328.30
 328.30 328.30 328.30 328.30 328.30 328.30 328.30 328.30 328.30 328.30 328.30 328.30 328.30 328.30 328.30 328.30 328.30 328.30 328.30 328.30 328.30 328.30 328.30 328.30
 339.37 339.37 339.37 339.37 339.37 339.37 339.37 339.37 339.37 339.37 339.37 339.37 339.37 339.37 339.37 339.37 339.37 339.37 339.37 339.37 339.37 339.37 339.37 339.37
 343.95 343.95 343.95 343.95 343.95 343.95 341.75 337.35 337.35 337.35 337.35 337.35 337.35 337.35 337.35 337.35 333.62 333.62 333.21 333.21 337.98 343.95 343.95 343.95
 343.95 343.95 343.95 343.95 343.95 343.95 343.95 339.55 337.35 337.35 337.35 337.35 337.35 337.35 337.35 333.62 333.62 333.62 333.21 333.21 336.79 343.95 343.95 343.95
 343.95 343.95 343.95 343.95 343.95 343.95 343.95 330.71 330.71 330.71 330.71 330.71 330.71 330.71 331.68 333.62 333.62 333.62 333.21 333.21 333.21 338.58 343.95 343.95
 343.95 343.95 343.95 343.95 343.95 338.66 329.39 330.71 330.71 330.71 330.71 330.71 330.71 330.71 330.71 332.65 333.62 333.21 333.21 333.21 333.21 333.21 340.37 343.95
 343.95 343.95 343.95 338.66 328.08 328.08 328.08 330.38 331.14 331.12 331.09 331.02 330.88 330.60 330.60 330.60 333.62 333.21 333.21 333.21 333.21 333.21 339.18 343.95
 343.95 338.66 328.08 328.08 328.08 328.08 328.08 329.62 331.16 331.16 331.16 331.16 331.16 330.88 330.74 330.67 333.62 333.21 333.21 333.21 333.21 331.50 328.08 336.01
 328.08 328.08 328.08 328.08 328.08 328.08 328.08 328.08 328.05 328.04 328.04 328.04 331.16 331.02 330.88 329.88 330.85 331.50 333.21 331.50 328.08 328.08 328.08 328.08
 328.08 328.08 328.08 328.08 328.08 328.08 328.08 328.08 328.06 328.04 328.04 328.04 328.04 328.04 328.06 328.08 328.08 328.08 328.08 328.08 328.08 328.08 328.08 328.08
 328.08 328.08 328.08 328.08 328.08 328.08 328.08 328.08 328.08 328.08 328.05 328.04 328.05 328.08 328.08 328.08 328.08 328.08 328.08 328.08 328.08 328.08 328.08 328.08
 328.08 328.08 328.08 328.08 328.08 328.08 328.08 328.08 328.08 328.08 328.08 328.08 328.08 328.08 328.08 328.08 328.08 328.08 328.08 328.08 328.08 328.08 328.08 328.08
 328.08 328.08 328.08 328.08 328.08 328.08 328.08 328.08 328.08 328.08 328.08 328.08 328.08 328.08 328.08 328.08 328.08 328.08 328.08 328.08 328.08 328.08 328.08 328.08
 339.92 339.92 339.92 339.92 339.92 339.92 339.92 339.92 339.92 339.92 339.92 339.92 339.92 339.92 339.92 339.92 339.92 339.92 339.92 339.92 339.92 339.92 339.92 339.92
 344.88 344.88 344.88 344.88 344.88 344.88 342.41 337.47 337.47 337.47 337.47 337.47 337.47 337.47 337.47 337.47 334.31 334.31 333.80 333.80 338.72 344.88 344.88 344.88
 344.88 344.88 344.88 344.88 344.88 344.88 344.88 339.94 337.47 337.47 337.47 337.47 337.47 337.47 337.47 334.31 334.31 334.31 333.80 333.80 337.49 344.88 344.88 344.88
 344.88 344.88 344.88 344.88 344.88 344.88 344.88 331.48 331.48 331.48 331.48 331.48 331.48 331.48 332.42 334.31 334.31 334.31 333.80 333.80 333.80 339.34 344.88 344.88
 344.88 344.88 344.88 344.88 344.88 339.28 329.78 331.48 331.48 331.48 331.48 331.48 331.48 331.48 331.48 333.36 334.31 333.80 333.80 333.80 333.80 333.80 341.19 344.88
 344.88 344.88 344.88 339.28 328.09 328.09 328.09 330.51 331.31 331.31 331.30 331.28 331.24 331.16 331.16 331.16 334.31 333.80 333.80 333.80 333.80 333.80 339.95 344.88
 344.88 339.28 328.09 328.09 328.09 328.09 328.09 329.70 331.32 331.32 331.32 331.32 331.32 331.24 331.20 331.18 334.31 333.80 333.80 333.80 333.80 331.90 328.09 336.48
 328.09 328.09 328.09 328.09 328.09 328.09 328.09 328.09 327.93 327.88 327.88 327.88 331.32 331.28 331.24 330.17 331.20 331.90 333.80 331.90 328.09 328.09 328.09 328.09
 328.09 328.09 328.09 328.09 328.09 328.09 328.09 328.09 327.99 327.88 327.88 327.88 327.88 327.88 327.99 328.09 328.09 328.09 328.09 328.09 328.09 328.09 328.09 328.09
 328.09 328.09 328.09 328.09 328.09 328.09 328.09 328.09 328.09 328.09 327.95 327.88 327.95 328.09 328.09 328.09 328.09 328.09 328.09 328.09 328.09 328.09 328.09 328.09
 328.09 328.09 328.09 328.09 328.09 328.09 328.09 328.09 328.09 328.09 328.09 328.09 328.09 328.09 328.09 328.09 328.09 328.09 328.09 328.09 328.09 328.09 328.09 328.09
 328.09 328.09 328.09 328.09 328.09 328.09 328.09 328.09 328.09 328.09 328.09 328.09 328.09 328.09 328.09 328.09 328.09 328.09 328.09 328.09 328.09 328.09 328.09 328.09
 337.67 337.67 337.67 337.67 337.67 337.67 337.67 337.67 337.67 337.67 337.67 337.67 337.67 337.67 337.67 337.67 337.67 337.67 337.67 337.67 337.67 337.67 337.67 337.67
 339.14 339.14 339.14 339.14 339.14 339.14 338.51 337.26 337.26 337.26 337.26 337.26 337.26 337.26 337.26 337.26 335.23 335.23 335.33 335.33 337.02 339.14 339.14 339.14
 339.14 339.14 339.14 339.14 339.14 339.14 339.14 337.89 337.26 337.26 337.26 337.26 337.26 337.26 337.26 335.23 335.23 335.23 335.33 335.33 336.60 339.14 339.14 339.14
 339.14 339.14 339.14 339.14 339.14 339.14 339.14 332.65 332.65 332.65 332.65 332.65 332.65 332.65 333.51 335.23 335.23 335.23 335.33 335.33 335.33 337.24 339.14 339.14
 339.14 339.14 339.14 339.14 339.14 335.39 330.27 332.65 332.65 332.65 332.65 332.65 332.65 332.65 332.65 334.37 335.23 335.33 335.33 335.33 335.33 335.33 337.87 339.14
 339.14 339.14 339.14 335.39 327.90 327.90 327.90 330.30 331.12 331.18 331.28 331.50 331.92 332.77 332.77 332.77 335.23 335.33 335.33 335.33 335.33 335.33 337.45 339.14
 339.14 335.39 327.90 327.90 327.90 327.90 327.90 329.49 331.07 331.07 331.07 331.07 331.07 331.92 332.34 332.56 335.23 335.33 335.33 335.33 335.33 332.85 327.90 333.52
 327.90 327.90 327.90 327.90 327.90 327.90 327.90 327.90 327.88 327.88 327.88 327.88 331.07 331.50 331.92 330.79 331.56 332.85 335.33 332.85 327.90 327.90 327.90 327.90
 327.90 327.90 327.90 327.90 327.90 327.90 327.90 327.90 327.89 327.88 327.88 327.88 327.88 327.88 327.89 327.90 327.90 327.90 327.90 327.90 327.90 327.90 327.90 327.90
 327.90 327.90 327.90 327.90 327.90 327.90 327.90 327.90 327.90 327.90 327.89 327.88 327.89 327.90 327.90 327.90 327.90 327.90 327.90 327.90 327.90 327.90 327.90 327.90
 327.90 327.90 327.90 327.90 327.90 327.90 327.90 327.90 327.90 327.90 327.90 327.90 327.90 327.90 327.90 327.90 327.90 327.90 327.90 327.90 327.90 327.90 327.90 327.90
 327.90 327.90 327.90 327.90 327.90 327.90 327.90 327.90 327.90 327.90 327.90 327.90 327.90 327.90 327.90 327.90 327.90 327.90 327.90 327.90 327.90 327.90 327.90 327.90
 336.67 336.67 336.67 336.67 336.67 336.67 336.67 336.67 336.67 336.67 336.67 336.67 336.67 336.67 336.67 336.67 336.67 336.67 336.67 336.67 336.67 336.67 336.67 336.67
 336.23 336.23 336.23 336.23 336.23 336.23 336.75 337.78 337.78 337.78 337.78 337.78 337.78 337.78 337.78 337.78 335.12 335.12 335.47 335.47 335.81 336.23 336.23 336.23
 336.23 336.23 336.23 336.23 336.23 336.23 336.23 337.26 337.78 337.78 337.78 337.78 337.78 337.78 337.78 335.12 335.12 335.12 335.47 335.47 335.72 336.23 336.23 336.23
 336.23 336.23 336.23 336.23 336.23 336.23 336.23 333.12 333.12 333.12 333.12 333.12 333.12 333.12 333.79 335.12 335.12 335.12 335.47 335.47 335.47 335.85 336.23 336.23
 336.23 336.23 336.23 336.23 336.23 333.49 330.57 333.12 333.12 333.12 333.12 333.12 333.12 333.12 333.12 334.45 335.12 335.47 335.47 335.47 335.47 335.47 335.98 336.23
 336.23 336.23 336.23 333.49 328.01 328.01 328.01 330.52 331.35 331.32 331.27 331.17 330.97 330.57 330.57 330.57 335.12 335.47 335.47 335.47 335.47 335.47 335.89 336.23
 336.23 333.49 328.01 328.01 328.01 328.01 328.01 329.69 331.37 331.37 331.37 331.37 331.37 330.97 330.77 330.67 335.12 335.47 335.47 335.47 335.47 332.98 328.01 332.12
 328.01 328.01 328.01 328.01 328.01 328.01 328.01 328.01 328.32 328.42 328.42 328.42 331.37 331.17 330.97 329.88 331.56 332.98 335.47 332.98 328.01 328.01 328.01 328.01
 328.01 328.01 328.01 328.01 328.01 328.01 328.01 328.01 328.22 328.42 328.42 328.42 328.42 328.42 328.22 328.01 328.01 328.01 328.01 328.01 328.01 328.01 328.01 328.01
 328.01 328.01 328.01 328.01 328.01 328.01 328.01 328.01 328.01 328.01 328.28 328.42 328.28 328.01 328.01 328.01 328.01 328.01 328.01 328.01 328.01 328.01 328.01 328.01
 328.01 328.01 328.01 328.01 328.01 328.01 328.01 328.01 328.01 328.01 328.01 328.01 328.01 328.01 328.01 328.01 328.01 328.01 328.01 328.01 328.01 328.01 328.01 328.01
 328.01 328.01 328.01 328.01 328.01 328.01 328.01 328.01 328.01 328.01 328.01 328.01 328.01 328.01 328.01 328.01 328.01 328.01 328.01 328.01 328.01 328.01 328.01 328.01
 335.09 335.09 335.09 335.09 335.09 335.09 335.09 335.09 335.09 335.09 335.09 335.09 335.09 335.09 335.09 335.09 335.09 335.09 335.09 335.09 335.09 335.09 335.09 335.09
 333.82 333.82 333.82 333.82 333.82 333.82 334.92 337.10 337.10 337.10 337.10 337.10 337.10 337.10 337.10 337.10 333.04 333.04 334.20 334.20 334.03 333.82 333.82 333.82
 333.82 333.82 333.82 333.82 333.82 333.82 333.82 336.01 337.10 337.10 337.10 337.10 337.10 337.10 337.10 333.04 333.04 333.04 334.20 334.20 334.07 333.82 333.82 333.82
 333.82 333.82 333.82 333.82 333.82 333.82 333.82 332.15 332.15 332.15 332.15 332.15 332.15 332.15 332.45 333.04 333.04 333.04 334.20 334.20 334.20 334.01 333.82 333.82
 333.82 333.82 333.82 333.82 333.82 331.84 330.02 332.15 332.15 332.15 332.15 332.15 332.15 332.15 332.15 332.74 333.04 334.20 334.20 334.20 334.20 334.20 333.95 333.82
 333.82 333.82 333.82 331.84 327.88 327.88 327.88 330.32 331.12 331.10 331.06 330.98 330.82 330.51 330.51 330.51 333.04 334.20 334.20 334.20 334.20 334.20 333.99 333.82
 333.82 331.84 327.88 327.88 327.88 327.88 327.88 329.51 331.14 331.14 331.14 331.14 331.14 330.82 330.67 330.59 333.04 334.20 334.20 334.20 334.20 332.09 327.88 330.85
 327.88 327.88 327.88 327.88 327.88 327.88 327.88 327.88 328.37 328.53 328.53 328.53 331.14 330.98 330.82 329.76 330.46 332.09 334.20 332.09 327.88 327.88 327.88 327.88
 327.88 327.88 327.88 327.88 327.88 327.88 327.88 327.88 328.20 328.53 328.53 328.53 328.53 328.53 328.20 327.88 327.88 327.88 327.88 327.88 327.88 327.88 327.88 327.88
 327.88 327.88 327.88 327.88 327.88 327.88 327.88 327.88 327.88 327.88 328.31 328.53 328.31 327.88 327.88 327.88 327.88 327.88 327.88 327.88 327.88 327.88 327.88 327.88
 327.88 327.88 327.88 327.88 327.88 327.88 327.88 327.88 327.88 327.88 327.88 327.88 327.88 327.88 327.88 327.88 327.88 327.88 327.88 327.88 327.88 327.88 327.88 327.88
 327.88 327.88 327.88 327.88 327.88 327.88 327.88 327.88 327.88 327.88 327.88 327.88 327.88 327.88 327.88 327.88 327.88 327.88 327.88 327.88 327.88 327.88 327.88 327.88
 331.20 331.20 331.20 331.20 331.20 331.20 331.20 331.20 331.20 331.20 331.20 331.20 331.20 331.20 331.20 331.20 331.20 331.20 331.20 331.20 331.20 331.20 331.20 331.20
 331.62 331.62 331.62 331.62 331.62 331.62 331.32 330.71 330.71 330.71 330.71 330.71 330.71 330.71 330.71 330.71 330.09 330.09 332.21 332.21 331.95 331.62 331.62 331.62
 331.62 331.62 331.62 331.62 331.62 331.62 331.62 331.01 330.71 330.71 330.71 330.71 330.71 330.71 330.71 330.09 330.09 330.09 332.21 332.21 332.01 331.62 331.62 331.62
 331.62 331.62 331.62 331.62 331.62 331.62 331.62 331.09 331.09 331.09 331.09 331.09 331.09 331.09 330.75 330.09 330.09 330.09 332.21 332.21 332.21 331.92 331.62 331.62
 331.62 331.62 331.62 331.62 331.62 330.57 329.77 331.09 331.09 331.09 331.09 331.09 331.09 331.09 331.09 330.42 330.09 332.21 332.21 332.21 332.21 332.21 331.82 331.62
 331.62 331.62 331.62 330.57 328.46 328.46 328.46 330.00 330.51 330.51 330.49 330.46 330.40 330.29 330.29 330.29 330.09 332.21 332.21 332.21 332.21 332.21 331.88 331.62
 331.62 330.57 328.46 328.46 328.46 328.46 328.46 329.49 330.52 330.52 330.52 330.52 330.52 330.40 330.35 330.32 330.09 332.21 332.21 332.21 332.21 330.96 328.46 330.04
 328.46 328.46 328.46 328.46 328.46 328.46 328.46 328.46 328.89 329.04 329.04 329.04 330.52 330.46 330.40 329.73 329.27 330.96 332.21 330.96 328.46 328.46 328.46 328.46
 328.46 328.46 328.46 328.46 328.46 328.46 328.46 328.46 328.75 329.04 329.04 329.04 329.04 329.04 328.75 328.46 328.46 328.46 328.46 328.46 328.46 328.46 328.46 328.46
 328.46 328.46 328.46 328.46 328.46 328.46 328.46 328.46 328.46 328.46 328.85 329.04 328.85 328.46 328.46 328.46 328.46 328.46 328.46 328.46 328.46 328.46 328.46 328.46
 328.46 328.46 328.46 328.46 328.46 328.46 328.46 328.46 328.46 328.46 328.46 328.46 328.46 328.46 328.46 328.46 328.46 328.46 328.46 328.46 328.46 328.46 328.46 328.46
 328.46 328.46 328.46 328.46 328.46 328.46 328.46 328.46 328.46 328.46 328.46 328.46 328.46 328.46 328.46 328.46 328.46 328.46 328.46 328.46 328.46 328.46 328.46 328.46
 327.56 327.56 327.56 327.56 327.56 327.56 327.56 327.56 327.56 327.56 327.56 327.56 327.56 327.56 327.56 327.56 327.56 327.56 327.56 327.56 327.56 327.56 327.56 327.56
 330.69 330.69 330.69 330.69 330.69 330.69 328.33 323.62 323.62 323.62 323.62 323.62 323.62 323.62 323.62 323.62 326.66 326.66 330.57 330.57 330.62 330.69 330.69 330.69
 330.69 330.69 330.69 330.69 330.69 330.69 330.69 325.98 323.62 323.62 323.62 323.62 323.62 323.62 323.62 326.66 326.66 326.66 330.57 330.57 330.61 330.69 330.69 330.69
 330.69 330.69 330.69 330.69 330.69 330.69 330.69 329.28 329.28 329.28 329.28 329.28 329.28 329.28 328.41 326.66 326.66 326.66 330.57 330.57 330.57 330.63 330.69 330.69
 330.69 330.69 330.69 330.69 330.69 330.02 328.98 329.28 329.28 329.28 329.28 329.28 329.28 329.28 329.28 327.53 326.66 330.57 330.57 330.57 330.57 330.57 330.65 330.69
 330.69 330.69 330.69 330.02 328.68 328.68 328.68 330.13 330.60 330.58 330.54 330.46 330.31 329.99 329.99 329.99 326.66 330.57 330.57 330.57 330.57 330.57 330.64 330.69
 330.69 330.02 328.68 328.68 328.68 328.68 328.68 329.65 330.62 330.62 330.62 330.62 330.62 330.31 330.15 330.07 326.66 330.57 330.57 330.57 330.57 329.94 328.68 329.69
 328.68 328.68 328.68 328.68 328.68 328.68 328.68 328.68 329.19 329.36 329.36 329.36 330.62 330.46 330.31 329.68 327.67 329.94 330.57 329.94 328.68 328.68 328.68 328.68
 328.68 328.68 328.68 328.68 328.68 328.68 328.68 328.68 329.02 329.36 329.36 329.36 329.36 329.36 329.02 328.68 328.68 328.68 328.68 328.68 328.68 328.68 328.68 328.68
 328.68 328.68 328.68 328.68 328.68 328.68 328.68 328.68 328.68 328.68 329.13 329.36 329.13 328.68 328.68 328.68 328.68 328.68 328.68 328.68 328.68 328.68 328.68 328.68
 328.68 328.68 328.68 328.68 328.68 328.68 328.68 328.68 328.68 328.68 328.68 328.68 328.68 328.68 328.68 328.68 328.68 328.68 328.68 328.68 328.68 328.68 328.68 328.68
 328.68 328.68 328.68 328.68 328.68 328.68 328.68 328.68 328.68 328.68 328.68 328.68 328.68 328.68 328.68 328.68 328.68 328.68 328.68 328.68 328.68 328.68 328.68 328.68
 328.26 328.26 328.26 328.26 328.26 328.26 328.26 328.26 328.26 328.26 328.26 328.26 328.26 328.26 328.26 328.26 328.26 328.26 328.26 328.26 328.26 328.26 328.26 328.26
 331.93 331.93 331.93 331.93 331.93 331.93 329.44 324.46 324.46 324.46 324.46 324.46 324.46 324.46 324.46 324.46 326.29 326.29 329.41 329.41 330.53 331.93 331.93 331.93
 331.93 331.93 331.93 331.93 331.93 331.93 331.93 326.95 324.46 324.46 324.46 324.46 324.46 324.46 324.46 326.29 326.29 326.29 329.41 329.41 330.25 331.93 331.93 331.93
 331.93 331.93 331.93 331.93 331.93 331.93 331.93 327.43 327.43 327.43 327.43 327.43 327.43 327.43 327.05 326.29 326.29 326.29 329.41 329.41 329.41 330.67 331.93 331.93
 331.93 331.93 331.93 331.93 331.93 330.94 328.18 327.43 327.43 327.43 327.43 327.43 327.43 327.43 327.43 326.67 326.29 329.41 329.41 329.41 329.41 329.41 331.09 331.93
 331.93 331.93 331.93 330.94 328.94 328.94 328.94 330.29 330.72 330.68 330.59 330.40 330.04 329.31 329.31 329.31 326.29 329.41 329.41 329.41 329.41 329.41 330.81 331.93
 331.93 330.94 328.94 328.94 328.94 328.94 328.94 329.86 330.77 330.77 330.77 330.77 330.77 330.04 329.67 329.49 326.29 329.41 329.41 329.41 329.41 329.25 328.94 330.44
 328.94 328.94 328.94 328.94 328.94 328.94 328.94 328.94 329.37 329.51 329.51 329.51 330.77 330.40 330.04 329.49 327.62 329.25 329.41 329.25 328.94 328.94 328.94 328.94
 328.94 328.94 328.94 328.94 328.94 328.94 328.94 328.94 329.23 329.51 329.51 329.51 329.51 329.51 329.23 328.94 328.94 328.94 328.94 328.94 328.94 328.94 328.94 328.94
 328.94 328.94 328.94 328.94 328.94 328.94 328.94 328.94 328.94 328.94 329.32 329.51 329.32 328.94 328.94 328.94 328.94 328.94 328.94 328.94 328.94 328.94 328.94 328.94
 328.94 328.94 328.94 328.94 328.94 328.94 328.94 328.94 328.94 328.94 328.94 328.94 328.94 328.94 328.94 328.94 328.94 328.94 328.94 328.94 328.94 328.94 328.94 328.94
 328.94 328.94 328.94 328.94 328.94 328.94 328.94 328.94 328.94 328.94 328.94 328.94 328.94 328.94 328.94 328.94 328.94 328.94 328.94 328.94 328.94 328.94 328.94 328.94
 332.10 332.10 332.10 332.10 332.10 332.10 332.10 332.10 332.10 332.10 332.10 332.10 332.10 332.10 332.10 332.10 332.10 332.10 332.10 332.10 332.10 332.10 332.10 332.10
 336.37 336.37 336.37 336.37 336.37 336.37 333.88 328.91 328.91 328.91 328.91 328.91 328.91 328.91 328.91 328.91 328.62 328.62 329.81 329.81 332.73 336.37 336.37 336.37
 336.37 336.37 336.37 336.37 336.37 336.37 336.37 331.40 328.91 328.91 328.91 328.91 328.91 328.91 328.91 328.62 328.62 328.62 329.81 329.81 332.00 336.37 336.37 336.37
 336.37 336.37 336.37 336.37 336.37 336.37 336.37 327.28 327.28 327.28 327.28 327.28 327.28 327.28 327.73 328.62 328.62 328.62 329.81 329.81 329.81 333.09 336.37 336.37
 336.37 336.37 336.37 336.37 336.37 333.93 328.16 327.28 327.28 327.28 327.28 327.28 327.28 327.28 327.28 328.18 328.62 329.81 329.81 329.81 329.81 329.81 334.18 336.37
 336.37 336.37 336.37 333.93 329.04 329.04 329.04 330.52 331.00 330.94 330.83 330.62 330.19 329.32 329.32 329.32 328.62 329.81 329.81 329.81 329.81 329.81 333.45 336.37
 336.37 333.93 329.04 329.04 329.04 329.04 329.04 330.05 331.05 331.05 331.05 331.05 331.05 330.19 329.75 329.54 328.62 329.81 329.81 329.81 329.81 329.55 329.04 332.71
 329.04 329.04 329.04 329.04 329.04 329.04 329.04 329.04 329.40 329.52 329.52 329.52 331.05 330.62 330.19 329.59 328.83 329.55 329.81 329.55 329.04 329.04 329.04 329.04
 329.04 329.04 329.04 329.04 329.04 329.04 329.04 329.04 329.28 329.52 329.52 329.52 329.52 329.52 329.28 329.04 329.04 329.04 329.04 329.04 329.04 329.04 329.04 329.04
 329.04 329.04 329.04 329.04 329.04 329.04 329.04 329.04 329.04 329.04 329.36 329.52 329.36 329.04 329.04 329.04 329.04 329.04 329.04 329.04 329.04 329.04 329.04 329.04
 329.04 329.04 329.04 329.04 329.04 329.04 329.04 329.04 329.04 329.04 329.04 329.04 329.04 329.04 329.04 329.04 329.04 329.04 329.04 329.04 329.04 329.04 329.04 329.04
 329.04 329.04 329.04 329.04 329.04 329.04 329.04 329.04 329.04 329.04 329.04 329.04 329.04 329.04 329.04 329.04 329.04 329.04 329.04 329.04 329.04 329.04 329.04 329.04
 335.97 335.97 335.97 335.97 335.97 335.97 335.97 335.97 335.97 335.97 335.97 335.97 335.97 335.97 335.97 335.97 335.97 335.97 335.97 335.97 335.97 335.97 335.97 335.97
 340.93 340.93 340.93 340.93 340.93 340.93 338.26 332.91 332.91 332.91 332.91 332.91 332.91 332.91 332.91 332.91 331.32 331.32 331.39 331.39 335.63 340.93 340.93 340.93
 340.93 340.93 340.93 340.93 340.93 340.93 340.93 335.58 332.91 332.91 332.91 332.91 332.91 332.91 332.91 331.32 331.32 331.32 331.39 331.39 334.57 340.93 340.93 340.93
 340.93 340.93 340.93 340.93 340.93 340.93 340.93 328.39 328.39 328.39 328.39 328.39 328.39 328.39 329.37 331.32 331.32 331.32 331.39 331.39 331.39 336.16 340.93 340.93
 340.93 340.93 340.93 340.93 340.93 336.99 328.76 328.39 328.39 328.39 328.39 328.39 328.39 328.39 328.39 330.34 331.32 331.39 331.39 331.39 331.39 331.39 337.75 340.93
 340.93 340.93 340.93 336.99 329.12 329.12 329.12 330.11 330.44 330.43 330.41 330.38 330.31 330.17 330.17 330.17 331.32 331.39 331.39 331.39 331.39 331.39 336.69 340.93
 340.93 336.99 329.12 329.12 329.12 329.12 329.12 329.78 330.45 330.45 330.45 330.45 330.45 330.31 330.24 330.21 331.32 331.39 331.39 331.39 331.39 330.63 329.12 335.02
 329.12 329.12 329.12 329.12 329.12 329.12 329.12 329.12 329.50 329.62 329.62 329.62 330.45 330.38 330.31 329.88 330.22 330.63 331.39 330.63 329.12 329.12 329.12 329.12
 329.12 329.12 329.12 329.12 329.12 329.12 329.12 329.12 329.37 329.62 329.62 329.62 329.62 329.62 329.37 329.12 329.12 329.12 329.12 329.12 329.12 329.12 329.12 329.12
 329.12 329.12 329.12 329.12 329.12 329.12 329.12 329.12 329.12 329.12 329.45 329.62 329.45 329.12 329.12 329.12 329.12 329.12 329.12 329.12 329.12 329.12 329.12 329.12
 329.12 329.12 329.12 329.12 329.12 329.12 329.12 329.12 329.12 329.12 329.12 329.12 329.12 329.12 329.12 329.12 329.12 329.12 329.12 329.12 329.12 329.12 329.12 329.12
 329.12 329.12 329.12 329.12 329.12 329.12 329.12 329.12 329.12 329.12 329.12 329.12 329.12 329.12 329.12 329.12 329.12 329.12 329.12 329.12 329.12 329.12 329.12 329.12
 335.73 335.73 335.73 335.73 335.73 335.73 335.73 335.73 335.73 335.73 335.73 335.73 335.73 335.73 335.73 335.73 335.73 335.73 335.73 335.73 335.73 335.73 335.73 335.73
 337.19 337.19 337.19 337.19 337.19 337.19 336.65 335.58 335.58 335.58 335.58 335.58 335.58 335.58 335.58 335.58 332.22 332.22 333.30 333.30 335.03 337.19 337.19 337.19
 337.19 337.19 337.19 337.19 337.19 337.19 337.19 336.12 335.58 335.58 335.58 335.58 335.58 335.58 335.58 332.22 332.22 332.22 333.30 333.30 334.60 337.19 337.19 337.19
 337.19 337.19 337.19 337.19 337.19 337.19 337.19 329.54 329.54 329.54 329.54 329.54 329.54 329.54 330.43 332.22 332.22 332.22 333.30 333.30 333.30 335.24 337.19 337.19
 337.19 337.19 337.19 337.19 337.19 334.46 329.26 329.54 329.54 329.54 329.54 329.54 329.54 329.54 329.54 331.33 332.22 333.30 333.30 333.30 333.30 333.30 335.89 337.19
 337.19 337.19 337.19 334.46 328.99 328.99 328.99 329.74 329.99 329.99 330.01 330.03 330.09 330.19 330.19 330.19 332.22 333.30 333.30 333.30 333.30 333.30 335.46 337.19
 337.19 334.46 328.99 328.99 328.99 328.99 328.99 329.49 329.98 329.98 329.98 329.98 329.98 330.09 330.14 330.16 332.22 333.30 333.30 333.30 333.30 331.86 328.99 333.09
 328.99 328.99 328.99 328.99 328.99 328.99 328.99 328.99 329.47 329.63 329.63 329.63 329.98 330.03 330.09 329.75 330.61 331.86 333.30 331.86 328.99 328.99 328.99 328.99
 328.99 328.99 328.99 328.99 328.99 328.99 328.99 328.99 329.31 329.63 329.63 329.63 329.63 329.63 329.31 328.99 328.99 328.99 328.99 328.99 328.99 328.99 328.99 328.99
 328.99 328.99 328.99 328.99 328.99 328.99 328.99 328.99 328.99 328.99 329.42 329.63 329.42 328.99 328.99 328.99 328.99 328.99 328.99 328.99 328.99 328.99 328.99 328.99
 328.99 328.99 328.99 328.99 328.99 328.99 328.99 328.99 328.99 328.99 328.99 328.99 328.99 328.99 328.99 328.99 328.99 328.99 328.99 328.99 328.99 328.99 328.99 328.99
 328.99 328.99 328.99 328.99 328.99 328.99 328.99 328.99 328.99 328.99 328.99 328.99 328.99 328.99 328.99 328.99 328.99 328.99 328.99 328.99 328.99 328.99 328.99 328.99
