1991 MONTHLY CO2 (PPMV)   24  12  LON/LAT (N-S/0-360E) IN 15 DEGREE RESOLUTION,  GLB ANNUAL MEAN = 355.77,  GROWTH RATE = 1.24,  MISS DATA = -99.99
 361.95 361.95 361.95 361.95 361.95 361.95 361.95 361.95 361.95 361.95 361.95 361.95 361.95 361.95 361.95 361.95 361.95 361.95 361.95 361.95 361.95 361.95 361.95 361.95
 359.33 361.06 361.90 361.92 361.95 361.95 361.95 361.95 361.95 361.95 361.95 361.27 361.69 361.43 361.69 360.55 361.95 361.95 361.95 361.95 361.95 361.95 361.95 360.84
 360.15 360.15 361.90 362.97 364.02 361.30 356.70 359.91 361.77 370.40 360.60 360.60 360.01 359.42 359.28 359.15 358.22 359.15 358.78 357.51 359.74 359.64 357.99 358.78
 357.40 357.40 361.11 364.02 364.02 361.30 356.70 359.24 361.77 370.40 370.40 360.60 357.23 357.36 358.78 358.78 357.29 357.29 356.89 357.51 359.74 358.87 357.99 357.55
 357.40 357.40 358.32 360.70 364.02 361.30 356.70 359.23 361.77 363.34 361.81 357.23 357.23 355.30 355.30 358.78 357.29 356.26 356.26 356.89 357.93 355.80 355.80 355.80
 354.78 355.00 354.06 354.06 357.38 361.30 356.70 356.28 356.28 356.28 356.28 355.76 355.48 355.15 355.15 356.96 357.29 356.26 356.26 356.12 356.12 356.12 355.80 353.47
 353.47 353.76 354.06 354.06 354.06 354.06 355.38 356.28 356.28 356.28 355.54 354.06 354.06 355.57 355.57 355.57 356.43 356.26 356.26 356.12 356.12 355.24 353.47 353.47
 353.47 353.77 354.06 354.06 354.06 354.06 353.55 352.40 352.40 352.40 352.57 353.08 354.11 354.84 355.21 355.39 354.71 354.94 356.26 354.85 356.12 354.94 353.47 353.47
 353.08 352.46 352.48 354.06 353.23 353.12 352.36 352.40 352.40 352.40 352.23 352.05 353.08 353.96 353.83 352.31 352.31 352.31 352.32 352.32 353.59 352.31 353.08 353.47
 352.31 352.44 352.48 352.79 353.23 353.00 352.31 352.31 352.37 352.40 352.25 352.05 352.48 352.31 352.31 352.31 352.31 352.31 352.32 352.32 352.32 352.31 352.31 352.31
 352.31 352.40 352.48 352.67 353.23 352.77 352.31 352.31 352.31 352.31 352.31 352.31 352.31 352.31 352.31 352.31 352.31 352.31 352.32 352.32 352.32 352.31 352.31 352.31
 352.31 352.31 352.31 352.31 352.31 352.31 352.31 352.31 352.31 352.31 352.31 352.31 352.31 352.31 352.31 352.31 352.31 352.31 352.31 352.31 352.31 352.31 352.31 352.31
 362.03 362.03 362.03 362.03 362.03 362.03 362.03 362.03 362.03 362.03 362.03 362.03 362.03 362.03 362.03 362.03 362.03 362.03 362.03 362.03 362.03 362.03 362.03 362.03
 360.76 366.48 361.20 361.61 362.03 362.03 362.03 362.03 362.03 362.03 362.03 361.49 361.84 361.65 361.84 362.03 362.03 362.03 362.03 362.03 362.03 362.03 362.03 362.46
 365.04 381.93 371.56 367.26 367.93 362.10 358.11 360.74 362.50 369.46 360.94 360.94 360.76 360.58 360.58 359.54 358.46 359.65 359.68 358.70 361.09 360.18 358.03 362.92
 360.80 371.37 370.29 367.93 367.93 362.10 358.11 360.31 362.50 369.46 369.46 360.94 358.69 358.38 359.54 359.54 358.46 358.46 358.30 358.70 361.09 359.56 358.03 360.11
 360.80 366.08 363.61 363.49 367.93 362.10 358.11 360.31 362.50 363.38 362.21 358.69 358.69 356.19 356.19 359.54 358.46 357.90 357.90 358.30 358.86 356.20 356.20 356.20
 355.97 357.68 354.60 354.60 359.04 362.10 358.11 357.31 357.31 357.31 357.31 356.70 356.29 355.66 355.66 357.60 358.46 357.90 357.90 356.62 356.62 356.62 356.20 353.55
 353.55 354.08 354.60 354.60 354.60 353.65 354.82 357.31 357.31 357.31 356.38 354.50 354.50 356.25 356.25 356.25 357.35 357.90 357.90 356.62 356.62 355.60 353.55 353.55
 353.55 354.08 354.60 354.60 353.65 352.70 352.70 352.48 352.26 352.26 352.64 353.49 354.88 355.56 355.91 356.08 355.21 356.00 357.90 355.16 356.62 355.26 353.55 353.55
 353.10 352.45 352.48 353.65 352.70 352.70 352.70 352.48 352.26 352.26 352.18 352.10 353.49 354.53 354.21 352.20 352.20 352.20 352.24 352.24 353.70 352.20 353.10 353.55
 352.20 352.41 352.48 352.48 352.54 352.70 352.53 352.20 352.24 352.26 352.18 352.10 352.59 352.20 352.20 352.20 352.20 352.20 352.23 352.24 352.23 352.20 352.20 352.20
 352.20 352.34 352.48 352.41 352.54 352.37 352.20 352.20 352.20 352.20 352.20 352.20 352.20 352.20 352.20 352.20 352.20 352.20 352.22 352.24 352.22 352.20 352.20 352.20
 352.20 352.20 352.20 352.20 352.20 352.20 352.20 352.20 352.20 352.20 352.20 352.20 352.20 352.20 352.20 352.20 352.20 352.20 352.20 352.20 352.20 352.20 352.20 352.20
 361.96 361.96 361.96 361.96 361.96 361.96 361.96 361.96 361.96 361.96 361.96 361.96 361.96 361.96 361.96 361.96 361.96 361.96 361.96 361.96 361.96 361.96 361.96 361.96
 361.33 368.26 366.10 364.03 361.96 361.96 361.96 361.96 361.96 361.96 361.96 362.08 361.97 361.98 361.97 361.74 361.96 361.96 361.96 361.96 361.96 361.96 361.96 362.49
 364.73 383.66 374.88 367.93 366.40 361.00 359.30 361.29 362.84 370.51 362.20 362.20 361.98 361.76 361.64 361.53 360.57 360.71 360.49 359.83 360.54 360.63 359.97 362.56
 360.40 372.03 371.11 366.40 366.40 361.00 359.30 361.07 362.84 370.51 370.51 362.20 359.00 359.63 360.11 360.11 359.61 359.61 359.70 359.83 359.83 359.97 359.97 360.29
 360.40 366.21 363.50 362.37 366.40 361.00 359.30 361.07 362.84 364.06 362.80 359.00 359.00 357.50 357.50 360.11 359.61 359.56 359.56 359.70 357.80 357.10 357.10 357.10
 355.45 357.41 354.31 354.31 358.34 361.00 359.30 357.62 357.62 357.62 357.62 356.85 356.47 356.08 356.08 358.09 359.61 359.56 359.56 357.80 357.80 357.80 357.10 352.98
 352.98 353.64 354.31 354.31 354.31 353.61 355.27 357.62 357.62 357.62 356.52 354.32 354.32 356.75 356.75 356.75 358.18 359.56 359.56 357.80 357.80 356.19 352.98 352.98
 352.98 353.64 354.31 354.31 353.61 352.90 352.90 352.60 352.29 352.29 352.64 353.43 354.72 355.74 356.24 356.50 355.65 357.13 359.56 355.98 357.80 355.66 352.98 352.98
 352.74 353.32 353.71 354.05 352.90 352.90 352.90 352.60 352.29 352.29 352.19 352.14 353.43 354.58 354.36 352.26 352.26 352.26 352.34 352.35 354.16 352.26 352.74 352.98
 352.26 352.92 353.37 354.05 353.09 352.90 352.69 352.26 352.26 352.22 352.14 352.14 352.61 352.26 352.26 352.26 352.26 352.26 352.33 352.35 352.33 352.26 352.26 352.26
 352.26 352.48 352.69 352.78 352.12 352.19 352.26 352.26 352.26 352.26 352.20 352.26 352.26 352.26 352.26 352.26 352.26 352.26 352.31 352.35 352.31 352.26 352.26 352.26
 352.26 352.26 352.26 352.26 352.26 352.26 352.26 352.26 352.26 352.26 352.26 352.26 352.26 352.26 352.26 352.26 352.26 352.26 352.26 352.26 352.26 352.26 352.26 352.26
 361.90 361.90 361.90 361.90 361.90 361.90 361.90 361.90 361.90 361.90 361.90 361.90 361.90 361.90 361.90 361.90 361.90 361.90 361.90 361.90 361.90 361.90 361.90 361.90
 361.06 365.11 362.70 362.30 361.90 361.90 361.90 361.90 361.90 361.90 361.90 362.72 361.95 362.00 361.95 361.69 361.90 361.90 361.90 361.90 361.90 361.90 361.90 361.10
 359.54 374.76 368.73 363.37 361.23 361.40 360.40 361.89 363.36 368.50 363.53 363.53 363.27 363.02 362.25 361.48 360.67 360.81 361.18 361.22 360.68 361.17 361.17 360.17
 360.80 367.78 365.91 361.23 361.23 361.40 360.40 361.88 363.36 368.50 368.50 363.53 360.36 360.90 359.66 359.66 359.85 359.85 360.43 361.22 360.68 360.93 361.17 360.89
 360.80 364.29 360.42 358.49 361.23 361.40 360.40 361.88 363.36 363.36 362.61 360.36 360.36 358.78 358.78 359.66 359.85 359.63 359.63 360.43 359.82 357.70 357.70 357.70
 355.32 356.35 353.01 353.01 355.75 361.40 360.40 358.22 358.22 358.22 358.22 357.32 356.88 356.49 356.49 358.08 359.85 359.63 359.63 358.96 358.96 358.96 357.70 352.58
 352.58 352.79 353.01 353.01 353.01 352.95 355.42 358.22 358.22 358.22 356.75 353.80 353.80 356.93 356.93 356.93 358.39 359.63 359.63 358.96 358.96 356.83 352.58 352.58
 352.58 352.79 353.01 353.01 352.95 352.90 352.90 352.74 352.58 352.58 352.70 353.05 353.83 355.38 356.15 356.54 355.81 357.25 359.63 356.83 358.96 356.12 352.58 352.58
 352.55 353.29 353.57 353.81 352.90 352.90 352.90 352.74 352.58 352.58 352.48 352.28 353.05 354.22 354.29 352.50 352.50 352.50 352.56 352.57 354.69 352.50 352.55 352.58
 352.50 353.00 353.33 353.81 353.09 352.90 352.77 352.50 352.55 352.57 352.57 352.42 352.66 352.50 352.50 352.50 352.50 352.50 352.55 352.57 352.55 352.50 352.50 352.50
 352.50 352.68 352.85 352.88 352.36 352.43 352.50 352.50 352.50 352.50 352.54 352.50 352.50 352.50 352.50 352.50 352.50 352.50 352.54 352.57 352.54 352.50 352.50 352.50
 352.50 352.50 352.50 352.50 352.50 352.50 352.50 352.50 352.50 352.50 352.50 352.50 352.50 352.50 352.50 352.50 352.50 352.50 352.50 352.50 352.50 352.50 352.50 352.50
 361.67 361.67 361.67 361.67 361.67 361.67 361.67 361.67 361.67 361.67 361.67 361.67 361.67 361.67 361.67 361.67 361.67 361.67 361.67 361.67 361.67 361.67 361.67 361.67
 360.62 362.92 360.70 361.18 361.67 361.67 361.67 361.67 361.67 361.67 361.67 362.43 361.79 361.92 361.79 361.82 361.67 361.67 361.67 361.67 361.67 361.67 361.67 360.37
 357.53 368.71 364.70 364.65 366.37 363.10 360.07 361.07 361.68 369.83 363.19 363.19 362.85 362.50 362.24 361.97 360.81 360.71 360.44 360.06 361.23 360.63 359.33 358.02
 358.50 363.61 364.89 366.37 366.37 363.10 360.07 360.88 361.68 369.83 369.83 363.19 361.05 361.03 359.12 359.12 359.65 359.65 359.61 360.06 361.23 360.28 359.33 358.71
 358.50 361.05 360.17 361.86 366.37 363.10 360.07 360.88 361.68 364.37 363.54 361.05 361.05 359.56 359.56 359.12 359.65 359.17 359.17 359.61 360.04 357.90 357.90 357.90
 354.99 355.49 352.86 352.86 357.36 363.10 360.07 358.91 358.91 358.91 358.91 357.70 357.04 356.26 356.26 357.69 359.65 359.17 359.17 358.85 358.85 358.85 357.90 353.24
 353.24 353.05 352.86 352.86 352.86 352.83 355.23 358.91 358.91 358.91 357.21 353.80 353.80 356.86 356.86 356.86 358.25 359.17 359.17 358.85 358.85 356.98 353.24 353.24
 353.24 353.05 352.86 352.86 352.83 352.80 352.80 352.73 352.66 352.66 352.96 353.35 353.97 355.42 356.14 356.50 355.82 357.02 359.17 356.86 358.85 356.36 353.24 353.24
 353.06 353.16 353.31 353.42 352.80 352.80 352.80 352.73 352.66 352.66 352.88 352.73 353.35 354.38 354.41 352.71 352.71 352.71 352.87 352.89 354.86 352.71 353.06 353.24
 352.71 353.01 353.19 353.42 353.07 352.80 352.77 352.71 352.77 352.96 353.25 352.99 353.01 352.71 352.71 352.71 352.71 352.71 352.84 352.89 352.84 352.71 352.71 352.71
 352.71 352.83 352.96 352.95 352.72 352.71 352.71 352.71 352.71 352.71 352.98 352.71 352.71 352.71 352.71 352.71 352.71 352.71 352.80 352.89 352.80 352.71 352.71 352.71
 352.71 352.71 352.71 352.71 352.71 352.71 352.71 352.71 352.71 352.71 352.71 352.71 352.71 352.71 352.71 352.71 352.71 352.71 352.71 352.71 352.71 352.71 352.71 352.71
 359.81 359.81 359.81 359.81 359.81 359.81 359.81 359.81 359.81 359.81 359.81 359.81 359.81 359.81 359.81 359.81 359.81 359.81 359.81 359.81 359.81 359.81 359.81 359.81
 357.79 360.79 356.40 358.10 359.81 359.81 359.81 359.81 359.81 359.81 359.81 358.60 359.93 360.06 359.93 358.87 359.81 359.81 359.81 359.81 359.81 359.81 359.81 357.15
 353.12 369.18 362.79 358.69 356.93 359.80 354.79 357.90 359.75 365.92 357.40 357.40 357.38 357.37 357.65 357.94 357.69 358.31 358.46 357.62 357.20 358.08 357.39 356.18
 356.10 362.64 360.79 356.93 356.93 359.80 354.79 357.27 359.75 365.92 365.92 357.40 358.58 357.74 357.16 357.16 357.44 357.44 357.95 357.62 357.20 357.90 358.61 356.55
 356.10 359.37 357.38 355.80 356.93 359.80 354.79 357.27 359.75 362.31 361.38 358.58 358.58 358.12 358.12 357.16 357.44 358.29 358.29 357.95 357.69 357.00 357.00 357.00
 354.73 355.37 353.56 353.56 354.68 359.80 354.79 358.71 358.71 358.71 358.71 356.90 356.32 356.37 356.37 356.76 357.44 358.29 358.29 358.19 358.19 358.19 357.00 354.05
 354.05 353.81 353.56 353.56 353.56 353.23 353.64 358.71 358.71 358.71 357.14 354.00 354.00 356.54 356.54 356.54 356.99 358.29 358.29 358.19 358.19 356.81 354.05 354.05
 354.05 353.81 353.56 353.56 353.23 352.90 352.90 352.83 352.77 352.77 353.19 353.54 353.38 354.96 355.75 356.14 355.38 356.53 358.29 356.54 358.19 356.35 354.05 354.05
 353.70 353.51 353.66 353.78 352.90 352.90 352.90 352.83 352.77 352.77 353.27 353.69 353.54 354.25 354.33 353.00 353.00 353.00 353.21 353.24 354.87 353.00 353.70 354.05
 353.00 353.35 353.55 353.78 353.38 352.90 352.93 353.00 352.94 353.06 353.36 353.53 353.35 353.00 353.00 353.00 353.00 353.00 353.18 353.24 353.18 353.00 353.00 353.00
 353.00 353.16 353.32 353.27 352.98 352.99 353.00 353.00 353.00 353.00 353.18 353.00 353.00 353.00 353.00 353.00 353.00 353.00 353.12 353.24 353.12 353.00 353.00 353.00
 353.00 353.00 353.00 353.00 353.00 353.00 353.00 353.00 353.00 353.00 353.00 353.00 353.00 353.00 353.00 353.00 353.00 353.00 353.00 353.00 353.00 353.00 353.00 353.00
 354.19 354.19 354.19 354.19 354.19 354.19 354.19 354.19 354.19 354.19 354.19 354.19 354.19 354.19 354.19 354.19 354.19 354.19 354.19 354.19 354.19 354.19 354.19 354.19
 352.14 354.64 350.30 352.25 354.19 354.19 354.19 354.19 354.19 354.19 354.19 351.86 353.77 353.35 353.77 354.86 354.19 354.19 354.19 354.19 354.19 354.19 354.19 352.30
 350.31 361.94 356.12 354.12 354.06 354.90 347.27 351.84 354.84 364.28 349.52 349.52 350.32 351.12 353.32 355.52 354.93 354.48 355.30 355.75 359.13 356.01 353.45 351.47
 352.20 357.07 355.75 354.06 354.06 354.90 347.27 351.06 354.84 364.28 364.28 349.52 355.91 353.49 352.10 352.10 354.33 354.33 355.94 355.75 359.13 357.27 355.42 352.49
 352.20 354.63 354.49 353.92 354.06 354.90 347.27 351.06 354.84 360.69 359.50 355.91 355.91 355.87 355.87 352.10 354.33 356.14 356.14 355.94 357.63 354.30 354.30 354.30
 353.75 354.03 353.65 353.65 353.79 354.90 347.27 357.10 357.10 357.10 357.10 355.61 355.28 355.79 355.79 353.94 354.33 356.14 356.14 356.13 356.13 356.13 354.30 354.52
 354.52 354.08 353.65 353.65 353.65 353.52 351.40 357.10 357.10 357.10 356.12 354.15 354.15 356.01 356.01 356.01 355.17 356.14 356.14 356.13 356.13 355.59 354.52 354.52
 354.52 354.08 353.65 353.65 353.52 353.40 353.40 353.27 353.15 353.15 353.41 353.71 353.89 354.95 355.48 355.75 354.78 355.24 356.14 355.29 356.13 355.41 354.52 354.52
 354.16 353.95 354.12 354.24 353.40 353.40 353.40 353.27 353.15 353.15 353.37 353.54 353.71 354.33 354.42 353.44 353.44 353.44 353.60 353.62 354.44 353.44 354.16 354.52
 353.44 353.79 353.99 354.24 353.86 353.40 353.41 353.44 353.29 353.29 353.43 353.49 353.55 353.44 353.44 353.44 353.44 353.44 353.57 353.62 353.57 353.44 353.44 353.44
 353.44 353.59 353.74 353.72 353.47 353.45 353.44 353.44 353.44 353.44 353.43 353.44 353.44 353.44 353.44 353.44 353.44 353.44 353.53 353.62 353.53 353.44 353.44 353.44
 353.44 353.44 353.44 353.44 353.44 353.44 353.44 353.44 353.44 353.44 353.44 353.44 353.44 353.44 353.44 353.44 353.44 353.44 353.44 353.44 353.44 353.44 353.44 353.44
 347.84 347.84 347.84 347.84 347.84 347.84 347.84 347.84 347.84 347.84 347.84 347.84 347.84 347.84 347.84 347.84 347.84 347.84 347.84 347.84 347.84 347.84 347.84 347.84
 348.07 355.80 348.80 348.32 347.84 347.84 347.84 347.84 347.84 347.84 347.84 346.61 347.50 347.15 347.50 347.59 347.84 347.84 347.84 347.84 347.84 347.84 347.84 348.89
 353.12 378.47 363.63 354.07 352.16 355.20 347.60 348.95 351.02 359.29 345.37 345.37 347.13 348.90 348.12 347.33 349.06 349.24 350.56 351.32 348.91 348.93 349.31 348.22
 350.40 364.44 360.08 352.16 352.16 355.20 347.60 349.31 351.02 359.29 359.29 345.37 353.76 351.21 349.16 349.16 350.80 350.80 352.52 351.32 348.91 349.65 350.40 349.67
 350.40 357.42 355.96 352.66 352.16 355.20 347.60 349.31 351.02 357.20 356.34 353.76 353.76 353.53 353.53 349.16 350.80 353.72 353.72 352.52 351.07 351.80 351.80 351.80
 353.32 354.66 353.67 353.67 353.17 355.20 347.60 355.12 355.12 355.12 355.12 354.22 354.11 354.71 354.71 351.94 350.80 353.72 353.72 353.23 353.23 353.23 351.80 354.78
 354.78 354.23 353.67 353.67 353.67 353.63 351.61 354.13 354.13 354.13 354.07 353.87 353.87 355.34 355.34 355.34 353.07 353.72 353.72 353.23 353.23 353.75 354.78 354.78
 354.78 354.23 353.67 353.67 353.63 353.60 353.60 353.14 353.14 353.14 353.14 354.18 354.05 354.69 355.02 355.18 354.00 353.74 353.72 353.48 353.23 353.92 354.78 354.78
 354.44 354.41 354.63 354.81 353.60 353.60 353.60 353.72 353.84 353.84 354.01 354.31 354.18 354.44 354.41 353.77 353.77 353.77 353.94 353.97 353.71 353.77 354.44 354.78
 353.77 354.18 354.44 354.81 354.41 353.60 353.66 353.77 353.82 353.86 353.87 354.09 354.01 353.77 353.77 353.77 353.77 353.77 353.92 353.97 353.92 353.77 353.77 353.77
 353.77 353.92 354.08 354.17 354.02 353.89 353.77 353.77 353.77 353.77 353.82 353.77 353.77 353.77 353.77 353.77 353.77 353.77 353.87 353.97 353.87 353.77 353.77 353.77
 353.77 353.77 353.77 353.77 353.77 353.77 353.77 353.77 353.77 353.77 353.77 353.77 353.77 353.77 353.77 353.77 353.77 353.77 353.77 353.77 353.77 353.77 353.77 353.77
 349.90 349.90 349.90 349.90 349.90 349.90 349.90 349.90 349.90 349.90 349.90 349.90 349.90 349.90 349.90 349.90 349.90 349.90 349.90 349.90 349.90 349.90 349.90 349.90
 349.23 355.93 350.80 350.35 349.90 349.90 349.90 349.90 349.90 349.90 349.90 349.44 348.98 348.06 348.98 350.29 349.90 349.90 349.90 349.90 349.90 349.90 349.90 349.97
 351.43 373.77 362.28 356.32 354.03 356.10 352.90 352.24 353.15 362.21 348.98 348.98 349.38 349.77 350.23 350.68 350.79 350.53 350.08 349.49 351.52 350.59 350.02 349.69
 352.60 363.19 362.74 356.10 356.10 356.10 352.90 353.02 353.15 362.21 362.21 348.98 352.66 350.84 353.71 353.71 350.90 350.90 350.85 349.49 351.52 350.94 350.35 351.25
 352.60 357.89 357.04 353.77 356.10 356.10 352.90 353.02 353.15 357.77 356.49 352.66 352.66 351.90 351.90 353.71 350.90 352.20 352.20 350.85 351.96 350.90 350.90 350.90
 353.92 354.94 353.77 353.77 353.77 356.10 352.90 353.33 353.33 353.33 353.33 353.27 353.47 354.13 354.13 353.92 350.90 352.20 352.20 352.40 352.40 352.40 350.90 354.58
 354.58 354.17 353.77 353.77 353.77 353.58 353.29 353.92 353.92 353.92 353.84 353.61 353.61 354.76 354.76 354.76 352.83 352.20 352.20 352.40 352.40 353.13 354.58 354.58
 354.58 354.17 353.77 353.77 353.58 353.40 353.40 354.52 354.52 354.52 354.52 353.91 354.06 354.41 354.58 354.67 353.81 352.77 352.20 353.00 352.40 353.37 354.58 354.58
 354.36 354.66 354.96 355.24 353.40 353.40 353.40 353.62 353.84 353.84 353.90 353.75 353.91 354.16 354.22 353.91 353.91 353.91 354.16 354.20 353.58 353.91 354.36 354.58
 353.91 354.35 354.69 355.24 354.69 353.40 353.57 353.91 353.91 353.97 354.09 353.92 353.91 353.91 353.91 353.91 353.91 353.91 354.13 354.20 354.13 353.91 353.91 353.91
 353.91 354.02 354.13 354.36 354.14 354.03 353.91 353.91 353.91 353.91 354.00 353.91 353.91 353.91 353.91 353.91 353.91 353.91 354.06 354.20 354.06 353.91 353.91 353.91
 353.91 353.91 353.91 353.91 353.91 353.91 353.91 353.91 353.91 353.91 353.91 353.91 353.91 353.91 353.91 353.91 353.91 353.91 353.91 353.91 353.91 353.91 353.91 353.91
 354.08 354.08 354.08 354.08 354.08 354.08 354.08 354.08 354.08 354.08 354.08 354.08 354.08 354.08 354.08 354.08 354.08 354.08 354.08 354.08 354.08 354.08 354.08 354.08
 353.09 358.78 356.60 355.34 354.08 354.08 354.08 354.08 354.08 354.08 354.08 355.30 354.36 354.65 354.36 352.74 354.08 354.08 354.08 354.08 354.08 354.08 354.08 354.27
 357.79 371.34 363.97 359.65 355.03 355.50 354.80 355.17 356.26 365.34 356.51 356.51 355.36 354.20 352.80 351.40 352.56 353.45 353.87 354.08 354.08 353.16 352.90 353.29
 353.90 362.62 363.30 355.50 355.50 355.50 354.80 355.53 356.26 365.34 365.34 356.51 354.52 353.36 357.49 357.49 353.71 353.71 353.46 354.08 354.08 352.51 352.51 353.46
 353.90 358.26 357.62 354.47 355.50 355.50 354.80 355.53 356.26 359.12 357.97 354.52 354.52 352.51 352.51 357.49 353.71 352.84 352.84 353.46 352.99 352.10 352.10 352.10
 354.52 355.48 354.47 354.47 354.47 355.50 354.80 352.89 352.89 352.89 352.89 353.86 354.25 354.46 354.46 355.98 353.71 352.84 352.84 352.99 352.99 352.99 352.10 354.83
 354.83 354.65 354.47 354.47 354.47 353.94 354.05 354.25 354.25 354.25 354.13 353.77 353.77 354.53 354.53 354.53 354.12 352.84 352.84 352.99 352.99 353.60 354.83 354.83
 354.83 354.65 354.47 354.47 353.94 353.40 353.40 355.60 355.60 355.60 355.60 353.83 354.43 354.48 354.50 354.52 354.17 353.19 352.84 353.41 352.99 353.81 354.83 354.83
 354.51 354.50 354.77 355.04 353.40 353.40 353.40 353.39 353.38 353.38 353.49 353.23 353.83 354.16 354.18 353.88 353.88 353.88 354.19 354.24 353.79 353.88 354.51 354.83
 353.88 354.22 354.51 355.04 354.49 353.40 353.56 353.88 353.62 353.62 353.86 353.55 353.75 353.88 353.88 353.88 353.88 353.88 354.15 354.24 354.15 353.88 353.88 353.88
 353.88 353.93 353.98 354.21 353.94 353.91 353.88 353.88 353.88 353.88 353.87 353.88 353.88 353.88 353.88 353.88 353.88 353.88 354.06 354.24 354.06 353.88 353.88 353.88
 353.88 353.88 353.88 353.88 353.88 353.88 353.88 353.88 353.88 353.88 353.88 353.88 353.88 353.88 353.88 353.88 353.88 353.88 353.88 353.88 353.88 353.88 353.88 353.88
 358.12 358.12 358.12 358.12 358.12 358.12 358.12 358.12 358.12 358.12 358.12 358.12 358.12 358.12 358.12 358.12 358.12 358.12 358.12 358.12 358.12 358.12 358.12 358.12
 356.92 362.99 361.40 359.76 358.12 358.12 358.12 358.12 358.12 358.12 358.12 359.08 358.32 358.52 358.32 357.90 358.12 358.12 358.12 358.12 358.12 358.12 358.12 358.67
 365.75 375.52 368.46 364.11 356.11 355.10 355.24 357.64 359.73 370.67 360.04 360.04 359.71 359.37 358.53 357.69 357.35 357.49 356.61 356.09 356.77 355.67 355.15 356.56
 356.90 366.21 367.33 355.10 355.10 355.10 355.24 357.49 359.73 370.67 370.67 360.04 356.36 356.72 357.50 357.50 357.01 357.01 355.62 356.09 356.09 353.75 353.75 356.26
 356.90 361.55 359.80 355.16 355.10 355.10 355.24 357.48 359.73 362.17 360.72 356.36 356.36 354.06 354.06 357.50 357.01 355.16 355.16 355.62 354.16 354.37 354.37 354.37
 355.61 356.85 355.16 355.16 355.16 355.10 355.24 353.66 353.66 353.66 353.66 354.90 355.20 354.84 354.84 356.17 357.01 355.16 355.16 354.16 354.16 354.16 354.37 354.96
 354.96 355.06 355.16 355.16 355.16 354.28 354.31 354.38 354.38 354.38 354.38 354.39 354.39 354.75 354.75 354.75 355.88 355.16 355.16 354.16 354.16 354.43 354.96 354.96
 354.96 355.06 355.16 355.16 354.28 353.40 353.40 355.10 355.10 355.10 355.10 353.88 354.47 354.61 354.68 354.72 354.83 354.74 355.16 354.16 354.16 354.52 354.96 354.96
 354.61 354.52 354.79 355.06 353.40 353.40 353.40 353.27 353.14 353.14 353.34 353.28 353.88 354.24 354.27 353.90 353.90 353.90 354.13 354.16 354.14 353.90 354.61 354.96
 353.90 354.24 354.53 355.06 354.34 353.40 353.57 353.90 353.47 353.37 353.59 353.43 353.74 353.90 353.90 353.90 353.90 353.90 354.10 354.16 354.10 353.90 353.90 353.90
 353.90 353.95 354.00 354.14 353.62 353.76 353.90 353.90 353.90 353.90 353.75 353.90 353.90 353.90 353.90 353.90 353.90 353.90 354.03 354.16 354.03 353.90 353.90 353.90
 353.90 353.90 353.90 353.90 353.90 353.90 353.90 353.90 353.90 353.90 353.90 353.90 353.90 353.90 353.90 353.90 353.90 353.90 353.90 353.90 353.90 353.90 353.90 353.90
 360.96 360.96 360.96 360.96 360.96 360.96 360.96 360.96 360.96 360.96 360.96 360.96 360.96 360.96 360.96 360.96 360.96 360.96 360.96 360.96 360.96 360.96 360.96 360.96
 359.06 365.45 362.40 361.68 360.96 360.96 360.96 360.96 360.96 360.96 360.96 360.30 360.69 360.42 360.69 359.73 360.96 360.96 360.96 360.96 360.96 360.96 360.96 360.46
 364.38 379.38 370.89 366.29 358.19 356.80 355.62 359.08 361.29 371.97 359.64 359.64 360.25 360.87 359.69 358.50 358.12 358.94 358.35 356.75 361.09 359.13 356.64 358.69
 359.30 369.34 370.12 356.80 356.80 356.80 355.62 358.45 361.29 371.97 371.97 359.64 357.31 358.13 357.39 357.39 357.74 357.74 357.35 356.75 361.09 357.84 354.59 358.31
 359.30 364.32 361.11 355.01 356.80 356.80 355.62 358.45 361.29 363.47 361.93 357.31 357.31 355.39 355.39 357.39 357.74 357.95 357.95 357.35 358.50 355.91 355.91 355.91
 356.15 357.57 355.01 355.01 355.01 356.80 355.62 354.96 354.96 354.96 354.96 355.71 355.76 355.19 355.19 356.29 357.74 357.95 357.95 355.92 355.92 355.92 355.91 354.58
 354.58 354.79 355.01 355.01 355.01 354.15 354.36 355.04 355.04 355.04 354.98 354.79 354.79 355.37 355.37 355.37 356.56 357.95 357.95 355.92 355.92 355.47 354.58 354.58
 354.58 354.79 355.01 355.01 354.15 353.30 353.30 355.13 355.13 355.13 355.13 353.93 354.75 355.06 355.22 355.29 355.20 356.55 357.95 355.22 355.92 355.32 354.58 354.58
 354.31 354.27 354.49 354.68 353.30 353.30 353.30 353.27 353.24 353.24 353.26 353.11 353.93 354.50 354.49 353.76 353.76 353.76 353.81 353.82 354.51 353.76 354.31 354.58
 353.76 354.06 354.29 354.68 354.01 353.30 353.45 353.76 353.45 353.34 353.43 353.27 353.65 353.76 353.76 353.76 353.76 353.76 353.80 353.82 353.80 353.76 353.76 353.76
 353.76 353.83 353.90 353.92 353.35 353.55 353.76 353.76 353.76 353.76 353.59 353.76 353.76 353.76 353.76 353.76 353.76 353.76 353.79 353.82 353.79 353.76 353.76 353.76
 353.76 353.76 353.76 353.76 353.76 353.76 353.76 353.76 353.76 353.76 353.76 353.76 353.76 353.76 353.76 353.76 353.76 353.76 353.76 353.76 353.76 353.76 353.76 353.76
