2003 MONTHLY CO2 (PPMV)   24  12  LON/LAT (N-S/0-360E) IN 15 DEGREE RESOLUTION,  GLB ANNUAL MEAN = 375.51,  GROWTH RATE = 2.68,  MISS DATA = -99.99
 379.13 379.13 379.13 379.13 379.13 379.13 379.13 379.13 379.13 379.13 379.13 379.13 379.13 379.13 379.13 379.13 379.13 379.13 379.13 379.13 379.13 379.13 379.13 379.13
 378.94 380.17 380.30 379.72 379.13 379.13 379.13 379.13 379.13 379.13 379.13 379.30 379.15 379.17 379.15 379.13 379.13 379.13 380.89 379.13 379.46 379.79 378.64 380.27
 387.35 391.52 383.80 381.03 378.90 378.79 375.83 378.93 384.42 382.29 379.46 379.46 379.19 378.93 378.93 385.53 377.58 382.64 382.64 379.89 379.07 379.79 378.31 380.00
 383.28 387.02 379.57 379.57 378.79 378.79 375.83 378.93 384.42 382.29 379.50 379.46 376.78 377.17 385.53 385.53 377.58 377.58 379.31 377.13 377.13 376.30 376.30 378.15
 375.47 381.25 379.57 377.95 378.79 378.79 375.83 379.03 379.13 378.28 376.70 376.74 376.78 375.41 375.41 385.53 377.58 378.15 378.15 377.64 375.22 373.60 373.60 375.00
 375.47 378.36 376.32 374.70 374.70 378.79 375.83 378.05 377.06 375.00 375.85 375.27 374.99 374.66 374.66 380.10 374.37 378.15 378.15 375.22 375.22 375.22 373.60 373.11
 373.11 373.23 374.70 374.70 374.70 374.70 375.26 377.04 376.03 375.00 374.79 373.52 373.52 374.71 374.71 372.34 371.15 371.15 378.15 375.22 375.22 374.52 373.11 373.11
 372.49 371.87 373.28 374.70 374.70 374.70 373.29 371.52 371.52 371.52 371.90 372.65 373.75 374.23 373.36 371.15 371.15 371.15 371.15 370.85 375.22 374.28 373.11 373.11
 371.87 371.87 371.87 371.37 371.37 371.49 371.68 371.52 371.52 371.52 371.53 371.55 372.65 373.44 372.45 371.15 371.15 371.15 370.85 370.85 370.96 371.14 372.48 372.49
 371.86 371.87 371.67 371.37 371.37 371.61 371.85 371.85 371.63 371.52 371.61 371.55 372.02 371.85 371.85 371.85 371.50 371.35 370.85 370.85 371.07 371.32 371.85 371.85
 371.85 371.91 371.97 371.73 371.85 371.85 371.85 371.85 371.85 371.85 371.85 371.85 371.85 371.85 371.85 371.85 371.85 371.85 371.78 371.72 371.29 371.57 371.85 371.85
 371.85 371.85 371.85 371.85 371.85 371.85 371.85 371.85 371.85 371.85 371.85 371.85 371.85 371.85 371.85 371.85 371.85 371.85 371.85 371.85 371.85 371.85 371.85 371.85
 380.22 380.22 380.22 380.22 380.22 380.22 380.22 380.22 380.22 380.22 380.22 380.22 380.22 380.22 380.22 380.22 380.22 380.22 380.22 380.22 380.22 380.22 380.22 380.22
 379.33 382.64 380.30 380.26 380.22 380.22 380.22 380.22 380.22 380.22 380.22 380.34 380.97 381.71 380.97 380.22 380.22 380.22 382.34 380.22 380.43 380.64 379.28 380.47
 388.58 385.94 381.82 380.43 380.92 381.26 377.22 379.37 386.83 382.46 380.46 380.46 380.20 379.95 379.95 386.39 378.17 384.46 384.46 380.91 379.84 380.64 378.54 378.38
 384.09 386.97 379.22 379.22 381.26 381.26 377.22 379.37 386.83 382.46 380.23 380.46 377.64 378.22 386.39 386.39 378.17 378.17 380.52 377.37 377.37 377.95 377.95 378.16
 376.72 381.85 379.22 378.01 381.26 381.26 377.22 379.41 379.45 379.07 377.99 377.81 377.64 376.48 376.48 386.39 378.17 379.72 379.72 378.55 376.06 373.84 373.84 376.00
 376.72 379.28 376.80 375.59 375.59 381.26 377.22 378.66 377.90 376.36 377.18 375.99 375.48 375.30 375.30 380.84 374.67 379.72 379.72 376.06 376.06 376.06 373.84 372.95
 372.95 373.57 375.59 375.59 375.59 375.59 376.40 377.89 377.13 376.36 375.68 373.50 373.50 375.16 375.16 372.50 371.17 371.17 379.72 376.06 376.06 375.02 372.95 372.95
 372.56 372.16 373.88 375.59 375.59 375.59 373.85 371.69 371.69 371.69 372.32 373.58 373.58 374.37 373.57 371.17 371.17 371.17 371.17 371.12 376.06 374.68 372.95 372.95
 372.16 372.16 372.16 371.29 371.29 371.41 371.73 371.69 371.69 371.69 371.69 372.95 373.58 373.98 372.62 371.17 371.17 371.17 371.12 371.12 371.25 371.39 372.42 372.56
 372.03 372.16 371.67 371.29 371.29 371.52 371.76 371.76 371.71 371.69 371.71 371.76 372.67 371.76 371.76 371.76 371.47 371.44 371.12 371.12 371.38 371.54 371.76 371.76
 371.76 371.90 372.04 371.70 371.76 371.76 371.76 371.76 371.76 371.76 371.76 371.76 371.76 371.76 371.76 371.76 371.76 371.76 371.83 371.90 371.64 371.70 371.76 371.76
 371.76 371.76 371.76 371.76 371.76 371.76 371.76 371.76 371.76 371.76 371.76 371.76 371.76 371.76 371.76 371.76 371.76 371.76 371.76 371.76 371.76 371.76 371.76 371.76
 381.27 381.27 381.27 381.27 381.27 381.27 381.27 381.27 381.27 381.27 381.27 381.27 381.27 381.27 381.27 381.27 381.27 381.27 381.27 381.27 381.27 381.27 381.27 381.27
 380.51 382.01 381.30 381.28 381.27 381.27 381.27 381.27 381.27 381.27 381.27 381.32 381.45 381.63 381.45 381.27 381.27 381.27 384.47 381.27 381.20 381.13 380.01 380.94
 384.00 382.99 381.26 380.68 382.17 382.62 378.00 380.97 386.73 382.98 381.38 381.38 381.05 380.72 380.72 382.31 378.54 387.67 387.67 382.83 380.79 381.13 379.67 379.98
 383.05 387.49 379.49 379.49 382.62 382.62 378.00 380.97 386.73 382.98 381.02 381.38 377.72 378.84 382.31 382.31 378.54 378.54 381.89 377.99 377.99 379.03 379.03 379.50
 377.66 382.58 379.49 378.38 382.62 382.62 378.00 381.01 381.06 380.00 379.06 378.39 377.72 376.96 376.96 382.31 378.54 380.01 380.01 379.00 376.93 375.15 375.15 377.03
 377.66 380.12 377.26 376.15 376.15 382.62 378.00 380.00 378.98 376.89 377.98 376.62 375.91 375.82 375.82 379.06 374.87 380.01 380.01 376.93 376.93 376.93 375.15 372.96
 372.96 373.84 376.15 376.15 376.15 376.15 377.07 378.96 377.93 376.89 376.35 374.19 374.19 375.41 375.41 372.60 371.20 371.20 380.01 376.93 376.93 375.61 372.96 372.96
 372.68 372.40 374.27 376.15 376.15 376.15 374.23 371.87 371.87 371.87 372.60 374.07 374.07 374.74 373.78 371.20 371.20 371.20 371.20 371.40 376.93 375.17 372.96 372.96
 372.40 372.40 372.40 371.85 371.85 371.84 371.84 371.87 371.87 371.87 371.87 373.34 374.07 374.40 372.80 371.20 371.20 371.20 371.40 371.40 371.20 371.15 372.48 372.68
 372.20 372.40 372.01 371.85 371.85 371.83 371.81 371.81 371.85 371.87 371.85 371.81 372.94 371.81 371.81 371.81 371.50 371.60 371.40 371.40 371.00 371.10 371.81 371.81
 371.81 371.99 372.17 371.94 371.81 371.81 371.81 371.81 371.81 371.81 371.81 371.81 371.81 371.81 371.81 371.81 371.81 371.81 371.87 371.93 370.59 371.20 371.81 371.81
 371.81 371.81 371.81 371.81 371.81 371.81 371.81 371.81 371.81 371.81 371.81 371.81 371.81 371.81 371.81 371.81 371.81 371.81 371.81 371.81 371.81 371.81 371.81 371.81
 381.61 381.61 381.61 381.61 381.61 381.61 381.61 381.61 381.61 381.61 381.61 381.61 381.61 381.61 381.61 381.61 381.61 381.61 381.61 381.61 381.61 381.61 381.61 381.61
 381.42 382.87 381.80 381.70 381.61 381.61 381.61 381.61 381.61 381.61 381.61 382.26 381.61 381.62 381.61 381.61 381.61 381.61 383.46 381.61 381.40 381.19 381.11 381.80
 385.46 380.21 381.59 382.02 382.63 383.14 379.08 382.37 386.53 387.19 382.92 382.92 382.41 381.90 381.90 384.05 379.52 385.32 385.32 381.95 380.78 381.19 380.62 380.87
 384.46 389.45 382.77 382.77 383.14 383.14 379.08 382.37 386.53 387.19 383.17 382.92 378.66 379.98 384.05 384.05 379.52 379.52 381.29 378.58 378.58 379.89 379.89 380.38
 378.46 383.95 382.77 380.31 383.14 383.14 379.08 381.85 381.33 381.39 379.15 378.90 378.66 378.05 378.05 384.05 379.52 379.98 379.98 379.28 378.02 377.06 377.06 378.11
 378.46 381.21 377.84 375.38 375.38 383.14 379.08 380.73 379.61 377.88 378.51 376.87 376.15 375.87 375.87 379.96 375.63 379.98 379.98 378.02 378.02 378.02 377.06 373.37
 373.37 373.83 375.38 375.38 375.38 375.38 377.23 379.74 378.74 377.88 376.77 373.91 373.91 375.58 375.58 373.02 371.74 371.74 379.98 378.02 378.02 376.47 373.37 373.37
 373.06 372.75 374.06 375.38 375.38 375.38 374.18 372.06 372.06 372.06 372.36 372.88 373.49 374.53 373.95 371.74 371.74 371.74 371.74 372.10 378.02 375.95 373.37 373.37
 372.75 372.75 372.75 372.42 372.42 372.33 372.05 372.06 372.06 372.06 372.16 372.26 372.88 373.70 372.86 371.74 371.74 371.74 372.10 372.10 371.75 371.57 372.83 373.06
 372.52 372.75 372.41 372.42 372.42 372.23 372.05 372.05 372.06 372.06 372.13 372.26 372.39 372.05 372.05 372.05 371.89 372.07 372.10 372.10 371.40 371.39 372.05 372.05
 372.05 372.22 372.40 372.29 372.05 372.05 372.05 372.05 372.05 372.05 372.05 372.05 372.05 372.05 372.05 372.05 372.05 372.05 372.10 372.16 370.71 371.38 372.05 372.05
 372.05 372.05 372.05 372.05 372.05 372.05 372.05 372.05 372.05 372.05 372.05 372.05 372.05 372.05 372.05 372.05 372.05 372.05 372.05 372.05 372.05 372.05 372.05 372.05
 381.83 381.83 381.83 381.83 381.83 381.83 381.83 381.83 381.83 381.83 381.83 381.83 381.83 381.83 381.83 381.83 381.83 381.83 381.83 381.83 381.83 381.83 381.83 381.83
 380.28 380.10 381.50 381.67 381.83 381.83 381.83 381.83 381.83 381.83 381.83 382.31 381.96 382.10 381.96 381.83 381.83 381.83 383.20 381.83 381.14 380.44 380.54 380.63
 380.57 376.13 379.83 381.11 381.29 381.02 379.37 381.56 386.72 385.67 382.78 382.78 382.48 382.17 382.17 384.94 378.84 384.56 384.56 380.62 379.72 380.44 380.15 379.87
 381.76 385.80 381.85 381.85 381.02 381.02 379.37 381.56 386.72 385.67 382.40 382.78 379.67 380.55 384.94 384.94 378.84 378.84 380.22 376.69 376.69 380.04 380.04 379.96
 378.90 382.35 381.85 379.10 381.02 381.02 379.37 381.71 381.86 381.35 379.13 379.40 379.67 378.93 378.93 384.94 378.84 379.40 379.40 378.04 378.77 377.92 377.92 378.65
 378.90 380.62 376.34 373.59 373.59 381.02 379.37 381.00 380.30 378.73 378.93 377.08 376.46 376.21 376.21 380.57 375.49 379.40 379.40 378.77 378.77 378.77 377.92 373.78
 373.78 373.41 373.59 373.59 373.59 373.59 376.48 380.26 379.51 378.73 377.06 373.51 373.51 375.75 375.75 373.34 372.13 372.13 379.40 378.77 378.77 377.11 373.78 373.78
 373.31 372.85 373.22 373.59 373.59 373.59 373.71 372.38 372.38 372.38 372.72 373.25 373.78 374.77 374.22 372.13 372.13 372.13 372.13 372.61 378.77 376.55 373.78 373.78
 372.85 372.85 372.85 372.86 372.86 372.75 372.39 372.38 372.38 372.38 372.54 372.71 373.25 374.01 373.19 372.13 372.13 372.13 372.61 372.61 372.32 372.15 373.16 373.31
 372.70 372.85 372.77 372.86 372.86 372.63 372.40 372.40 372.39 372.38 372.51 372.71 372.79 372.40 372.40 372.40 372.26 372.50 372.61 372.61 372.03 371.98 372.40 372.40
 372.40 372.55 372.69 372.65 372.40 372.40 372.40 372.40 372.40 372.40 372.40 372.40 372.40 372.40 372.40 372.40 372.40 372.40 372.54 372.67 371.45 371.93 372.40 372.40
 372.40 372.40 372.40 372.40 372.40 372.40 372.40 372.40 372.40 372.40 372.40 372.40 372.40 372.40 372.40 372.40 372.40 372.40 372.40 372.40 372.40 372.40 372.40 372.40
 379.64 379.64 379.64 379.64 379.64 379.64 379.64 379.64 379.64 379.64 379.64 379.64 379.64 379.64 379.64 379.64 379.64 379.64 379.64 379.64 379.64 379.64 379.64 379.64
 377.55 376.39 379.00 379.32 379.64 379.64 379.64 379.64 379.64 379.64 379.64 378.62 379.98 380.33 379.98 379.64 379.64 379.64 382.98 379.64 378.69 377.74 376.83 377.92
 378.79 370.33 375.15 376.87 377.59 376.56 375.85 376.37 378.95 382.33 377.60 377.60 378.03 378.46 378.46 378.98 377.08 386.32 386.32 380.77 378.10 377.74 376.88 376.68
 377.88 376.71 376.13 376.13 376.56 376.56 375.85 376.37 378.95 382.33 380.34 377.60 378.32 378.50 378.98 378.98 377.08 377.08 379.93 375.22 375.22 377.13 377.13 376.90
 378.15 377.43 376.13 375.28 376.56 376.56 375.85 377.26 378.15 379.24 378.34 378.33 378.32 378.55 378.55 378.98 377.08 378.25 378.25 376.73 378.01 377.19 377.19 377.91
 378.15 377.79 374.44 373.59 373.59 376.56 375.85 377.70 378.14 378.13 378.24 376.51 376.04 376.36 376.36 377.67 374.59 378.25 378.25 378.01 378.01 378.01 377.19 374.62
 374.62 373.81 373.59 373.59 373.59 373.59 374.72 377.92 378.13 378.13 376.60 373.42 373.42 375.91 375.91 373.37 372.10 372.10 378.25 378.01 378.01 376.88 374.62 374.62
 373.93 373.23 373.41 373.59 373.59 373.59 373.41 372.66 372.66 372.66 373.04 373.49 373.70 374.81 374.27 372.10 372.10 372.10 372.10 373.02 378.01 376.50 374.62 374.62
 373.23 373.23 373.23 373.29 373.29 373.14 372.69 372.66 372.66 372.66 372.97 373.28 373.49 374.15 373.31 372.10 372.10 372.10 373.02 373.02 372.81 372.67 373.75 373.93
 373.06 373.23 373.14 373.29 373.29 373.00 372.71 372.71 372.68 372.66 372.91 373.28 373.16 372.71 372.71 372.71 372.40 372.87 373.02 373.02 372.60 372.52 372.71 372.71
 372.71 372.86 373.00 373.00 372.71 372.71 372.71 372.71 372.71 372.71 372.71 372.71 372.71 372.71 372.71 372.71 372.71 372.71 372.90 373.09 372.18 372.44 372.71 372.71
 372.71 372.71 372.71 372.71 372.71 372.71 372.71 372.71 372.71 372.71 372.71 372.71 372.71 372.71 372.71 372.71 372.71 372.71 372.71 372.71 372.71 372.71 372.71 372.71
 373.06 373.06 373.06 373.06 373.06 373.06 373.06 373.06 373.06 373.06 373.06 373.06 373.06 373.06 373.06 373.06 373.06 373.06 373.06 373.06 373.06 373.06 373.06 373.06
 372.33 369.99 369.80 371.43 373.06 373.06 373.06 373.06 373.06 373.06 373.06 371.36 372.33 371.60 372.33 373.06 373.06 373.06 375.00 373.06 372.70 372.35 371.31 372.98
 377.84 374.17 372.07 371.92 371.80 371.17 372.12 370.90 376.68 378.69 369.66 369.66 370.56 371.46 371.46 375.12 374.78 376.93 376.93 376.14 374.14 372.35 371.98 371.94
 375.57 373.35 372.25 372.25 371.17 371.17 372.12 370.90 376.68 378.69 377.51 369.66 375.56 373.87 375.12 375.12 374.78 374.78 376.21 375.35 375.35 372.69 372.69 372.31
 375.53 374.44 372.25 373.02 371.17 371.17 372.12 373.32 375.74 376.90 376.33 375.94 375.56 376.28 376.28 375.12 374.78 376.36 376.36 375.86 375.51 374.96 374.96 375.39
 375.53 374.99 373.79 374.56 374.56 371.17 372.12 374.81 376.30 376.85 376.59 375.52 375.53 377.00 377.00 376.06 373.64 376.36 376.36 375.51 375.51 375.51 374.96 375.13
 375.13 374.46 374.56 374.56 374.56 374.56 373.34 375.69 376.57 376.85 375.82 374.02 374.02 375.94 375.94 373.65 372.50 372.50 376.36 375.51 375.51 375.38 375.13 375.13
 374.41 373.69 374.12 374.56 374.56 374.56 373.53 373.11 373.11 373.11 373.52 374.35 374.35 375.14 374.53 372.50 372.50 372.50 372.50 373.62 375.51 375.34 375.13 375.13
 373.69 373.69 373.69 373.53 373.53 373.42 373.10 373.11 373.11 373.11 373.11 373.94 374.35 374.75 373.72 372.50 372.50 372.50 373.62 373.62 373.38 373.20 374.21 374.41
 373.49 373.69 373.48 373.53 373.53 373.31 373.08 373.08 373.10 373.11 373.10 373.08 373.72 373.08 373.08 373.08 372.79 373.35 373.62 373.62 373.15 373.02 373.08 373.08
 373.08 373.26 373.43 373.35 373.08 373.08 373.08 373.08 373.08 373.08 373.08 373.08 373.08 373.08 373.08 373.08 373.08 373.08 373.28 373.48 372.68 372.88 373.08 373.08
 373.08 373.08 373.08 373.08 373.08 373.08 373.08 373.08 373.08 373.08 373.08 373.08 373.08 373.08 373.08 373.08 373.08 373.08 373.08 373.08 373.08 373.08 373.08 373.08
 367.44 367.44 367.44 367.44 367.44 367.44 367.44 367.44 367.44 367.44 367.44 367.44 367.44 367.44 367.44 367.44 367.44 367.44 367.44 367.44 367.44 367.44 367.44 367.44
 367.39 366.08 367.90 367.67 367.44 367.44 367.44 367.44 367.44 367.44 367.44 366.64 366.86 366.28 366.86 367.44 367.44 367.44 367.94 367.44 367.90 368.36 367.90 369.15
 379.00 374.43 371.40 370.32 370.13 371.47 372.43 371.30 374.01 377.30 365.83 365.83 366.57 367.31 367.31 378.26 372.20 368.44 368.44 371.02 370.22 368.36 368.70 368.30
 376.88 378.68 371.88 371.88 371.47 371.47 372.43 371.30 374.01 377.30 375.58 365.83 372.27 370.38 378.26 378.26 372.20 372.20 371.97 373.61 373.61 369.91 369.91 369.11
 372.97 375.83 371.88 372.81 371.47 371.47 372.43 373.35 375.39 375.37 373.87 373.07 372.27 373.45 373.45 378.26 372.20 373.86 373.86 373.73 373.20 372.54 372.54 372.86
 372.97 374.40 373.74 374.67 374.67 371.47 372.43 374.25 375.15 374.91 374.39 374.03 374.20 375.86 375.86 377.06 372.38 373.86 373.86 373.20 373.20 373.20 372.54 374.87
 374.87 374.44 374.67 374.67 374.67 374.67 373.55 374.64 375.03 374.91 374.59 374.46 374.46 375.74 375.74 373.61 372.55 372.55 373.86 373.20 373.20 373.76 374.87 374.87
 374.33 373.79 374.23 374.67 374.67 374.67 373.91 373.75 373.75 373.75 373.77 373.99 374.56 375.15 374.48 372.55 372.55 372.55 372.55 373.89 373.20 373.94 374.87 374.87
 373.79 373.79 373.79 373.98 373.98 373.88 373.67 373.75 373.75 373.75 373.58 373.41 373.99 374.57 373.80 372.55 372.55 372.55 373.89 373.89 373.65 373.50 374.26 374.33
 373.72 373.79 373.98 373.98 373.98 373.78 373.58 373.58 373.69 373.75 373.58 373.41 373.66 373.58 373.58 373.58 373.07 373.74 373.89 373.89 373.42 373.34 373.58 373.58
 373.58 373.78 373.98 373.85 373.58 373.58 373.58 373.58 373.58 373.58 373.58 373.58 373.58 373.58 373.58 373.58 373.58 373.58 373.76 373.94 372.95 373.27 373.58 373.58
 373.58 373.58 373.58 373.58 373.58 373.58 373.58 373.58 373.58 373.58 373.58 373.58 373.58 373.58 373.58 373.58 373.58 373.58 373.58 373.58 373.58 373.58 373.58 373.58
 368.37 368.37 368.37 368.37 368.37 368.37 368.37 368.37 368.37 368.37 368.37 368.37 368.37 368.37 368.37 368.37 368.37 368.37 368.37 368.37 368.37 368.37 368.37 368.37
 369.15 370.48 369.70 369.03 368.37 368.37 368.37 368.37 368.37 368.37 368.37 368.86 368.50 368.62 368.50 368.37 368.37 368.37 371.43 368.37 369.06 369.76 369.48 369.70
 373.50 376.23 373.31 372.12 372.40 374.41 374.27 374.82 377.32 377.04 369.34 369.34 369.67 370.00 370.00 379.42 371.20 374.48 374.48 373.90 371.51 369.76 369.90 369.80
 376.57 383.86 374.01 374.01 374.41 374.41 374.27 374.82 377.32 377.04 374.74 369.34 370.93 371.28 379.42 379.42 371.20 371.20 373.69 373.31 373.31 370.43 370.43 370.12
 372.34 378.10 374.01 374.08 374.41 374.41 374.27 374.23 373.63 374.04 372.44 371.69 370.93 372.55 372.55 379.42 371.20 373.27 373.27 373.29 372.03 371.59 371.59 372.15
 372.34 375.22 374.14 374.21 374.21 374.41 374.27 373.79 373.35 373.06 372.75 373.04 373.43 375.04 375.04 377.23 371.83 373.27 373.27 372.03 372.03 372.03 371.59 374.80
 374.80 374.29 374.21 374.21 374.21 374.21 374.24 373.49 373.20 373.06 373.37 374.31 374.31 375.40 375.40 373.44 372.46 372.46 373.27 372.03 372.03 372.95 374.80 374.80
 374.33 373.85 374.03 374.21 374.21 374.21 374.12 374.05 374.05 374.05 374.09 374.16 374.16 374.78 374.21 372.46 372.46 372.46 372.46 373.77 372.03 373.26 374.80 374.80
 373.85 373.85 373.85 374.16 374.16 374.11 374.00 374.05 374.05 374.05 374.05 374.13 374.16 374.47 373.77 372.46 372.46 372.46 373.77 373.77 373.69 373.66 374.36 374.33
 373.88 373.85 374.19 374.16 374.16 374.05 373.94 373.94 374.01 374.05 374.01 373.94 374.05 373.94 373.94 373.94 373.20 373.86 373.77 373.77 373.60 373.64 373.94 373.94
 373.94 374.08 374.21 374.11 373.94 373.94 373.94 373.94 373.94 373.94 373.94 373.94 373.94 373.94 373.94 373.94 373.94 373.94 374.03 374.11 373.43 373.69 373.94 373.94
 373.94 373.94 373.94 373.94 373.94 373.94 373.94 373.94 373.94 373.94 373.94 373.94 373.94 373.94 373.94 373.94 373.94 373.94 373.94 373.94 373.94 373.94 373.94 373.94
 373.20 373.20 373.20 373.20 373.20 373.20 373.20 373.20 373.20 373.20 373.20 373.20 373.20 373.20 373.20 373.20 373.20 373.20 373.20 373.20 373.20 373.20 373.20 373.20
 375.84 376.50 376.90 375.05 373.21 373.21 373.21 373.21 373.21 373.21 373.21 374.15 373.27 373.34 373.27 373.21 373.21 373.21 377.93 373.21 373.99 374.78 374.77 375.51
 382.16 380.37 378.46 377.21 376.71 378.46 375.50 377.05 384.64 379.71 375.10 375.10 375.17 375.23 375.23 377.68 373.98 382.65 382.65 379.73 376.32 374.78 374.23 374.54
 380.83 387.57 378.11 378.11 378.46 378.46 375.50 377.05 384.64 379.71 376.55 375.10 373.27 374.31 377.68 377.68 373.98 373.98 378.50 376.80 376.80 373.39 373.39 373.97
 372.76 380.16 378.11 376.81 378.46 378.46 375.50 376.49 375.93 375.65 373.39 373.33 373.27 373.38 373.38 377.68 373.98 376.06 376.06 376.43 372.73 372.37 372.37 372.66
 372.76 376.46 375.50 374.20 374.20 378.46 375.50 375.62 374.75 373.57 373.48 373.80 374.09 374.67 374.67 376.18 373.27 376.06 376.06 372.73 372.73 372.73 372.37 375.06
 375.06 374.29 374.20 374.20 374.20 374.20 374.85 374.89 374.16 373.57 373.79 374.31 374.31 375.21 375.21 373.44 372.56 372.56 376.06 372.73 372.73 373.51 375.06 375.06
 374.34 373.62 373.91 374.20 374.20 374.20 374.20 373.86 373.86 373.86 373.72 373.67 373.92 374.57 374.11 372.56 372.56 372.56 372.56 373.67 372.73 373.77 375.06 375.06
 373.62 373.62 373.62 373.95 373.95 373.94 373.89 373.86 373.86 373.86 373.63 373.41 373.67 374.12 373.68 372.56 372.56 372.56 373.67 373.67 373.60 373.59 374.44 374.34
 373.72 373.62 374.01 373.95 373.95 373.93 373.92 373.92 373.88 373.86 373.71 373.41 373.67 373.92 373.92 373.92 373.24 373.79 373.67 373.67 373.52 373.58 373.92 373.92
 373.92 374.00 374.07 373.98 373.92 373.92 373.92 373.92 373.92 373.92 373.92 373.92 373.92 373.92 373.92 373.92 373.92 373.92 374.02 374.13 373.37 373.64 373.92 373.92
 373.92 373.92 373.92 373.92 373.92 373.92 373.92 373.92 373.92 373.92 373.92 373.92 373.92 373.92 373.92 373.92 373.92 373.92 373.92 373.92 373.92 373.92 373.92 373.92
 378.33 378.33 378.33 378.33 378.33 378.33 378.33 378.33 378.33 378.33 378.33 378.33 378.33 378.33 378.33 378.33 378.33 378.33 378.33 378.33 378.33 378.33 378.33 378.33
 379.64 383.90 379.70 379.02 378.33 378.33 378.33 378.33 378.33 378.33 378.33 378.73 378.63 378.93 378.63 378.33 378.33 378.33 381.41 378.33 378.73 379.13 380.09 379.84
 388.36 389.48 383.19 380.87 380.81 382.05 376.45 379.70 391.31 383.20 379.12 379.12 378.87 378.62 378.62 378.41 377.75 384.49 384.49 382.08 379.90 379.13 377.80 377.17
 383.50 387.39 380.39 380.39 382.05 382.05 376.45 379.70 391.31 383.20 379.62 379.12 375.89 376.84 378.41 378.41 377.75 377.75 380.95 379.67 379.67 376.13 376.13 376.65
 374.76 381.07 380.39 378.57 382.05 382.05 376.45 378.64 377.58 378.09 376.04 375.97 375.89 375.05 375.05 378.41 377.75 378.69 378.69 379.18 374.98 374.50 374.50 374.69
 374.76 377.92 376.76 374.94 374.94 382.05 376.45 377.60 376.56 375.54 375.79 375.42 375.29 375.34 375.34 376.88 375.23 378.69 378.69 374.98 374.98 374.98 374.50 375.19
 375.19 374.67 374.94 374.94 374.94 374.94 375.69 376.83 376.05 375.54 375.32 374.62 374.62 375.40 375.40 373.61 372.71 372.71 378.69 374.98 374.98 375.05 375.19 375.19
 374.53 373.87 374.40 374.94 374.94 374.94 374.52 373.68 373.68 373.68 373.99 374.62 374.62 375.01 374.37 372.71 372.71 372.71 372.71 373.39 374.98 375.07 375.19 375.19
 373.87 373.87 373.87 373.87 373.87 373.86 373.75 373.68 373.68 373.68 373.68 374.31 374.62 374.81 373.93 372.71 372.71 372.71 373.39 373.39 373.30 373.31 374.52 374.53
 373.86 373.87 373.93 373.87 373.87 373.85 373.83 373.83 373.73 373.68 373.73 373.83 374.22 373.83 373.83 373.83 373.27 373.61 373.39 373.39 373.21 373.32 373.83 373.83
 373.83 373.90 373.98 373.89 373.83 373.83 373.83 373.83 373.83 373.83 373.83 373.83 373.83 373.83 373.83 373.83 373.83 373.83 373.97 374.12 373.03 373.43 373.83 373.83
 373.83 373.83 373.83 373.83 373.83 373.83 373.83 373.83 373.83 373.83 373.83 373.83 373.83 373.83 373.83 373.83 373.83 373.83 373.83 373.83 373.83 373.83 373.83 373.83
 380.55 380.55 380.55 380.55 380.55 380.55 380.55 380.55 380.55 380.55 380.55 380.55 380.55 380.55 380.55 380.55 380.55 380.55 380.55 380.55 380.55 380.55 380.55 380.55
 380.49 382.30 383.10 381.83 380.55 380.55 380.55 380.55 380.55 380.55 380.55 380.84 381.39 382.22 381.39 380.55 380.55 380.55 382.59 380.55 380.49 380.43 380.89 380.90
 387.12 389.13 384.01 381.87 381.60 382.13 377.92 380.51 385.33 383.75 381.12 381.12 380.97 380.81 380.81 381.75 379.21 384.62 384.62 382.63 381.05 380.43 379.04 378.57
 383.25 385.67 379.78 379.78 382.13 382.13 377.92 380.51 385.33 383.75 380.43 381.12 377.95 378.44 381.75 381.75 379.21 379.21 381.24 380.64 380.64 377.65 377.65 378.11
 376.96 381.31 379.78 378.43 382.13 382.13 377.92 380.42 380.34 379.37 377.10 377.52 377.95 376.07 376.07 381.75 379.21 378.47 378.47 379.56 376.25 375.59 375.59 376.62
 376.96 379.14 377.07 375.72 375.72 382.13 377.92 379.37 378.31 376.29 376.70 376.44 376.49 376.46 376.46 379.11 376.06 378.47 378.47 376.25 376.25 376.25 375.59 374.95
 374.95 374.80 375.72 375.72 375.72 375.72 376.82 378.34 377.30 376.29 376.02 375.06 375.06 376.07 376.07 373.97 372.92 372.92 378.47 376.25 376.25 375.82 374.95 374.95
 374.34 373.72 374.72 375.72 375.72 375.72 374.96 373.58 373.58 373.58 374.07 375.04 375.04 375.56 374.85 372.92 372.92 372.92 372.92 373.18 376.25 375.67 374.95 374.95
 373.72 373.72 373.72 373.65 373.65 373.70 373.71 373.58 373.58 373.58 373.58 374.55 375.04 375.30 374.23 372.92 372.92 372.92 373.18 373.18 373.12 373.18 374.37 374.34
 373.76 373.72 373.77 373.65 373.65 373.74 373.84 373.84 373.66 373.58 373.66 373.84 374.44 373.84 373.84 373.84 373.38 373.51 373.18 373.18 373.07 373.23 373.84 373.84
 373.84 373.87 373.90 373.80 373.84 373.84 373.84 373.84 373.84 373.84 373.84 373.84 373.84 373.84 373.84 373.84 373.84 373.84 373.86 373.88 372.96 373.40 373.84 373.84
 373.84 373.84 373.84 373.84 373.84 373.84 373.84 373.84 373.84 373.84 373.84 373.84 373.84 373.84 373.84 373.84 373.84 373.84 373.84 373.84 373.84 373.84 373.84 373.84
