1962 MONTHLY CO2 (PPMV)   24  12  LON/LAT (N-S/0-360E) IN 15 DEGREE RESOLUTION,  GLB ANNUAL MEAN = 317.64,  GROWTH RATE = 0.01,  MISS DATA = -99.99
 317.75 317.75 317.75 317.75 317.75 317.75 317.75 317.75 317.75 317.75 317.75 317.75 317.75 317.75 317.75 317.75 317.75 317.75 317.75 317.75 317.75 317.75 317.75 317.75
 317.45 317.45 317.45 317.45 317.45 317.45 317.91 317.94 317.94 317.94 317.94 317.94 317.94 317.94 317.94 317.94 317.94 317.94 317.94 317.94 317.91 317.45 317.45 317.45
 317.45 317.45 317.45 317.45 317.45 317.45 317.88 317.94 317.94 317.94 317.94 317.94 317.94 317.94 317.94 317.94 317.94 317.94 317.94 317.94 317.88 317.45 317.45 317.45
 317.45 317.45 317.45 317.45 317.45 317.45 317.82 317.94 317.94 317.94 317.94 317.94 317.94 317.94 317.94 317.94 317.94 317.94 317.94 317.94 317.82 317.45 317.45 317.45
 317.45 317.45 317.45 317.45 317.45 317.45 317.69 317.94 317.94 317.94 317.94 317.94 317.94 317.94 317.94 317.94 317.94 317.94 317.94 317.94 317.69 317.45 317.45 317.45
 317.45 317.45 317.45 317.45 317.45 317.45 317.45 317.45 317.78 317.94 317.94 317.94 317.94 317.94 317.94 317.94 317.94 317.94 317.78 317.45 317.45 317.45 317.45 317.45
 317.45 317.45 317.45 317.45 317.45 317.45 317.45 317.45 317.45 317.45 317.78 317.94 317.94 317.94 317.94 317.94 317.78 317.45 317.45 317.45 317.45 317.45 317.45 317.45
 317.45 317.45 317.45 317.45 317.45 317.45 317.45 317.45 317.45 317.45 317.45 317.45 317.78 317.94 317.78 317.45 317.45 317.45 317.45 317.45 317.45 317.45 317.45 317.45
 317.45 317.45 317.45 317.45 317.45 317.45 317.45 317.45 317.45 317.45 317.45 317.45 317.45 317.45 317.45 317.45 317.45 317.45 317.45 317.45 317.45 317.45 317.45 317.45
 317.45 317.45 317.45 317.45 317.45 317.45 317.45 317.45 317.45 317.45 317.45 317.45 317.45 317.45 317.45 317.45 317.45 317.45 317.45 317.45 317.45 317.45 317.45 317.45
 317.45 317.45 317.45 317.45 317.45 317.45 317.45 317.45 317.45 317.45 317.45 317.45 317.45 317.45 317.45 317.45 317.45 317.45 317.45 317.45 317.45 317.45 317.45 317.45
 317.45 317.45 317.45 317.45 317.45 317.45 317.45 317.45 317.45 317.45 317.45 317.45 317.45 317.45 317.45 317.45 317.45 317.45 317.45 317.45 317.45 317.45 317.45 317.45
 318.07 318.07 318.07 318.07 318.07 318.07 318.07 318.07 318.07 318.07 318.07 318.07 318.07 318.07 318.07 318.07 318.07 318.07 318.07 318.07 318.07 318.07 318.07 318.07
 317.26 317.26 317.26 317.26 317.26 317.26 318.48 318.56 318.56 318.56 318.56 318.56 318.56 318.56 318.56 318.56 318.56 318.56 318.56 318.56 318.48 317.26 317.26 317.26
 317.26 317.26 317.26 317.26 317.26 317.26 318.40 318.56 318.56 318.56 318.56 318.56 318.56 318.56 318.56 318.56 318.56 318.56 318.56 318.56 318.40 317.26 317.26 317.26
 317.26 317.26 317.26 317.26 317.26 317.26 318.24 318.56 318.56 318.56 318.56 318.56 318.56 318.56 318.56 318.56 318.56 318.56 318.56 318.56 318.24 317.26 317.26 317.26
 317.26 317.26 317.26 317.26 317.26 317.26 317.91 318.56 318.56 318.56 318.56 318.56 318.56 318.56 318.56 318.56 318.56 318.56 318.56 318.56 317.91 317.26 317.26 317.26
 317.26 317.26 317.26 317.26 317.26 317.26 317.26 317.26 318.13 318.56 318.56 318.56 318.56 318.56 318.56 318.56 318.56 318.56 318.13 317.26 317.26 317.26 317.26 317.26
 317.26 317.26 317.26 317.26 317.26 317.26 317.26 317.26 317.26 317.26 318.13 318.56 318.56 318.56 318.56 318.56 318.13 317.26 317.26 317.26 317.26 317.26 317.26 317.26
 317.26 317.26 317.26 317.26 317.26 317.26 317.26 317.26 317.26 317.26 317.26 317.26 318.13 318.56 318.13 317.26 317.26 317.26 317.26 317.26 317.26 317.26 317.26 317.26
 317.26 317.26 317.26 317.26 317.26 317.26 317.26 317.26 317.26 317.26 317.26 317.26 317.26 317.26 317.26 317.26 317.26 317.26 317.26 317.26 317.26 317.26 317.26 317.26
 317.26 317.26 317.26 317.26 317.26 317.26 317.26 317.26 317.26 317.26 317.26 317.26 317.26 317.26 317.26 317.26 317.26 317.26 317.26 317.26 317.26 317.26 317.26 317.26
 317.26 317.26 317.26 317.26 317.26 317.26 317.26 317.26 317.26 317.26 317.26 317.26 317.26 317.26 317.26 317.26 317.26 317.26 317.26 317.26 317.26 317.26 317.26 317.26
 317.26 317.26 317.26 317.26 317.26 317.26 317.26 317.26 317.26 317.26 317.26 317.26 317.26 317.26 317.26 317.26 317.26 317.26 317.26 317.26 317.26 317.26 317.26 317.26
 318.70 318.70 318.70 318.70 318.70 318.70 318.70 318.70 318.70 318.70 318.70 318.70 318.70 318.70 318.70 318.70 318.70 318.70 318.70 318.70 318.70 318.70 318.70 318.70
 317.06 317.06 317.06 317.06 317.06 317.06 319.53 319.69 319.69 319.69 319.69 319.69 319.69 319.69 319.69 319.69 319.69 319.69 319.69 319.69 319.53 317.06 317.06 317.06
 317.06 317.06 317.06 317.06 317.06 317.06 319.36 319.69 319.69 319.69 319.69 319.69 319.69 319.69 319.69 319.69 319.69 319.69 319.69 319.69 319.36 317.06 317.06 317.06
 317.06 317.06 317.06 317.06 317.06 317.06 319.03 319.69 319.69 319.69 319.69 319.69 319.69 319.69 319.69 319.69 319.69 319.69 319.69 319.69 319.03 317.06 317.06 317.06
 317.06 317.06 317.06 317.06 317.06 317.06 318.38 319.69 319.69 319.69 319.69 319.69 319.69 319.69 319.69 319.69 319.69 319.69 319.69 319.69 318.38 317.06 317.06 317.06
 317.06 317.06 317.06 317.06 317.06 317.06 317.06 317.06 318.81 319.69 319.69 319.69 319.69 319.69 319.69 319.69 319.69 319.69 318.81 317.06 317.06 317.06 317.06 317.06
 317.06 317.06 317.06 317.06 317.06 317.06 317.06 317.06 317.06 317.06 318.81 319.69 319.69 319.69 319.69 319.69 318.81 317.06 317.06 317.06 317.06 317.06 317.06 317.06
 317.06 317.06 317.06 317.06 317.06 317.06 317.06 317.06 317.06 317.06 317.06 317.06 318.81 319.69 318.81 317.06 317.06 317.06 317.06 317.06 317.06 317.06 317.06 317.06
 317.06 317.06 317.06 317.06 317.06 317.06 317.06 317.06 317.06 317.06 317.06 317.06 317.06 317.06 317.06 317.06 317.06 317.06 317.06 317.06 317.06 317.06 317.06 317.06
 317.06 317.06 317.06 317.06 317.06 317.06 317.06 317.06 317.06 317.06 317.06 317.06 317.06 317.06 317.06 317.06 317.06 317.06 317.06 317.06 317.06 317.06 317.06 317.06
 317.06 317.06 317.06 317.06 317.06 317.06 317.06 317.06 317.06 317.06 317.06 317.06 317.06 317.06 317.06 317.06 317.06 317.06 317.06 317.06 317.06 317.06 317.06 317.06
 317.06 317.06 317.06 317.06 317.06 317.06 317.06 317.06 317.06 317.06 317.06 317.06 317.06 317.06 317.06 317.06 317.06 317.06 317.06 317.06 317.06 317.06 317.06 317.06
 319.27 319.27 319.27 319.27 319.27 319.27 319.27 319.27 319.27 319.27 319.27 319.27 319.27 319.27 319.27 319.27 319.27 319.27 319.27 319.27 319.27 319.27 319.27 319.27
 317.11 317.11 317.11 317.11 317.11 317.11 320.36 320.58 320.58 320.58 320.58 320.58 320.58 320.58 320.58 320.58 320.58 320.58 320.58 320.58 320.36 317.11 317.11 317.11
 317.11 317.11 317.11 317.11 317.11 317.11 320.15 320.58 320.58 320.58 320.58 320.58 320.58 320.58 320.58 320.58 320.58 320.58 320.58 320.58 320.15 317.11 317.11 317.11
 317.11 317.11 317.11 317.11 317.11 317.11 319.71 320.58 320.58 320.58 320.58 320.58 320.58 320.58 320.58 320.58 320.58 320.58 320.58 320.58 319.71 317.11 317.11 317.11
 317.11 317.11 317.11 317.11 317.11 317.11 318.85 320.58 320.58 320.58 320.58 320.58 320.58 320.58 320.58 320.58 320.58 320.58 320.58 320.58 318.85 317.11 317.11 317.11
 317.11 317.11 317.11 317.11 317.11 317.11 317.11 317.11 319.42 320.58 320.58 320.58 320.58 320.58 320.58 320.58 320.58 320.58 319.42 317.11 317.11 317.11 317.11 317.11
 317.11 317.11 317.11 317.11 317.11 317.11 317.11 317.11 317.11 317.11 319.42 320.58 320.58 320.58 320.58 320.58 319.42 317.11 317.11 317.11 317.11 317.11 317.11 317.11
 317.11 317.11 317.11 317.11 317.11 317.11 317.11 317.11 317.11 317.11 317.11 317.11 319.42 320.58 319.42 317.11 317.11 317.11 317.11 317.11 317.11 317.11 317.11 317.11
 317.11 317.11 317.11 317.11 317.11 317.11 317.11 317.11 317.11 317.11 317.11 317.11 317.11 317.11 317.11 317.11 317.11 317.11 317.11 317.11 317.11 317.11 317.11 317.11
 317.11 317.11 317.11 317.11 317.11 317.11 317.11 317.11 317.11 317.11 317.11 317.11 317.11 317.11 317.11 317.11 317.11 317.11 317.11 317.11 317.11 317.11 317.11 317.11
 317.11 317.11 317.11 317.11 317.11 317.11 317.11 317.11 317.11 317.11 317.11 317.11 317.11 317.11 317.11 317.11 317.11 317.11 317.11 317.11 317.11 317.11 317.11 317.11
 317.11 317.11 317.11 317.11 317.11 317.11 317.11 317.11 317.11 317.11 317.11 317.11 317.11 317.11 317.11 317.11 317.11 317.11 317.11 317.11 317.11 317.11 317.11 317.11
 319.56 319.56 319.56 319.56 319.56 319.56 319.56 319.56 319.56 319.56 319.56 319.56 319.56 319.56 319.56 319.56 319.56 319.56 319.56 319.56 319.56 319.56 319.56 319.56
 317.18 317.18 317.18 317.18 317.18 317.18 320.77 321.01 321.01 321.01 321.01 321.01 321.01 321.01 321.01 321.01 321.01 321.01 321.01 321.01 320.77 317.18 317.18 317.18
 317.18 317.18 317.18 317.18 317.18 317.18 320.53 321.01 321.01 321.01 321.01 321.01 321.01 321.01 321.01 321.01 321.01 321.01 321.01 321.01 320.53 317.18 317.18 317.18
 317.18 317.18 317.18 317.18 317.18 317.18 320.05 321.01 321.01 321.01 321.01 321.01 321.01 321.01 321.01 321.01 321.01 321.01 321.01 321.01 320.05 317.18 317.18 317.18
 317.18 317.18 317.18 317.18 317.18 317.18 319.10 321.01 321.01 321.01 321.01 321.01 321.01 321.01 321.01 321.01 321.01 321.01 321.01 321.01 319.10 317.18 317.18 317.18
 317.18 317.18 317.18 317.18 317.18 317.18 317.18 317.18 319.73 321.01 321.01 321.01 321.01 321.01 321.01 321.01 321.01 321.01 319.73 317.18 317.18 317.18 317.18 317.18
 317.18 317.18 317.18 317.18 317.18 317.18 317.18 317.18 317.18 317.18 319.73 321.01 321.01 321.01 321.01 321.01 319.73 317.18 317.18 317.18 317.18 317.18 317.18 317.18
 317.18 317.18 317.18 317.18 317.18 317.18 317.18 317.18 317.18 317.18 317.18 317.18 319.73 321.01 319.73 317.18 317.18 317.18 317.18 317.18 317.18 317.18 317.18 317.18
 317.18 317.18 317.18 317.18 317.18 317.18 317.18 317.18 317.18 317.18 317.18 317.18 317.18 317.18 317.18 317.18 317.18 317.18 317.18 317.18 317.18 317.18 317.18 317.18
 317.18 317.18 317.18 317.18 317.18 317.18 317.18 317.18 317.18 317.18 317.18 317.18 317.18 317.18 317.18 317.18 317.18 317.18 317.18 317.18 317.18 317.18 317.18 317.18
 317.18 317.18 317.18 317.18 317.18 317.18 317.18 317.18 317.18 317.18 317.18 317.18 317.18 317.18 317.18 317.18 317.18 317.18 317.18 317.18 317.18 317.18 317.18 317.18
 317.18 317.18 317.18 317.18 317.18 317.18 317.18 317.18 317.18 317.18 317.18 317.18 317.18 317.18 317.18 317.18 317.18 317.18 317.18 317.18 317.18 317.18 317.18 317.18
 319.34 319.34 319.34 319.34 319.34 319.34 319.34 319.34 319.34 319.34 319.34 319.34 319.34 319.34 319.34 319.34 319.34 319.34 319.34 319.34 319.34 319.34 319.34 319.34
 317.25 317.25 317.25 317.25 317.25 317.25 320.40 320.61 320.61 320.61 320.61 320.61 320.61 320.61 320.61 320.61 320.61 320.61 320.61 320.61 320.40 317.25 317.25 317.25
 317.25 317.25 317.25 317.25 317.25 317.25 320.19 320.61 320.61 320.61 320.61 320.61 320.61 320.61 320.61 320.61 320.61 320.61 320.61 320.61 320.19 317.25 317.25 317.25
 317.25 317.25 317.25 317.25 317.25 317.25 319.77 320.61 320.61 320.61 320.61 320.61 320.61 320.61 320.61 320.61 320.61 320.61 320.61 320.61 319.77 317.25 317.25 317.25
 317.25 317.25 317.25 317.25 317.25 317.25 318.93 320.61 320.61 320.61 320.61 320.61 320.61 320.61 320.61 320.61 320.61 320.61 320.61 320.61 318.93 317.25 317.25 317.25
 317.25 317.25 317.25 317.25 317.25 317.25 317.25 317.25 319.49 320.61 320.61 320.61 320.61 320.61 320.61 320.61 320.61 320.61 319.49 317.25 317.25 317.25 317.25 317.25
 317.25 317.25 317.25 317.25 317.25 317.25 317.25 317.25 317.25 317.25 319.49 320.61 320.61 320.61 320.61 320.61 319.49 317.25 317.25 317.25 317.25 317.25 317.25 317.25
 317.25 317.25 317.25 317.25 317.25 317.25 317.25 317.25 317.25 317.25 317.25 317.25 319.49 320.61 319.49 317.25 317.25 317.25 317.25 317.25 317.25 317.25 317.25 317.25
 317.25 317.25 317.25 317.25 317.25 317.25 317.25 317.25 317.25 317.25 317.25 317.25 317.25 317.25 317.25 317.25 317.25 317.25 317.25 317.25 317.25 317.25 317.25 317.25
 317.25 317.25 317.25 317.25 317.25 317.25 317.25 317.25 317.25 317.25 317.25 317.25 317.25 317.25 317.25 317.25 317.25 317.25 317.25 317.25 317.25 317.25 317.25 317.25
 317.25 317.25 317.25 317.25 317.25 317.25 317.25 317.25 317.25 317.25 317.25 317.25 317.25 317.25 317.25 317.25 317.25 317.25 317.25 317.25 317.25 317.25 317.25 317.25
 317.25 317.25 317.25 317.25 317.25 317.25 317.25 317.25 317.25 317.25 317.25 317.25 317.25 317.25 317.25 317.25 317.25 317.25 317.25 317.25 317.25 317.25 317.25 317.25
 318.73 318.73 318.73 318.73 318.73 318.73 318.73 318.73 318.73 318.73 318.73 318.73 318.73 318.73 318.73 318.73 318.73 318.73 318.73 318.73 318.73 318.73 318.73 318.73
 317.27 317.27 317.27 317.27 317.27 317.27 319.46 319.61 319.61 319.61 319.61 319.61 319.61 319.61 319.61 319.61 319.61 319.61 319.61 319.61 319.46 317.27 317.27 317.27
 317.27 317.27 317.27 317.27 317.27 317.27 319.32 319.61 319.61 319.61 319.61 319.61 319.61 319.61 319.61 319.61 319.61 319.61 319.61 319.61 319.32 317.27 317.27 317.27
 317.27 317.27 317.27 317.27 317.27 317.27 319.02 319.61 319.61 319.61 319.61 319.61 319.61 319.61 319.61 319.61 319.61 319.61 319.61 319.61 319.02 317.27 317.27 317.27
 317.27 317.27 317.27 317.27 317.27 317.27 318.44 319.61 319.61 319.61 319.61 319.61 319.61 319.61 319.61 319.61 319.61 319.61 319.61 319.61 318.44 317.27 317.27 317.27
 317.27 317.27 317.27 317.27 317.27 317.27 317.27 317.27 318.83 319.61 319.61 319.61 319.61 319.61 319.61 319.61 319.61 319.61 318.83 317.27 317.27 317.27 317.27 317.27
 317.27 317.27 317.27 317.27 317.27 317.27 317.27 317.27 317.27 317.27 318.83 319.61 319.61 319.61 319.61 319.61 318.83 317.27 317.27 317.27 317.27 317.27 317.27 317.27
 317.27 317.27 317.27 317.27 317.27 317.27 317.27 317.27 317.27 317.27 317.27 317.27 318.83 319.61 318.83 317.27 317.27 317.27 317.27 317.27 317.27 317.27 317.27 317.27
 317.27 317.27 317.27 317.27 317.27 317.27 317.27 317.27 317.27 317.27 317.27 317.27 317.27 317.27 317.27 317.27 317.27 317.27 317.27 317.27 317.27 317.27 317.27 317.27
 317.27 317.27 317.27 317.27 317.27 317.27 317.27 317.27 317.27 317.27 317.27 317.27 317.27 317.27 317.27 317.27 317.27 317.27 317.27 317.27 317.27 317.27 317.27 317.27
 317.27 317.27 317.27 317.27 317.27 317.27 317.27 317.27 317.27 317.27 317.27 317.27 317.27 317.27 317.27 317.27 317.27 317.27 317.27 317.27 317.27 317.27 317.27 317.27
 317.27 317.27 317.27 317.27 317.27 317.27 317.27 317.27 317.27 317.27 317.27 317.27 317.27 317.27 317.27 317.27 317.27 317.27 317.27 317.27 317.27 317.27 317.27 317.27
 317.49 317.49 317.49 317.49 317.49 317.49 317.49 317.49 317.49 317.49 317.49 317.49 317.49 317.49 317.49 317.49 317.49 317.49 317.49 317.49 317.49 317.49 317.49 317.49
 317.64 317.64 317.64 317.64 317.64 317.64 317.41 317.40 317.40 317.40 317.40 317.40 317.40 317.40 317.40 317.40 317.40 317.40 317.40 317.40 317.41 317.64 317.64 317.64
 317.64 317.64 317.64 317.64 317.64 317.64 317.43 317.40 317.40 317.40 317.40 317.40 317.40 317.40 317.40 317.40 317.40 317.40 317.40 317.40 317.43 317.64 317.64 317.64
 317.64 317.64 317.64 317.64 317.64 317.64 317.46 317.40 317.40 317.40 317.40 317.40 317.40 317.40 317.40 317.40 317.40 317.40 317.40 317.40 317.46 317.64 317.64 317.64
 317.64 317.64 317.64 317.64 317.64 317.64 317.52 317.40 317.40 317.40 317.40 317.40 317.40 317.40 317.40 317.40 317.40 317.40 317.40 317.40 317.52 317.64 317.64 317.64
 317.64 317.64 317.64 317.64 317.64 317.64 317.64 317.64 317.48 317.40 317.40 317.40 317.40 317.40 317.40 317.40 317.40 317.40 317.48 317.64 317.64 317.64 317.64 317.64
 317.64 317.64 317.64 317.64 317.64 317.64 317.64 317.64 317.64 317.64 317.48 317.40 317.40 317.40 317.40 317.40 317.48 317.64 317.64 317.64 317.64 317.64 317.64 317.64
 317.64 317.64 317.64 317.64 317.64 317.64 317.64 317.64 317.64 317.64 317.64 317.64 317.48 317.40 317.48 317.64 317.64 317.64 317.64 317.64 317.64 317.64 317.64 317.64
 317.64 317.64 317.64 317.64 317.64 317.64 317.64 317.64 317.64 317.64 317.64 317.64 317.64 317.64 317.64 317.64 317.64 317.64 317.64 317.64 317.64 317.64 317.64 317.64
 317.64 317.64 317.64 317.64 317.64 317.64 317.64 317.64 317.64 317.64 317.64 317.64 317.64 317.64 317.64 317.64 317.64 317.64 317.64 317.64 317.64 317.64 317.64 317.64
 317.64 317.64 317.64 317.64 317.64 317.64 317.64 317.64 317.64 317.64 317.64 317.64 317.64 317.64 317.64 317.64 317.64 317.64 317.64 317.64 317.64 317.64 317.64 317.64
 317.64 317.64 317.64 317.64 317.64 317.64 317.64 317.64 317.64 317.64 317.64 317.64 317.64 317.64 317.64 317.64 317.64 317.64 317.64 317.64 317.64 317.64 317.64 317.64
 316.94 316.94 316.94 316.94 316.94 316.94 316.94 316.94 316.94 316.94 316.94 316.94 316.94 316.94 316.94 316.94 316.94 316.94 316.94 316.94 316.94 316.94 316.94 316.94
 318.07 318.07 318.07 318.07 318.07 318.07 316.37 316.26 316.26 316.26 316.26 316.26 316.26 316.26 316.26 316.26 316.26 316.26 316.26 316.26 316.37 318.07 318.07 318.07
 318.07 318.07 318.07 318.07 318.07 318.07 316.49 316.26 316.26 316.26 316.26 316.26 316.26 316.26 316.26 316.26 316.26 316.26 316.26 316.26 316.49 318.07 318.07 318.07
 318.07 318.07 318.07 318.07 318.07 318.07 316.71 316.26 316.26 316.26 316.26 316.26 316.26 316.26 316.26 316.26 316.26 316.26 316.26 316.26 316.71 318.07 318.07 318.07
 318.07 318.07 318.07 318.07 318.07 318.07 317.16 316.26 316.26 316.26 316.26 316.26 316.26 316.26 316.26 316.26 316.26 316.26 316.26 316.26 317.16 318.07 318.07 318.07
 318.07 318.07 318.07 318.07 318.07 318.07 318.07 318.07 316.86 316.26 316.26 316.26 316.26 316.26 316.26 316.26 316.26 316.26 316.86 318.07 318.07 318.07 318.07 318.07
 318.07 318.07 318.07 318.07 318.07 318.07 318.07 318.07 318.07 318.07 316.86 316.26 316.26 316.26 316.26 316.26 316.86 318.07 318.07 318.07 318.07 318.07 318.07 318.07
 318.07 318.07 318.07 318.07 318.07 318.07 318.07 318.07 318.07 318.07 318.07 318.07 316.86 316.26 316.86 318.07 318.07 318.07 318.07 318.07 318.07 318.07 318.07 318.07
 318.07 318.07 318.07 318.07 318.07 318.07 318.07 318.07 318.07 318.07 318.07 318.07 318.07 318.07 318.07 318.07 318.07 318.07 318.07 318.07 318.07 318.07 318.07 318.07
 318.07 318.07 318.07 318.07 318.07 318.07 318.07 318.07 318.07 318.07 318.07 318.07 318.07 318.07 318.07 318.07 318.07 318.07 318.07 318.07 318.07 318.07 318.07 318.07
 318.07 318.07 318.07 318.07 318.07 318.07 318.07 318.07 318.07 318.07 318.07 318.07 318.07 318.07 318.07 318.07 318.07 318.07 318.07 318.07 318.07 318.07 318.07 318.07
 318.07 318.07 318.07 318.07 318.07 318.07 318.07 318.07 318.07 318.07 318.07 318.07 318.07 318.07 318.07 318.07 318.07 318.07 318.07 318.07 318.07 318.07 318.07 318.07
 315.42 315.42 315.42 315.42 315.42 315.42 315.42 315.42 315.42 315.42 315.42 315.42 315.42 315.42 315.42 315.42 315.42 315.42 315.42 315.42 315.42 315.42 315.42 315.42
 315.42 315.42 315.42 315.42 315.42 315.42 315.42 315.42 315.42 315.42 315.42 315.42 315.42 315.42 315.42 315.42 315.42 315.42 315.42 315.42 315.42 315.42 315.42 315.42
 315.42 315.42 315.42 315.42 315.42 315.42 315.42 315.42 315.42 315.42 315.42 315.42 315.42 315.42 315.42 315.42 315.42 315.42 315.42 315.42 315.42 315.42 315.42 315.42
 315.42 315.42 315.42 315.42 315.42 315.42 315.42 315.42 315.42 315.42 315.42 315.42 315.42 315.42 315.42 315.42 315.42 315.42 315.42 315.42 315.42 315.42 315.42 315.42
 315.42 315.42 315.42 315.42 315.42 315.42 315.42 315.42 315.42 315.42 315.42 315.42 315.42 315.42 315.42 315.42 315.42 315.42 315.42 315.42 315.42 315.42 315.42 315.42
 315.42 315.42 315.42 315.42 315.42 315.42 315.42 315.42 315.42 315.42 315.42 315.42 315.42 315.42 315.42 315.42 315.42 315.42 315.42 315.42 315.42 315.42 315.42 315.42
 315.42 315.42 315.42 315.42 315.42 315.42 315.42 315.42 315.42 315.42 315.42 315.42 315.42 315.42 315.42 315.42 315.42 315.42 315.42 315.42 315.42 315.42 315.42 315.42
 315.42 315.42 315.42 315.42 315.42 315.42 315.42 315.42 315.42 315.42 315.42 315.42 315.42 315.42 315.42 315.42 315.42 315.42 315.42 315.42 315.42 315.42 315.42 315.42
 315.42 315.42 315.42 315.42 315.42 315.42 315.42 315.42 315.42 315.42 315.42 315.42 315.42 315.42 315.42 315.42 315.42 315.42 315.42 315.42 315.42 315.42 315.42 315.42
 315.42 315.42 315.42 315.42 315.42 315.42 315.42 315.42 315.42 315.42 315.42 315.42 315.42 315.42 315.42 315.42 315.42 315.42 315.42 315.42 315.42 315.42 315.42 315.42
 315.42 315.42 315.42 315.42 315.42 315.42 315.42 315.42 315.42 315.42 315.42 315.42 315.42 315.42 315.42 315.42 315.42 315.42 315.42 315.42 315.42 315.42 315.42 315.42
 315.42 315.42 315.42 315.42 315.42 315.42 315.42 315.42 315.42 315.42 315.42 315.42 315.42 315.42 315.42 315.42 315.42 315.42 315.42 315.42 315.42 315.42 315.42 315.42
 316.69 316.69 316.69 316.69 316.69 316.69 316.69 316.69 316.69 316.69 316.69 316.69 316.69 316.69 316.69 316.69 316.69 316.69 316.69 316.69 316.69 316.69 316.69 316.69
 316.69 316.69 316.69 316.69 316.69 316.69 316.69 316.69 316.69 316.69 316.69 316.69 316.69 316.69 316.69 316.69 316.69 316.69 316.69 316.69 316.69 316.69 316.69 316.69
 316.69 316.69 316.69 316.69 316.69 316.69 316.69 316.69 316.69 316.69 316.69 316.69 316.69 316.69 316.69 316.69 316.69 316.69 316.69 316.69 316.69 316.69 316.69 316.69
 316.69 316.69 316.69 316.69 316.69 316.69 316.69 316.69 316.69 316.69 316.69 316.69 316.69 316.69 316.69 316.69 316.69 316.69 316.69 316.69 316.69 316.69 316.69 316.69
 316.69 316.69 316.69 316.69 316.69 316.69 316.69 316.69 316.69 316.69 316.69 316.69 316.69 316.69 316.69 316.69 316.69 316.69 316.69 316.69 316.69 316.69 316.69 316.69
 316.69 316.69 316.69 316.69 316.69 316.69 316.69 316.69 316.69 316.69 316.69 316.69 316.69 316.69 316.69 316.69 316.69 316.69 316.69 316.69 316.69 316.69 316.69 316.69
 316.69 316.69 316.69 316.69 316.69 316.69 316.69 316.69 316.69 316.69 316.69 316.69 316.69 316.69 316.69 316.69 316.69 316.69 316.69 316.69 316.69 316.69 316.69 316.69
 316.69 316.69 316.69 316.69 316.69 316.69 316.69 316.69 316.69 316.69 316.69 316.69 316.69 316.69 316.69 316.69 316.69 316.69 316.69 316.69 316.69 316.69 316.69 316.69
 316.69 316.69 316.69 316.69 316.69 316.69 316.69 316.69 316.69 316.69 316.69 316.69 316.69 316.69 316.69 316.69 316.69 316.69 316.69 316.69 316.69 316.69 316.69 316.69
 316.69 316.69 316.69 316.69 316.69 316.69 316.69 316.69 316.69 316.69 316.69 316.69 316.69 316.69 316.69 316.69 316.69 316.69 316.69 316.69 316.69 316.69 316.69 316.69
 316.69 316.69 316.69 316.69 316.69 316.69 316.69 316.69 316.69 316.69 316.69 316.69 316.69 316.69 316.69 316.69 316.69 316.69 316.69 316.69 316.69 316.69 316.69 316.69
 316.69 316.69 316.69 316.69 316.69 316.69 316.69 316.69 316.69 316.69 316.69 316.69 316.69 316.69 316.69 316.69 316.69 316.69 316.69 316.69 316.69 316.69 316.69 316.69
 318.04 318.04 318.04 318.04 318.04 318.04 318.04 318.04 318.04 318.04 318.04 318.04 318.04 318.04 318.04 318.04 318.04 318.04 318.04 318.04 318.04 318.04 318.04 318.04
 318.63 318.63 318.63 318.63 318.63 318.63 317.75 317.69 317.69 317.69 317.69 317.69 317.69 317.69 317.69 317.69 317.69 317.69 317.69 317.69 317.75 318.63 318.63 318.63
 318.63 318.63 318.63 318.63 318.63 318.63 317.81 317.69 317.69 317.69 317.69 317.69 317.69 317.69 317.69 317.69 317.69 317.69 317.69 317.69 317.81 318.63 318.63 318.63
 318.63 318.63 318.63 318.63 318.63 318.63 317.92 317.69 317.69 317.69 317.69 317.69 317.69 317.69 317.69 317.69 317.69 317.69 317.69 317.69 317.92 318.63 318.63 318.63
 318.63 318.63 318.63 318.63 318.63 318.63 318.16 317.69 317.69 317.69 317.69 317.69 317.69 317.69 317.69 317.69 317.69 317.69 317.69 317.69 318.16 318.63 318.63 318.63
 318.63 318.63 318.63 318.63 318.63 318.63 318.63 318.63 318.00 317.69 317.69 317.69 317.69 317.69 317.69 317.69 317.69 317.69 318.00 318.63 318.63 318.63 318.63 318.63
 318.63 318.63 318.63 318.63 318.63 318.63 318.63 318.63 318.63 318.63 318.00 317.69 317.69 317.69 317.69 317.69 318.00 318.63 318.63 318.63 318.63 318.63 318.63 318.63
 318.63 318.63 318.63 318.63 318.63 318.63 318.63 318.63 318.63 318.63 318.63 318.63 318.00 317.69 318.00 318.63 318.63 318.63 318.63 318.63 318.63 318.63 318.63 318.63
 318.63 318.63 318.63 318.63 318.63 318.63 318.63 318.63 318.63 318.63 318.63 318.63 318.63 318.63 318.63 318.63 318.63 318.63 318.63 318.63 318.63 318.63 318.63 318.63
 318.63 318.63 318.63 318.63 318.63 318.63 318.63 318.63 318.63 318.63 318.63 318.63 318.63 318.63 318.63 318.63 318.63 318.63 318.63 318.63 318.63 318.63 318.63 318.63
 318.63 318.63 318.63 318.63 318.63 318.63 318.63 318.63 318.63 318.63 318.63 318.63 318.63 318.63 318.63 318.63 318.63 318.63 318.63 318.63 318.63 318.63 318.63 318.63
 318.63 318.63 318.63 318.63 318.63 318.63 318.63 318.63 318.63 318.63 318.63 318.63 318.63 318.63 318.63 318.63 318.63 318.63 318.63 318.63 318.63 318.63 318.63 318.63
