1989 MONTHLY CO2 (PPMV)   24  12  LON/LAT (N-S/0-360E) IN 15 DEGREE RESOLUTION,  GLB ANNUAL MEAN = 353.49,  GROWTH RATE = 2.07,  MISS DATA = -99.99
 359.38 359.38 359.38 359.38 359.38 359.38 359.38 359.38 359.38 359.38 359.38 359.38 359.38 359.38 359.38 359.38 359.38 359.38 359.38 359.38 359.38 359.38 359.38 359.38
 356.53 362.43 361.80 360.59 359.38 359.38 359.38 359.38 359.38 359.38 359.38 358.81 359.66 359.94 359.66 358.39 359.38 359.38 359.38 359.38 359.38 358.23 359.38 358.29
 357.87 372.01 366.90 363.75 355.33 353.30 355.33 359.38 364.16 366.56 358.25 358.25 357.93 357.61 357.51 357.40 356.20 356.86 356.60 359.56 360.58 357.08 355.73 355.98
 354.10 363.06 364.98 353.30 353.30 353.30 353.30 359.93 366.56 366.56 366.56 358.25 354.55 355.24 357.36 357.36 354.99 354.99 353.82 358.71 364.09 358.52 354.38 354.17
 354.10 358.58 356.92 352.07 353.30 353.30 353.30 356.45 359.71 359.71 358.42 354.55 354.55 352.86 352.86 357.36 354.99 353.82 353.82 353.34 357.01 352.60 352.60 352.60
 352.30 353.67 352.07 352.07 352.07 353.30 353.15 352.86 352.86 352.86 352.86 352.99 352.96 352.73 352.73 355.04 354.99 353.82 353.82 353.47 353.60 353.60 352.60 351.40
 351.40 351.74 352.07 352.07 352.07 351.07 350.57 352.86 352.86 352.86 352.44 351.61 351.61 354.17 354.17 354.17 354.58 353.82 353.82 353.54 353.60 352.87 351.40 351.40
 351.40 351.73 352.07 352.07 351.07 350.07 350.07 349.54 349.00 349.00 349.78 350.90 351.93 353.05 353.61 353.89 352.75 352.48 353.82 352.26 353.60 352.62 351.40 351.40
 350.86 349.61 349.58 351.07 350.07 350.07 350.07 349.54 349.00 349.00 349.44 349.88 350.90 351.97 351.79 349.79 349.79 349.79 349.66 349.64 350.97 349.79 350.86 351.40
 349.79 349.63 349.58 349.63 349.98 350.07 349.98 349.79 349.26 349.00 349.53 349.88 350.19 349.79 349.79 349.79 349.79 349.79 349.68 349.64 349.68 349.79 349.79 349.79
 349.79 349.68 349.58 349.68 349.79 349.79 349.79 349.79 349.79 349.79 349.79 349.79 349.79 349.79 349.79 349.79 349.79 349.79 349.71 349.64 349.71 349.79 349.79 349.79
 349.79 349.79 349.79 349.79 349.79 349.79 349.79 349.79 349.79 349.79 349.79 349.79 349.79 349.79 349.79 349.79 349.79 349.79 349.79 349.79 349.79 349.79 349.79 349.79
 360.67 360.67 360.67 360.67 360.67 360.67 360.67 360.67 360.67 360.67 360.67 360.67 360.67 360.67 360.67 360.67 360.67 360.67 360.67 360.67 360.67 360.67 360.67 360.67
 357.16 363.15 360.80 360.73 360.67 360.67 360.67 360.67 360.67 360.67 360.67 360.10 359.69 358.71 359.69 358.94 360.67 360.67 360.67 360.67 360.67 358.96 360.67 358.85
 356.91 373.97 367.38 364.06 357.76 356.30 357.76 360.67 365.30 367.61 359.53 359.53 358.84 358.14 357.67 357.21 356.25 357.40 357.64 356.79 358.25 357.25 356.03 355.76
 354.60 364.29 365.84 356.30 356.30 356.30 356.30 361.96 367.61 367.61 367.61 359.53 355.25 355.61 357.88 357.88 355.29 355.29 355.47 356.79 359.25 357.11 354.82 354.66
 354.60 359.44 358.31 353.99 356.30 356.30 356.30 358.50 361.12 361.12 359.65 355.25 355.25 353.09 353.09 357.88 355.29 354.14 354.14 354.10 355.74 353.90 353.90 353.90
 352.41 354.62 353.99 353.99 353.99 356.30 355.74 354.62 354.62 354.62 354.62 353.79 353.49 353.39 353.39 355.63 355.29 354.14 354.14 353.98 353.86 353.86 353.90 351.31
 351.31 352.65 353.99 353.99 353.99 352.06 351.10 354.62 354.62 354.62 353.69 351.82 351.82 354.87 354.87 354.87 355.08 354.14 354.14 353.92 353.86 353.01 351.31 351.31
 351.31 352.65 353.99 353.99 352.06 350.13 350.13 349.59 349.05 349.05 349.85 351.29 353.25 354.06 354.47 354.67 353.18 352.69 354.14 352.48 353.86 352.73 351.31 351.31
 350.80 349.79 351.95 352.06 350.13 350.13 350.13 349.59 349.05 349.05 349.19 349.33 351.29 352.68 352.31 349.79 349.79 349.79 349.68 349.66 351.07 349.79 350.80 351.31
 349.79 349.79 349.79 349.79 350.02 350.13 350.02 349.79 349.30 349.05 349.34 349.33 350.14 349.79 349.79 349.79 349.79 349.79 349.69 349.66 349.69 349.79 349.79 349.79
 349.79 349.79 349.79 349.79 349.79 349.79 349.79 349.79 349.79 349.79 349.79 349.79 349.79 349.79 349.79 349.79 349.79 349.79 349.72 349.66 349.72 349.79 349.79 349.79
 349.79 349.79 349.79 349.79 349.79 349.79 349.79 349.79 349.79 349.79 349.79 349.79 349.79 349.79 349.79 349.79 349.79 349.79 349.79 349.79 349.79 349.79 349.79 349.79
 360.69 360.69 360.69 360.69 360.69 360.69 360.69 360.69 360.69 360.69 360.69 360.69 360.69 360.69 360.69 360.69 360.69 360.69 360.69 360.69 360.69 360.69 360.69 360.69
 357.90 362.65 362.50 361.60 360.69 360.69 360.69 360.69 360.69 360.69 360.69 359.86 360.14 359.59 360.14 358.67 360.69 360.69 360.69 360.69 360.69 359.26 360.69 358.80
 355.92 369.50 366.00 363.80 357.83 356.40 357.83 360.69 363.56 365.00 359.02 359.02 359.16 359.31 357.98 356.64 356.26 357.61 358.21 357.52 358.85 357.82 357.56 356.11
 356.30 362.90 364.45 356.40 356.40 356.40 356.40 360.70 365.00 365.00 365.00 359.02 356.05 356.61 356.89 356.89 355.88 355.88 356.40 357.52 359.88 358.34 357.31 356.55
 356.30 359.60 357.73 353.43 356.40 356.40 356.40 358.12 360.12 360.12 359.10 356.05 356.05 353.90 353.90 356.89 355.88 355.29 355.29 354.77 356.37 354.20 354.20 354.20
 352.55 354.41 353.43 353.43 353.43 356.40 356.01 355.24 355.24 355.24 355.24 354.25 354.04 354.38 354.38 355.64 355.88 355.29 355.29 354.61 354.45 354.45 354.20 350.67
 350.67 352.05 353.43 353.43 353.43 351.79 350.97 355.24 355.24 355.24 354.05 351.68 351.68 355.22 355.22 355.22 355.55 355.29 355.29 354.53 354.45 353.19 350.67 350.67
 350.67 352.05 353.43 353.43 351.79 350.14 350.14 349.73 349.31 349.31 350.02 350.99 351.77 353.50 354.36 354.79 353.35 353.43 355.29 352.99 354.45 352.77 350.67 350.67
 350.35 349.71 351.64 351.79 350.14 350.14 350.14 349.73 349.31 349.31 349.75 350.20 350.99 352.24 352.10 349.71 349.71 349.71 349.96 350.00 351.46 349.71 350.35 350.67
 349.71 349.71 349.71 349.71 350.00 350.14 350.00 349.71 349.44 349.31 349.74 350.20 350.30 349.71 349.71 349.71 349.71 349.71 349.93 350.00 349.93 349.71 349.71 349.71
 349.71 349.71 349.71 349.71 349.71 349.71 349.71 349.71 349.71 349.71 349.71 349.71 349.71 349.71 349.71 349.71 349.71 349.71 349.85 350.00 349.85 349.71 349.71 349.71
 349.71 349.71 349.71 349.71 349.71 349.71 349.71 349.71 349.71 349.71 349.71 349.71 349.71 349.71 349.71 349.71 349.71 349.71 349.71 349.71 349.71 349.71 349.71 349.71
 360.63 360.63 360.63 360.63 360.63 360.63 360.63 360.63 360.63 360.63 360.63 360.63 360.63 360.63 360.63 360.63 360.63 360.63 360.63 360.63 360.63 360.63 360.63 360.63
 358.51 361.03 359.80 360.21 360.63 360.63 360.63 360.63 360.63 360.63 360.63 360.59 360.17 359.70 360.17 359.53 360.63 360.63 360.63 360.63 360.63 359.99 360.63 358.93
 355.94 365.17 362.49 361.35 358.21 357.00 358.21 360.63 365.08 367.31 360.55 360.55 360.60 360.66 359.55 358.44 357.45 358.18 358.55 357.91 359.74 359.36 358.48 357.12
 358.30 361.74 362.11 357.00 357.00 357.00 357.00 362.15 367.31 367.31 367.31 360.55 357.78 358.17 356.50 356.50 356.46 356.46 357.12 357.91 360.11 359.02 357.59 358.12
 358.30 360.02 356.54 352.01 357.00 357.00 357.00 359.19 361.63 361.63 360.67 357.78 357.78 355.67 355.67 356.50 356.46 356.33 356.33 355.89 357.05 355.30 355.30 355.30
 353.27 354.17 352.01 352.01 352.01 357.00 356.65 355.96 355.96 355.96 355.96 355.04 354.64 354.38 354.38 355.44 356.46 356.33 356.33 355.52 355.15 355.15 355.30 350.75
 350.75 351.38 352.01 352.01 352.01 351.01 350.51 355.96 355.96 355.96 354.56 351.76 351.76 355.14 355.14 355.14 355.80 356.33 356.33 355.33 355.15 353.68 350.75 350.75
 350.75 351.38 352.01 352.01 351.01 350.00 350.00 349.60 349.19 349.19 350.02 351.02 351.55 353.34 354.24 354.69 353.42 354.15 356.33 353.53 355.15 353.19 350.75 350.75
 350.43 349.79 350.93 351.01 350.00 350.00 350.00 349.60 349.19 349.19 349.84 350.50 351.02 352.18 352.07 349.79 349.79 349.79 350.06 350.10 351.76 349.79 350.43 350.75
 349.79 349.79 349.79 349.79 349.93 350.00 349.93 349.79 349.39 349.19 349.83 350.50 350.43 349.79 349.79 349.79 349.79 349.79 350.02 350.10 350.02 349.79 349.79 349.79
 349.79 349.79 349.79 349.79 349.79 349.79 349.79 349.79 349.79 349.79 349.79 349.79 349.79 349.79 349.79 349.79 349.79 349.79 349.94 350.10 349.94 349.79 349.79 349.79
 349.79 349.79 349.79 349.79 349.79 349.79 349.79 349.79 349.79 349.79 349.79 349.79 349.79 349.79 349.79 349.79 349.79 349.79 349.79 349.79 349.79 349.79 349.79 349.79
 359.62 359.62 359.62 359.62 359.62 359.62 359.62 359.62 359.62 359.62 359.62 359.62 359.62 359.62 359.62 359.62 359.62 359.62 359.62 359.62 359.62 359.62 359.62 359.62
 358.11 360.11 357.60 358.61 359.62 359.62 359.62 359.62 359.62 359.62 359.62 360.13 359.42 359.21 359.42 359.55 359.62 359.62 359.62 359.62 359.62 357.90 359.62 357.02
 350.75 365.13 361.37 359.99 358.47 357.90 358.47 359.62 366.02 369.21 360.64 360.64 360.12 359.60 359.55 359.49 358.14 358.19 357.72 356.76 358.56 356.18 356.02 352.47
 354.20 359.66 360.51 357.90 357.90 357.90 357.90 363.56 369.21 369.21 369.21 360.64 357.68 357.86 357.01 357.01 356.79 356.79 356.78 356.76 360.94 357.66 355.86 354.62
 354.20 356.93 354.78 350.84 357.90 357.90 357.90 360.30 362.99 362.99 361.66 357.68 357.68 356.12 356.12 357.01 356.79 356.80 356.80 356.66 357.78 354.80 354.80 354.80
 352.25 352.77 350.84 350.84 350.84 357.90 357.52 356.76 356.76 356.76 356.76 355.19 354.43 353.74 353.74 355.38 356.79 358.50 358.50 356.21 355.75 355.75 354.80 351.27
 351.27 351.05 350.84 350.84 350.84 350.36 350.12 356.76 356.76 356.76 355.13 351.88 351.88 354.71 354.71 354.71 360.21 360.21 360.21 360.21 355.75 354.26 351.27 351.27
 351.27 351.06 350.84 350.84 350.36 349.88 349.88 349.60 349.31 349.31 350.21 351.45 352.49 353.60 354.15 354.43 360.21 360.21 360.21 360.21 355.75 353.76 351.27 351.27
 350.84 349.98 350.39 350.36 349.88 349.88 349.88 349.60 349.31 349.31 349.86 350.41 351.45 352.53 352.22 349.98 349.98 356.80 360.21 350.17 352.01 349.98 350.84 351.27
 349.98 349.98 349.98 349.98 349.92 349.88 349.92 349.98 349.53 349.31 349.89 350.41 350.61 349.98 349.98 349.98 349.98 349.98 350.12 350.17 350.12 349.98 349.98 349.98
 349.98 349.98 349.98 349.98 349.98 349.98 349.98 349.98 349.98 349.98 349.98 349.98 349.98 349.98 349.98 349.98 349.98 349.98 350.07 350.17 350.07 349.98 349.98 349.98
 349.98 349.98 349.98 349.98 349.98 349.98 349.98 349.98 349.98 349.98 349.98 349.98 349.98 349.98 349.98 349.98 349.98 349.98 349.98 349.98 349.98 349.98 349.98 349.98
 358.40 358.40 358.40 358.40 358.40 358.40 358.40 358.40 358.40 358.40 358.40 358.40 358.40 358.40 358.40 358.40 358.40 358.40 358.40 358.40 358.40 358.40 358.40 358.40
 355.95 355.62 352.50 355.45 358.40 358.40 358.40 358.40 358.40 358.40 358.40 357.11 358.50 358.61 358.50 356.08 358.40 358.40 358.40 358.40 358.40 355.62 358.40 355.37
 348.75 348.75 352.50 353.98 357.47 357.00 357.47 358.40 360.84 362.06 355.81 355.81 355.78 355.75 354.75 353.75 354.29 355.84 355.52 353.45 353.82 352.83 353.05 350.42
 352.10 352.10 352.30 357.00 357.00 357.00 357.00 359.53 362.06 362.06 362.06 355.81 356.31 355.54 354.86 354.86 354.82 354.82 354.72 353.45 354.82 353.64 353.28 352.39
 352.10 352.10 351.65 351.10 357.00 357.00 357.00 357.98 359.15 359.15 358.44 356.31 356.31 355.33 355.33 354.86 354.82 355.98 355.98 355.56 355.04 353.90 353.90 353.90
 351.83 351.61 351.10 351.10 351.10 357.00 356.75 356.25 356.25 356.25 356.25 354.33 353.67 353.62 353.62 354.24 354.82 358.06 358.06 355.15 354.74 354.74 353.90 351.69
 351.69 351.39 351.10 351.10 351.10 350.62 350.37 356.25 356.25 356.25 354.53 351.08 351.08 354.21 354.21 354.21 360.14 360.14 360.14 360.14 354.74 353.72 351.69 351.69
 351.69 351.39 351.10 351.10 350.62 350.13 350.13 349.88 349.62 349.62 350.12 350.84 351.50 352.85 353.53 353.87 360.14 360.14 360.14 360.14 354.74 353.38 351.69 351.69
 351.21 350.24 350.65 350.62 350.13 350.13 350.13 349.88 349.62 349.62 349.90 350.18 350.84 351.85 351.87 350.24 350.24 356.84 360.14 350.94 352.15 350.24 351.21 351.69
 350.24 350.24 350.24 350.24 350.17 350.13 350.17 350.24 349.83 349.62 349.99 350.18 350.42 350.24 350.24 350.24 350.24 350.24 350.76 350.94 350.76 350.24 350.24 350.24
 350.24 350.24 350.24 350.24 350.24 350.24 350.24 350.24 350.24 350.24 350.24 350.24 350.24 350.24 350.24 350.24 350.24 350.24 350.59 350.94 350.59 350.24 350.24 350.24
 350.24 350.24 350.24 350.24 350.24 350.24 350.24 350.24 350.24 350.24 350.24 350.24 350.24 350.24 350.24 350.24 350.24 350.24 350.24 350.24 350.24 350.24 350.24 350.24
 352.51 352.51 352.51 352.51 352.51 352.51 352.51 352.51 352.51 352.51 352.51 352.51 352.51 352.51 352.51 352.51 352.51 352.51 352.51 352.51 352.51 352.51 352.51 352.51
 350.31 349.31 345.10 348.80 352.51 352.51 352.51 352.51 352.51 352.51 352.51 349.39 351.76 351.02 351.76 350.40 352.51 352.51 352.51 352.51 352.51 352.70 352.51 351.09
 349.03 349.03 345.10 346.95 353.90 354.60 353.90 352.51 356.61 358.67 346.27 346.27 347.17 348.07 348.19 348.30 350.05 351.45 352.00 350.96 353.78 352.89 352.89 349.91
 350.80 350.80 347.95 354.60 354.60 354.60 354.60 356.63 358.67 358.67 358.67 346.27 353.18 350.72 349.20 349.20 351.79 351.79 352.54 350.96 354.67 353.78 351.30 350.80
 350.80 350.80 350.71 352.05 354.60 354.60 354.60 355.61 356.62 356.62 355.76 353.18 353.18 353.37 353.37 349.20 351.79 354.11 354.11 353.50 353.33 351.30 351.30 351.30
 351.81 351.71 352.05 352.05 352.05 354.60 354.59 354.57 354.57 354.57 354.57 352.88 352.56 353.28 353.28 351.24 351.79 355.86 355.86 352.66 351.82 351.82 351.30 352.32
 352.32 352.19 352.05 352.05 352.05 351.39 351.06 354.57 354.57 354.57 353.45 351.21 351.21 353.67 353.67 353.67 357.61 357.61 357.61 357.61 351.82 351.99 352.32 352.32
 352.32 352.19 352.05 352.05 351.39 350.73 350.73 350.19 349.65 349.65 350.31 351.12 351.54 352.61 353.14 353.40 357.61 357.61 357.61 357.61 351.82 352.04 352.32 352.32
 351.77 350.66 351.37 351.39 350.73 350.73 350.73 350.19 349.65 349.65 350.17 350.69 351.12 351.86 351.88 350.66 350.66 355.29 357.61 352.02 351.84 350.66 351.77 352.32
 350.66 350.66 350.66 350.66 350.71 350.73 350.71 350.66 349.99 349.65 350.29 350.69 350.82 350.66 350.66 350.66 350.66 350.66 351.68 352.02 351.68 350.66 350.66 350.66
 350.66 350.66 350.66 350.66 350.66 350.66 350.66 350.66 350.66 350.66 350.66 350.66 350.66 350.66 350.66 350.66 350.66 350.66 351.34 352.02 351.34 350.66 350.66 350.66
 350.66 350.66 350.66 350.66 350.66 350.66 350.66 350.66 350.66 350.66 350.66 350.66 350.66 350.66 350.66 350.66 350.66 350.66 350.66 350.66 350.66 350.66 350.66 350.66
 347.04 347.04 347.04 347.04 347.04 347.04 347.04 347.04 347.04 347.04 347.04 347.04 347.04 347.04 347.04 347.04 347.04 347.04 347.04 347.04 347.04 347.04 347.04 347.04
 345.30 351.70 345.20 346.12 347.04 347.04 347.04 347.04 347.04 347.04 347.04 345.37 345.03 343.02 345.03 348.40 347.04 347.04 347.04 347.04 347.04 347.78 347.04 347.23
 349.55 369.27 357.24 351.68 353.01 356.00 353.01 347.04 355.59 359.87 343.71 343.71 343.25 342.79 346.27 349.76 349.11 348.21 349.26 349.65 345.49 348.52 348.52 349.22
 348.90 359.08 358.16 356.00 356.00 356.00 356.00 357.93 359.87 359.87 359.87 343.71 348.56 346.77 347.45 347.45 348.47 348.47 351.07 349.65 342.45 345.49 349.10 348.90
 348.90 353.99 354.09 352.11 356.00 356.00 356.00 355.24 355.63 355.63 353.86 348.56 348.56 350.74 350.74 347.45 348.47 352.50 352.50 351.43 348.00 349.10 349.10 349.10
 351.33 352.44 352.11 352.11 352.11 356.00 354.47 351.40 351.40 351.40 351.40 350.57 350.96 352.97 352.97 350.21 348.47 352.50 352.50 350.77 350.11 350.11 349.10 352.55
 352.55 352.33 352.11 352.11 352.11 351.53 351.24 351.40 351.40 351.40 351.38 351.36 351.36 353.24 353.24 353.24 350.85 352.50 352.50 350.44 350.11 350.92 352.55 352.55
 352.55 352.33 352.11 352.11 351.53 350.95 350.95 350.55 350.14 350.14 350.64 351.21 351.39 352.31 352.78 353.01 351.66 352.04 352.50 350.95 350.11 351.19 352.55 352.55
 352.08 351.13 351.59 351.53 350.95 350.95 350.95 350.55 350.14 350.14 350.59 351.03 351.21 351.76 351.89 351.13 351.13 351.13 352.16 352.31 351.48 351.13 352.08 352.55
 351.13 351.13 351.13 351.13 351.01 350.95 351.01 351.13 350.47 350.14 350.72 351.03 351.12 351.13 351.13 351.13 351.13 351.13 352.01 352.31 352.01 351.13 351.13 351.13
 351.13 351.13 351.13 351.13 351.13 351.13 351.13 351.13 351.13 351.13 351.13 351.13 351.13 351.13 351.13 351.13 351.13 351.13 351.72 352.31 351.72 351.13 351.13 351.13
 351.13 351.13 351.13 351.13 351.13 351.13 351.13 351.13 351.13 351.13 351.13 351.13 351.13 351.13 351.13 351.13 351.13 351.13 351.13 351.13 351.13 351.13 351.13 351.13
 347.01 347.01 347.01 347.01 347.01 347.01 347.01 347.01 347.01 347.01 347.01 347.01 347.01 347.01 347.01 347.01 347.01 347.01 347.01 347.01 347.01 347.01 347.01 347.01
 346.26 352.62 345.20 346.11 347.01 347.01 347.01 347.01 347.01 347.01 347.01 347.58 346.09 345.17 346.09 348.42 347.01 347.01 347.01 347.01 347.01 347.64 347.01 347.94
 351.48 372.01 358.61 352.36 353.34 356.50 353.34 347.01 357.17 362.25 348.15 348.15 347.21 346.26 348.05 349.83 348.94 348.00 349.49 350.33 348.43 348.26 348.26 350.49
 349.50 360.75 359.68 356.50 356.50 356.50 356.50 359.38 362.25 362.25 362.25 348.15 349.02 347.86 351.60 351.60 348.05 348.05 351.13 350.33 348.60 348.43 348.40 349.50
 349.50 355.13 354.78 352.16 356.50 356.50 356.50 355.29 355.85 355.85 354.14 349.02 349.02 349.47 349.47 351.60 348.05 351.93 351.93 350.42 349.54 348.40 348.40 348.40
 351.41 352.74 352.16 352.16 352.16 356.50 354.15 349.45 349.45 349.45 349.45 350.14 350.84 352.25 352.25 351.93 348.05 351.93 351.93 350.00 349.59 349.59 348.40 352.37
 352.37 352.26 352.16 352.16 352.16 351.64 351.38 349.45 349.45 349.45 350.05 351.26 351.26 353.00 353.00 353.00 350.52 351.93 351.93 349.80 349.59 350.52 352.37 352.37
 352.37 352.27 352.16 352.16 351.64 351.12 351.12 350.87 350.61 350.61 351.01 351.62 352.24 352.62 352.81 352.90 351.58 351.72 351.93 350.50 349.59 350.83 352.37 352.37
 352.01 351.30 351.70 351.64 351.12 351.12 351.12 350.87 350.61 350.61 350.80 350.99 351.62 352.12 352.08 351.30 351.30 351.30 352.00 352.10 351.20 351.30 352.01 352.37
 351.30 351.30 351.30 351.30 351.18 351.12 351.18 351.30 350.84 350.61 350.93 350.99 351.30 351.30 351.30 351.30 351.30 351.30 351.90 352.10 351.90 351.30 351.30 351.30
 351.30 351.30 351.30 351.30 351.30 351.30 351.30 351.30 351.30 351.30 351.30 351.30 351.30 351.30 351.30 351.30 351.30 351.30 351.70 352.10 351.70 351.30 351.30 351.30
 351.30 351.30 351.30 351.30 351.30 351.30 351.30 351.30 351.30 351.30 351.30 351.30 351.30 351.30 351.30 351.30 351.30 351.30 351.30 351.30 351.30 351.30 351.30 351.30
 350.78 350.78 350.78 350.78 350.78 350.78 350.78 350.78 350.78 350.78 350.78 350.78 350.78 350.78 350.78 350.78 350.78 350.78 350.78 350.78 350.78 350.78 350.78 350.78
 351.13 357.42 352.70 351.74 350.78 350.78 350.78 350.78 350.78 350.78 350.78 352.55 350.88 350.97 350.88 351.90 350.78 350.78 350.78 350.78 350.78 352.13 350.78 351.52
 353.40 375.07 363.88 357.81 354.26 356.00 354.26 350.78 362.38 368.18 354.31 354.31 353.23 352.15 352.58 353.01 352.01 351.27 351.76 352.15 354.93 353.48 353.48 352.55
 351.70 363.38 363.63 356.00 356.00 356.00 356.00 362.09 368.18 368.18 368.18 354.31 352.29 351.08 354.48 354.48 351.01 351.01 352.36 352.15 356.38 354.93 349.80 351.70
 351.70 357.54 356.36 352.14 356.00 356.00 356.00 357.00 359.37 359.37 357.60 352.29 352.29 350.02 350.02 354.48 351.01 352.56 352.56 350.83 352.27 349.80 349.80 349.80
 352.01 353.46 352.14 352.14 352.14 356.00 354.18 350.55 350.55 350.55 350.55 351.55 351.93 352.08 352.08 353.28 351.01 352.56 352.56 350.22 349.61 349.61 349.80 352.17
 352.17 352.15 352.14 352.14 352.14 351.53 351.23 350.55 350.55 350.55 350.84 351.43 351.43 353.03 353.03 353.03 352.02 352.56 352.56 349.92 349.61 350.46 352.17 352.17
 352.17 352.15 352.14 352.14 351.53 350.92 350.92 350.62 350.33 350.33 350.82 351.44 351.79 352.41 352.72 352.88 352.09 352.17 352.56 350.50 349.61 350.75 352.17 352.17
 351.91 351.38 351.68 351.53 350.92 350.92 350.92 350.62 350.33 350.33 350.71 351.09 351.44 351.92 352.01 351.38 351.38 351.38 351.90 351.97 351.13 351.38 351.91 352.17
 351.38 351.38 351.38 351.38 351.07 350.92 351.07 351.38 350.68 350.33 350.88 351.09 351.30 351.38 351.38 351.38 351.38 351.38 351.82 351.97 351.82 351.38 351.38 351.38
 351.38 351.38 351.38 351.38 351.38 351.38 351.38 351.38 351.38 351.38 351.38 351.38 351.38 351.38 351.38 351.38 351.38 351.38 351.68 351.97 351.68 351.38 351.38 351.38
 351.38 351.38 351.38 351.38 351.38 351.38 351.38 351.38 351.38 351.38 351.38 351.38 351.38 351.38 351.38 351.38 351.38 351.38 351.38 351.38 351.38 351.38 351.38 351.38
 355.80 355.80 355.80 355.80 355.80 355.80 355.80 355.80 355.80 355.80 355.80 355.80 355.80 355.80 355.80 355.80 355.80 355.80 355.80 355.80 355.80 355.80 355.80 355.80
 354.89 361.67 355.50 355.65 355.80 355.80 355.80 355.80 355.80 355.80 355.80 356.16 355.80 355.81 355.80 355.43 355.80 355.80 355.80 355.80 355.80 354.93 355.80 356.53
 359.66 380.51 368.00 361.83 356.33 356.60 356.33 355.80 368.04 374.16 356.52 356.52 356.01 355.51 355.28 355.06 354.39 354.64 354.72 354.12 356.04 354.07 354.07 356.93
 354.20 367.36 367.68 356.60 356.60 356.60 356.60 365.38 374.16 374.16 374.16 356.52 353.94 353.54 354.61 354.61 353.74 353.74 354.24 354.12 358.01 356.04 351.80 354.20
 354.20 360.78 358.28 352.34 356.60 356.60 356.60 359.32 363.15 363.15 360.85 353.94 353.94 351.58 351.58 354.61 353.74 354.35 354.35 352.28 353.85 351.80 351.80 351.80
 352.77 354.52 352.34 352.34 352.34 356.60 355.11 352.14 352.14 352.14 352.14 352.61 352.62 352.18 352.18 353.39 353.74 354.35 354.35 351.77 351.27 351.27 351.80 352.05
 352.05 352.19 352.34 352.34 352.34 351.61 351.25 352.14 352.14 352.14 352.01 351.74 351.74 353.34 353.34 353.34 353.54 354.35 354.35 351.52 351.27 351.53 352.05 352.05
 352.05 352.19 352.34 352.34 351.61 350.88 350.88 350.57 350.25 350.25 350.92 351.76 352.31 352.82 353.08 353.21 352.75 353.40 354.35 351.53 351.27 351.62 352.05 352.05
 351.87 351.50 351.82 351.61 350.88 350.88 350.88 350.57 350.25 350.25 350.73 351.22 351.76 352.29 352.29 351.50 351.50 351.50 351.76 351.80 351.60 351.50 351.87 352.05
 351.50 351.50 351.50 351.50 351.09 350.88 351.09 351.50 350.67 350.25 350.93 351.22 351.49 351.50 351.50 351.50 351.50 351.50 351.73 351.80 351.73 351.50 351.50 351.50
 351.50 351.50 351.50 351.50 351.50 351.50 351.50 351.50 351.50 351.50 351.50 351.50 351.50 351.50 351.50 351.50 351.50 351.50 351.65 351.80 351.65 351.50 351.50 351.50
 351.50 351.50 351.50 351.50 351.50 351.50 351.50 351.50 351.50 351.50 351.50 351.50 351.50 351.50 351.50 351.50 351.50 351.50 351.50 351.50 351.50 351.50 351.50 351.50
 358.33 358.33 358.33 358.33 358.33 358.33 358.33 358.33 358.33 358.33 358.33 358.33 358.33 358.33 358.33 358.33 358.33 358.33 358.33 358.33 358.33 358.33 358.33 358.33
 357.01 361.43 358.20 358.26 358.33 358.33 358.33 358.33 358.33 358.33 358.33 358.00 358.56 358.80 358.56 357.78 358.33 358.33 358.33 358.33 358.33 356.30 358.33 358.77
 361.44 372.17 365.19 363.62 365.51 357.00 357.44 358.33 367.45 372.01 357.67 357.67 357.98 358.28 357.75 357.23 355.86 356.23 356.62 355.84 355.73 354.28 354.28 358.52
 355.60 363.88 364.86 365.51 365.51 357.00 357.00 364.51 372.01 372.01 372.01 357.67 355.86 355.70 355.90 355.90 354.50 354.50 355.71 355.84 357.18 355.73 352.90 355.60
 355.60 359.74 359.87 361.48 365.51 357.00 357.00 359.25 362.50 362.50 360.84 355.86 355.86 353.13 353.13 355.90 354.50 355.57 355.57 353.87 354.67 352.90 352.90 352.90
 353.16 354.75 353.41 353.41 357.44 357.00 355.66 352.98 352.98 352.98 352.98 353.54 353.48 352.75 352.75 354.32 354.50 355.57 355.57 353.41 352.95 352.95 352.90 351.94
 351.94 352.68 353.41 353.41 353.41 352.34 351.80 352.98 352.98 352.98 352.60 351.84 351.84 353.97 353.97 353.97 354.23 355.57 355.57 353.18 352.95 352.61 351.94 351.94
 351.94 352.68 353.41 353.41 352.34 351.26 351.26 350.71 350.16 350.16 350.75 351.58 352.34 353.16 353.56 353.77 353.06 354.11 355.57 352.52 352.95 352.50 351.94 351.94
 351.69 351.19 352.31 352.34 351.26 351.26 351.26 350.71 350.16 350.16 350.49 350.82 351.58 352.37 352.37 351.19 351.19 351.19 351.41 351.44 351.92 351.19 351.69 351.94
 351.19 351.19 351.19 351.19 351.24 351.26 351.24 351.19 350.51 350.16 350.67 350.82 351.20 351.19 351.19 351.19 351.19 351.19 351.38 351.44 351.38 351.19 351.19 351.19
 351.19 351.19 351.19 351.19 351.19 351.19 351.19 351.19 351.19 351.19 351.19 351.19 351.19 351.19 351.19 351.19 351.19 351.19 351.31 351.44 351.31 351.19 351.19 351.19
 351.19 351.19 351.19 351.19 351.19 351.19 351.19 351.19 351.19 351.19 351.19 351.19 351.19 351.19 351.19 351.19 351.19 351.19 351.19 351.19 351.19 351.19 351.19 351.19
