2007 MONTHLY CO2 (PPMV)   24  12  LON/LAT (N-S/0-360E) IN 15 DEGREE RESOLUTION,  GLB ANNUAL MEAN = 383.08,  GROWTH RATE = 2.02,  MISS DATA = -99.99
 388.44 388.44 388.44 388.44 388.44 388.44 388.44 388.44 388.44 388.44 388.44 388.44 388.44 388.44 388.44 388.44 388.44 388.44 388.44 388.44 388.44 388.44 388.44 388.44
 387.68 387.15 388.44 388.44 388.44 388.44 388.44 388.44 388.44 388.44 388.44 388.64 389.00 389.56 389.00 388.44 388.44 388.44 388.44 388.44 387.67 386.90 387.11 387.69
 388.52 385.35 386.68 387.71 388.11 387.95 384.70 388.23 394.75 388.78 388.84 388.84 388.63 388.43 388.43 389.17 387.08 387.53 387.01 386.93 387.11 386.90 386.59 386.83
 385.72 397.71 388.01 388.01 387.95 387.95 384.70 388.23 394.75 388.78 386.99 388.84 385.87 385.95 386.93 389.17 387.08 387.08 385.66 386.93 386.93 385.84 385.84 385.79
 383.77 390.74 388.01 386.13 387.95 387.95 384.70 388.02 387.81 386.32 385.19 385.53 385.87 383.46 384.69 385.87 386.48 384.39 384.39 385.66 383.49 383.76 383.76 383.77
 383.77 387.25 384.25 382.37 382.37 387.95 384.70 386.83 385.65 383.49 384.34 383.56 383.19 382.52 383.31 384.59 383.28 384.39 384.39 383.49 383.49 383.49 383.76 380.29
 380.29 381.33 382.37 382.37 382.37 382.37 383.53 383.14 382.50 381.78 381.84 381.17 381.17 382.21 382.76 381.23 378.78 378.78 384.39 383.49 383.49 382.42 380.29 380.29
 380.29 381.33 382.37 382.37 382.37 382.37 380.08 380.08 380.08 380.08 380.08 380.76 380.76 381.49 381.01 378.78 378.78 378.78 378.78 379.08 383.49 382.07 380.29 380.29
 380.02 379.35 379.30 379.26 379.29 379.33 379.20 379.20 379.29 379.29 379.17 379.90 379.90 379.90 379.90 378.78 378.78 378.78 379.08 379.08 379.08 379.18 380.02 380.29
 379.47 379.40 379.35 379.26 379.31 379.37 379.20 379.11 379.21 379.17 379.04 379.04 379.90 379.76 379.47 379.47 379.12 379.27 379.08 379.08 379.08 379.27 379.47 379.47
 379.47 379.45 379.43 379.38 379.37 379.42 379.29 379.11 379.29 379.47 379.25 379.47 379.47 379.47 379.47 379.47 379.47 379.47 379.25 379.03 379.25 379.47 379.47 379.47
 379.47 379.47 379.47 379.47 379.47 379.47 379.47 379.47 379.47 379.47 379.47 379.47 379.47 379.47 379.47 379.47 379.47 379.47 379.47 379.47 379.47 379.47 379.47 379.47
 388.76 388.76 388.76 388.76 388.76 388.76 388.76 388.76 388.76 388.76 388.76 388.76 388.76 388.76 388.76 388.76 388.76 388.76 388.76 388.76 388.76 388.76 388.76 388.76
 387.83 389.19 388.76 388.76 388.76 388.76 388.76 388.76 388.76 388.76 388.76 389.23 388.79 388.83 388.79 388.76 388.76 388.76 388.76 388.76 388.26 387.76 388.14 388.48
 392.34 390.99 389.28 388.54 387.91 387.49 385.43 388.57 395.49 390.35 389.70 389.70 389.62 389.53 389.53 391.74 387.40 387.85 388.33 388.62 388.31 387.76 387.26 387.10
 389.22 394.71 387.58 387.58 387.49 387.49 385.43 388.57 395.49 390.35 388.49 389.70 385.72 387.07 388.44 391.74 387.40 387.40 387.63 388.62 388.62 386.54 386.54 387.38
 385.11 389.91 387.58 385.98 387.49 387.49 385.43 388.10 387.63 387.31 386.63 386.18 385.72 384.62 385.13 386.24 386.82 386.64 386.64 387.63 384.41 384.53 384.53 384.97
 385.11 387.51 384.37 382.77 382.77 387.49 385.43 387.11 386.12 384.62 385.62 384.36 383.70 383.44 384.20 385.22 383.57 386.64 386.64 384.41 384.41 384.41 384.53 380.48
 380.48 381.62 382.77 382.77 382.77 382.77 384.10 383.66 383.16 382.66 382.73 381.95 381.95 382.93 383.56 381.53 378.67 378.67 386.64 384.41 384.41 383.10 380.48 380.48
 380.48 381.62 382.77 382.77 382.77 382.77 380.70 380.70 380.70 380.70 380.70 380.95 380.95 381.94 381.39 378.67 378.67 378.67 378.67 379.34 384.41 382.66 380.48 380.48
 380.13 379.31 379.27 379.24 379.25 379.27 379.24 379.24 379.31 379.31 379.20 380.00 380.00 380.00 380.00 378.67 378.67 378.67 379.34 379.34 379.34 379.36 380.13 380.48
 379.43 379.34 379.30 379.24 379.25 379.30 379.24 379.17 379.25 379.20 379.09 379.09 380.00 379.81 379.43 379.43 379.05 379.38 379.34 379.34 379.34 379.38 379.43 379.43
 379.43 379.39 379.35 379.32 379.26 379.35 379.30 379.17 379.30 379.43 379.26 379.43 379.43 379.43 379.43 379.43 379.43 379.43 379.25 379.08 379.25 379.43 379.43 379.43
 379.43 379.43 379.43 379.43 379.43 379.43 379.43 379.43 379.43 379.43 379.43 379.43 379.43 379.43 379.43 379.43 379.43 379.43 379.43 379.43 379.43 379.43 379.43 379.43
 389.31 389.31 389.31 389.31 389.31 389.31 389.31 389.31 389.31 389.31 389.31 389.31 389.31 389.31 389.31 389.31 389.31 389.31 389.31 389.31 389.31 389.31 389.31 389.31
 388.84 387.99 389.31 389.31 389.31 389.31 389.31 389.31 389.31 389.31 389.31 389.99 389.50 389.70 389.50 389.31 389.31 389.31 389.31 389.31 388.90 388.49 388.93 389.17
 392.33 385.84 387.12 388.28 388.86 388.63 387.33 388.94 396.17 391.30 390.68 390.68 390.57 390.46 390.46 389.97 387.12 387.85 388.81 388.62 388.66 388.49 387.78 387.91
 386.81 396.60 388.41 388.41 388.63 388.63 387.33 388.94 396.17 391.30 389.26 390.68 385.95 387.97 388.06 389.97 387.12 387.12 388.49 388.62 388.62 386.50 386.50 387.02
 386.19 391.39 388.41 386.06 388.63 388.63 387.33 389.06 389.17 389.23 387.23 386.59 385.95 385.47 386.15 387.29 387.21 388.36 388.36 388.49 385.90 385.90 385.90 386.12
 386.19 388.79 383.72 381.37 381.37 388.63 387.33 389.11 389.17 386.62 387.23 385.14 384.25 384.34 385.21 386.25 383.96 388.36 388.36 385.90 385.90 385.90 385.90 380.35
 380.35 380.86 381.37 381.37 381.37 381.37 384.35 384.52 383.61 380.83 382.84 382.47 382.47 383.26 384.23 381.84 378.43 378.43 388.36 385.90 385.90 384.05 380.35 380.35
 380.35 380.86 381.37 381.37 381.37 381.37 380.83 380.83 380.83 380.83 380.83 380.96 380.96 382.11 381.59 378.43 378.43 378.43 378.43 379.52 385.90 383.43 380.35 380.35
 380.07 379.50 379.49 379.49 379.53 379.55 379.47 379.46 379.44 379.44 379.40 380.12 380.12 380.12 380.12 378.43 378.43 378.43 379.52 379.52 379.52 379.52 380.07 380.35
 379.50 379.50 379.50 379.49 379.56 379.57 379.49 379.48 379.45 379.40 379.36 379.36 380.12 379.91 379.50 379.50 378.97 379.51 379.52 379.52 379.52 379.51 379.50 379.50
 379.50 379.50 379.50 379.53 379.64 379.57 379.49 379.48 379.49 379.50 379.43 379.50 379.50 379.50 379.50 379.50 379.50 379.50 379.41 379.31 379.41 379.50 379.50 379.50
 379.50 379.50 379.50 379.50 379.50 379.50 379.50 379.50 379.50 379.50 379.50 379.50 379.50 379.50 379.50 379.50 379.50 379.50 379.50 379.50 379.50 379.50 379.50 379.50
 389.59 389.59 389.59 389.59 389.59 389.59 389.59 389.59 389.59 389.59 389.59 389.59 389.59 389.59 389.59 389.59 389.59 389.59 389.59 389.59 389.59 389.59 389.59 389.59
 389.10 388.00 389.59 389.59 389.59 389.59 389.59 389.59 389.59 389.59 389.59 390.15 389.98 390.36 389.98 389.59 389.59 389.59 389.59 389.59 389.04 388.48 388.90 389.13
 390.25 385.31 386.86 388.28 386.67 385.21 388.98 389.37 394.22 391.12 390.71 390.71 390.17 389.64 389.64 389.49 387.60 388.26 388.95 388.87 388.81 388.48 388.12 388.26
 387.55 398.61 388.40 388.40 385.21 385.21 388.98 389.37 394.22 391.12 389.22 390.71 387.02 388.07 388.43 389.49 387.60 387.60 388.39 388.87 388.87 387.19 387.19 387.53
 386.36 392.49 388.40 385.82 385.21 385.21 388.98 389.44 389.50 389.31 387.32 387.17 387.02 386.50 387.37 388.41 388.00 387.91 387.91 388.39 386.44 385.93 385.93 386.25
 386.36 389.42 383.23 380.65 380.65 385.21 388.98 389.47 389.50 386.99 387.32 385.20 384.55 384.87 386.32 387.37 385.21 387.91 387.91 386.44 386.44 386.44 385.93 380.38
 380.38 380.51 380.65 380.65 380.65 380.65 384.81 385.23 384.39 381.84 383.19 381.77 381.77 383.39 384.86 383.19 380.26 380.26 387.91 386.44 386.44 384.42 380.38 380.38
 380.38 380.52 380.65 380.65 380.65 380.65 381.84 381.84 381.84 381.84 381.84 380.95 380.95 382.17 382.43 380.26 380.26 380.26 380.26 380.20 386.44 383.75 380.38 380.38
 380.19 379.90 379.91 379.90 379.96 379.98 379.84 379.78 379.62 379.62 379.73 380.25 380.25 380.25 380.25 380.26 380.26 380.26 380.20 380.20 380.20 380.10 380.19 380.38
 379.81 379.90 379.92 379.90 380.01 379.99 379.91 379.94 379.79 379.73 379.84 379.84 380.25 380.11 379.81 379.81 380.04 380.01 380.20 380.20 380.20 380.01 379.81 379.81
 379.81 379.88 379.94 379.95 380.13 379.97 379.88 379.94 379.88 379.81 379.83 379.81 379.81 379.81 379.81 379.81 379.81 379.81 379.81 379.81 379.81 379.81 379.81 379.81
 379.81 379.81 379.81 379.81 379.81 379.81 379.81 379.81 379.81 379.81 379.81 379.81 379.81 379.81 379.81 379.81 379.81 379.81 379.81 379.81 379.81 379.81 379.81 379.81
 388.89 388.89 388.89 388.89 388.89 388.89 388.89 388.89 388.89 388.89 388.89 388.89 388.89 388.89 388.89 388.89 388.89 388.89 388.89 388.89 388.89 388.89 388.89 388.89
 388.18 390.35 388.88 388.88 388.88 388.88 388.88 388.88 388.88 388.88 388.88 388.62 389.39 389.90 389.39 388.88 388.88 388.88 388.88 388.88 388.14 387.40 388.05 388.27
 388.81 393.98 390.36 388.66 385.87 384.37 387.27 388.58 392.89 390.02 388.36 388.36 388.38 388.40 388.40 391.04 386.05 386.99 387.86 387.56 387.67 387.40 387.31 387.58
 388.10 399.30 386.73 386.73 384.37 384.37 387.27 388.58 392.89 390.02 388.73 388.36 386.68 387.70 389.25 391.04 386.05 386.05 387.14 387.56 387.56 386.31 386.31 387.37
 386.53 392.91 386.73 384.99 384.37 384.37 387.27 388.64 388.70 388.05 387.43 387.06 386.68 386.99 387.47 388.05 387.05 386.72 386.72 387.14 386.32 385.47 385.47 386.26
 386.53 389.72 383.26 381.52 381.52 384.37 387.27 388.01 387.38 386.06 386.75 384.90 384.31 384.77 386.78 387.42 385.40 386.72 386.72 386.32 386.32 386.32 385.47 381.14
 381.14 381.33 381.52 381.52 381.52 381.52 384.39 385.01 384.65 384.21 383.70 381.49 381.49 383.43 385.11 383.99 381.72 381.72 386.72 386.32 386.32 384.59 381.14 381.14
 381.14 381.33 381.52 381.52 381.52 381.52 382.36 382.36 382.36 382.36 382.36 381.09 381.09 382.26 383.03 381.72 381.72 381.72 381.72 380.70 386.32 384.02 381.14 381.14
 380.81 380.24 380.25 380.25 380.24 380.22 380.12 380.09 380.02 380.02 380.14 380.47 380.47 380.47 380.47 381.72 381.72 381.72 380.70 380.70 380.70 380.56 380.81 381.14
 380.14 380.23 380.25 380.25 380.23 380.20 380.16 380.16 380.12 380.14 380.27 380.27 380.47 380.36 380.14 380.14 380.93 380.42 380.70 380.70 380.70 380.42 380.14 380.14
 380.14 380.20 380.26 380.22 380.21 380.18 380.15 380.16 380.15 380.14 380.21 380.14 380.14 380.14 380.14 380.14 380.14 380.14 380.22 380.30 380.22 380.14 380.14 380.14
 380.14 380.14 380.14 380.14 380.14 380.14 380.14 380.14 380.14 380.14 380.14 380.14 380.14 380.14 380.14 380.14 380.14 380.14 380.14 380.14 380.14 380.14 380.14 380.14
 386.56 386.56 386.56 386.56 386.56 386.56 386.56 386.56 386.56 386.56 386.56 386.56 386.56 386.56 386.56 386.56 386.56 386.56 386.56 386.56 386.56 386.56 386.56 386.56
 384.43 385.09 386.56 386.56 386.56 386.56 386.56 386.56 386.56 386.56 386.56 384.88 386.34 386.11 386.34 386.56 386.56 386.56 386.56 386.56 385.49 384.42 385.15 385.48
 387.20 384.28 383.99 384.75 383.76 382.36 384.96 382.93 389.53 385.42 383.20 383.20 383.79 384.38 384.38 389.74 383.93 384.80 385.56 384.91 384.94 384.42 384.69 384.74
 385.61 388.83 383.69 383.69 382.36 382.36 384.96 382.93 389.53 385.42 385.62 383.20 384.45 385.26 387.67 389.74 383.93 383.93 385.19 384.91 384.91 384.18 384.18 385.12
 385.85 387.34 383.69 383.08 382.36 382.36 384.96 384.81 386.68 386.00 385.81 385.13 384.45 386.13 385.61 385.20 384.56 385.46 385.46 385.19 385.44 383.97 383.97 385.38
 385.85 386.60 382.46 381.85 381.85 382.36 384.96 385.59 386.38 386.08 385.94 384.15 383.64 384.60 385.94 385.57 383.66 385.46 385.46 385.44 385.44 385.44 383.97 382.02
 382.02 381.94 381.85 381.85 381.85 381.85 383.40 383.10 383.33 383.23 382.86 381.89 381.89 383.41 384.67 382.99 380.85 380.85 385.46 385.44 385.44 384.30 382.02 382.02
 382.02 381.94 381.85 381.85 381.85 381.85 380.38 380.38 380.38 380.38 380.38 381.35 381.35 382.38 382.64 380.85 380.85 380.85 380.85 381.28 385.44 383.92 382.02 382.02
 381.49 380.58 380.60 380.61 380.55 380.50 380.41 380.40 380.39 380.39 380.35 380.74 380.74 380.74 380.74 380.85 380.85 380.85 381.28 381.28 381.28 381.07 381.49 382.02
 380.43 380.55 380.60 380.61 380.49 380.45 380.42 380.42 380.40 380.35 380.31 380.31 380.74 380.64 380.43 380.43 380.64 380.86 381.28 381.28 381.28 380.86 380.43 380.43
 380.43 380.51 380.58 380.50 380.37 380.40 380.43 380.42 380.43 380.43 380.37 380.43 380.43 380.43 380.43 380.43 380.43 380.43 380.52 380.61 380.52 380.43 380.43 380.43
 380.43 380.43 380.43 380.43 380.43 380.43 380.43 380.43 380.43 380.43 380.43 380.43 380.43 380.43 380.43 380.43 380.43 380.43 380.43 380.43 380.43 380.43 380.43 380.43
 379.48 379.48 379.48 379.48 379.48 379.48 379.48 379.48 379.48 379.48 379.48 379.48 379.48 379.48 379.48 379.48 379.48 379.48 379.48 379.48 379.48 379.48 379.48 379.48
 378.19 380.63 379.49 379.49 379.49 379.49 379.49 379.49 379.49 379.49 379.49 377.52 379.01 378.54 379.01 379.49 379.49 379.49 379.49 379.49 379.45 379.41 379.04 379.46
 383.76 384.23 383.29 381.71 378.84 378.52 381.42 374.94 386.70 377.87 375.56 375.56 376.29 377.03 377.03 384.20 382.37 381.41 381.75 382.63 381.03 379.41 379.08 378.75
 380.69 379.72 382.35 382.35 378.52 378.52 381.42 374.94 386.70 377.87 381.01 375.56 382.01 380.49 383.26 384.20 382.37 382.37 383.13 382.63 382.63 379.46 379.46 380.29
 383.42 381.57 382.35 382.22 378.52 378.52 381.42 379.75 384.55 382.85 384.15 383.08 382.01 383.94 382.33 381.02 381.69 383.63 383.63 383.13 382.80 382.43 382.43 383.17
 383.42 382.50 382.08 381.95 381.95 378.52 381.42 382.21 384.68 384.81 384.48 383.11 382.78 384.21 383.84 382.43 381.50 383.63 383.63 382.80 382.80 382.80 382.43 382.68
 382.68 382.31 381.95 381.95 381.95 381.95 381.69 381.62 382.46 382.50 382.32 382.11 382.11 383.30 383.57 381.68 380.36 380.36 383.63 382.80 382.80 382.76 382.68 382.68
 382.68 382.31 381.95 381.95 381.95 381.95 380.20 380.20 380.20 380.20 380.20 381.62 381.62 382.46 382.13 380.36 380.36 380.36 380.36 382.07 382.80 382.75 382.68 382.68
 382.08 381.00 381.02 381.03 381.02 381.00 380.91 380.89 380.82 380.82 380.74 381.02 381.02 381.02 381.02 380.36 380.36 380.36 382.07 382.07 382.07 381.77 382.08 382.68
 380.88 380.98 381.02 381.03 381.02 380.98 380.93 380.95 380.86 380.74 380.66 380.66 381.02 380.97 380.88 380.88 380.62 381.47 382.07 382.07 382.07 381.47 380.88 380.88
 380.88 380.94 381.01 380.98 381.01 380.94 380.91 380.95 380.91 380.88 380.77 380.88 380.88 380.88 380.88 380.88 380.88 380.88 380.95 381.02 380.95 380.88 380.88 380.88
 380.88 380.88 380.88 380.88 380.88 380.88 380.88 380.88 380.88 380.88 380.88 380.88 380.88 380.88 380.88 380.88 380.88 380.88 380.88 380.88 380.88 380.88 380.88 380.88
 373.13 373.13 373.13 373.13 373.13 373.13 373.13 373.13 373.13 373.13 373.13 373.13 373.13 373.13 373.13 373.13 373.13 373.13 373.13 373.13 373.13 373.13 373.13 373.13
 373.71 374.64 373.13 373.13 373.13 373.13 373.13 373.13 373.13 373.13 373.13 373.20 373.44 373.76 373.44 373.13 373.13 373.13 373.13 373.13 374.21 375.29 374.29 374.95
 383.26 377.09 379.27 377.95 376.94 378.85 377.69 376.30 384.63 378.81 373.28 373.28 373.54 373.81 373.81 380.62 380.35 377.94 377.68 379.62 377.19 375.29 374.66 374.20
 380.77 386.56 381.46 381.46 378.85 378.85 377.69 376.30 384.63 378.81 380.35 373.28 379.49 377.67 380.18 380.62 380.35 380.35 380.30 379.62 379.62 375.48 375.48 377.72
 380.89 383.73 381.46 381.72 378.85 378.85 377.69 379.47 382.64 381.58 381.88 380.69 379.49 381.52 379.74 378.19 379.27 380.98 380.98 380.30 380.21 380.10 380.10 380.69
 380.89 382.31 381.97 382.23 382.23 378.85 377.69 381.14 382.81 382.98 382.43 381.70 381.66 383.47 381.73 379.96 379.78 380.98 380.98 380.21 380.21 380.21 380.10 383.14
 383.14 382.69 382.23 382.23 382.23 382.23 379.96 381.92 382.49 382.55 382.28 382.03 382.03 383.05 382.39 380.64 380.10 380.10 380.98 380.21 380.21 381.19 383.14 383.14
 383.14 382.69 382.23 382.23 382.23 382.23 382.12 382.12 382.12 382.12 382.12 381.75 381.75 382.40 381.63 380.10 380.10 380.10 380.10 382.09 380.21 381.51 383.14 383.14
 382.55 381.47 381.50 381.52 381.52 381.50 381.39 381.36 381.28 381.28 381.25 381.28 381.28 381.28 381.28 380.10 380.10 380.10 382.09 382.09 382.09 381.91 382.55 383.14
 381.38 381.44 381.48 381.52 381.52 381.48 381.42 381.43 381.34 381.25 381.23 381.23 381.28 381.31 381.38 381.38 380.74 381.73 382.09 382.09 382.09 381.73 381.38 381.38
 381.38 381.41 381.44 381.46 381.52 381.45 381.40 381.43 381.40 381.38 381.30 381.38 381.38 381.38 381.38 381.38 381.38 381.38 381.45 381.53 381.45 381.38 381.38 381.38
 381.38 381.38 381.38 381.38 381.38 381.38 381.38 381.38 381.38 381.38 381.38 381.38 381.38 381.38 381.38 381.38 381.38 381.38 381.38 381.38 381.38 381.38 381.38 381.38
 374.65 374.65 374.65 374.65 374.65 374.65 374.65 374.65 374.65 374.65 374.65 374.65 374.65 374.65 374.65 374.65 374.65 374.65 374.65 374.65 374.65 374.65 374.65 374.65
 375.16 377.65 374.65 374.65 374.65 374.65 374.65 374.65 374.65 374.65 374.65 376.22 375.47 376.29 375.47 374.65 374.65 374.65 374.65 374.65 375.46 376.27 375.36 376.25
 383.47 383.16 382.23 379.39 379.42 381.81 380.44 381.92 385.23 381.72 377.80 377.80 377.74 377.67 377.67 382.77 380.44 378.51 377.68 378.96 377.41 376.27 376.12 375.78
 378.63 392.48 381.30 381.30 381.81 381.81 380.44 381.92 385.23 381.72 381.14 377.80 378.62 379.20 381.02 382.77 380.44 380.44 379.44 378.96 378.96 377.22 377.22 377.63
 379.75 386.12 381.30 381.59 381.81 381.81 380.44 381.46 380.99 381.18 380.57 379.60 378.62 380.72 379.27 378.50 379.47 379.92 379.92 379.44 379.60 379.23 379.23 379.62
 379.75 382.93 381.88 382.17 382.17 381.81 380.44 381.33 381.21 381.42 381.00 380.90 381.14 382.93 380.92 379.71 379.78 379.92 379.92 379.60 379.60 379.60 379.23 383.37
 383.37 382.77 382.17 382.17 382.17 382.17 381.31 382.28 382.26 382.34 382.11 381.87 381.87 382.78 381.85 380.47 380.16 380.16 379.92 379.60 379.60 380.86 383.37 383.37
 383.37 382.77 382.17 382.17 382.17 382.17 383.25 383.25 383.25 383.25 383.25 381.81 381.81 382.29 381.44 380.16 380.16 380.16 380.16 381.71 379.60 381.28 383.37 383.37
 382.81 381.77 381.77 381.76 381.71 381.68 381.65 381.61 381.51 381.51 381.42 381.54 381.54 381.54 381.54 380.16 380.16 380.16 381.71 381.71 381.71 381.71 382.81 383.37
 381.70 381.76 381.78 381.76 381.66 381.64 381.70 381.70 381.58 381.42 381.33 381.33 381.54 381.59 381.70 381.70 380.93 381.70 381.71 381.71 381.71 381.70 381.70 381.70
 381.70 381.75 381.80 381.70 381.56 381.63 381.70 381.70 381.70 381.70 381.51 381.70 381.70 381.70 381.70 381.70 381.70 381.70 381.79 381.88 381.79 381.70 381.70 381.70
 381.70 381.70 381.70 381.70 381.70 381.70 381.70 381.70 381.70 381.70 381.70 381.70 381.70 381.70 381.70 381.70 381.70 381.70 381.70 381.70 381.70 381.70 381.70 381.70
 380.38 380.38 380.38 380.38 380.38 380.38 380.38 380.38 380.38 380.38 380.38 380.38 380.38 380.38 380.38 380.38 380.38 380.38 380.38 380.38 380.38 380.38 380.38 380.38
 380.88 384.28 380.38 380.38 380.38 380.38 380.38 380.38 380.38 380.38 380.38 381.93 380.69 381.01 380.69 380.38 380.38 380.38 380.38 380.38 380.81 381.24 380.74 381.91
 390.88 391.59 387.96 384.23 383.32 384.80 383.02 384.41 387.92 384.67 383.49 383.49 383.73 383.97 383.97 385.54 382.41 381.73 381.12 381.56 381.29 381.24 380.84 380.56
 384.43 389.63 384.34 384.34 384.80 384.80 383.02 384.41 387.92 384.67 383.08 383.49 380.92 382.64 383.30 385.54 382.41 382.41 381.44 381.56 381.56 381.23 381.23 381.95
 380.51 385.07 384.34 383.60 384.80 384.80 383.02 384.12 383.82 382.81 381.48 381.20 380.92 381.31 381.06 381.19 381.80 381.32 381.32 381.44 380.46 381.18 381.18 380.68
 380.51 382.79 382.87 382.13 382.13 384.80 383.02 383.33 382.54 381.27 381.38 381.79 382.12 382.95 381.61 381.40 381.36 381.32 381.32 380.46 380.46 380.46 381.18 383.42
 383.42 382.77 382.13 382.13 382.13 382.13 382.57 382.93 382.53 382.11 382.23 382.48 382.48 382.75 382.18 381.33 380.88 380.88 381.32 380.46 380.46 381.45 383.42 383.42
 383.42 382.77 382.13 382.13 382.13 382.13 382.94 382.94 382.94 382.94 382.94 381.96 381.96 382.36 381.80 380.88 380.88 380.88 380.88 381.76 380.46 381.78 383.42 383.42
 382.88 381.81 381.76 381.70 381.68 381.68 381.77 381.72 381.62 381.62 381.56 381.73 381.73 381.73 381.73 380.88 380.88 380.88 381.76 381.76 381.76 381.77 382.88 383.42
 381.81 381.86 381.83 381.70 381.66 381.69 381.82 381.83 381.71 381.56 381.50 381.50 381.73 381.76 381.81 381.81 381.34 381.78 381.76 381.76 381.76 381.78 381.81 381.81
 381.81 381.88 381.96 381.77 381.62 381.71 381.82 381.83 381.82 381.81 381.65 381.81 381.81 381.81 381.81 381.81 381.81 381.81 381.91 382.01 381.91 381.81 381.81 381.81
 381.81 381.81 381.81 381.81 381.81 381.81 381.81 381.81 381.81 381.81 381.81 381.81 381.81 381.81 381.81 381.81 381.81 381.81 381.81 381.81 381.81 381.81 381.81 381.81
 385.45 385.45 385.45 385.45 385.45 385.45 385.45 385.45 385.45 385.45 385.45 385.45 385.45 385.45 385.45 385.45 385.45 385.45 385.45 385.45 385.45 385.45 385.45 385.45
 386.32 388.52 385.45 385.45 385.45 385.45 385.45 385.45 385.45 385.45 385.45 386.14 385.41 385.37 385.41 385.45 385.45 385.45 385.45 385.45 385.34 385.23 384.91 386.05
 391.02 393.79 390.84 388.06 385.83 386.02 383.51 385.64 391.37 388.80 386.83 386.83 387.37 387.91 387.91 388.30 384.78 385.00 384.69 384.62 384.95 385.23 384.38 384.47
 385.96 392.35 387.90 387.90 386.02 386.02 383.51 385.64 391.37 388.80 385.81 386.83 383.73 385.24 385.86 388.30 384.78 384.78 383.99 384.62 384.62 383.76 383.76 384.58
 382.88 387.62 387.90 386.13 386.02 386.02 383.51 385.63 385.62 384.93 382.83 383.28 383.73 382.56 383.42 384.70 384.74 383.35 383.35 383.99 382.18 383.25 383.25 382.97
 382.88 385.25 384.36 382.59 382.59 386.02 383.51 384.84 384.05 382.47 382.65 383.11 383.39 383.36 383.28 383.99 383.38 383.35 383.35 382.18 382.18 382.18 383.25 383.55
 383.55 383.07 382.59 382.59 382.59 382.59 383.05 383.55 383.12 382.59 382.76 383.10 383.10 383.10 383.19 382.51 381.42 381.42 383.35 382.18 382.18 382.64 383.55 383.55
 383.55 383.07 382.59 382.59 382.59 382.59 382.71 382.71 382.71 382.71 382.71 382.31 382.31 382.70 382.44 381.42 381.42 381.42 381.42 381.47 382.18 382.79 383.55 383.55
 382.98 381.73 381.65 381.55 381.55 381.62 381.79 381.74 381.62 381.62 381.58 381.92 381.92 381.92 381.92 381.42 381.42 381.42 381.47 381.47 381.47 381.56 382.98 383.55
 381.84 381.82 381.75 381.55 381.55 381.69 381.85 381.85 381.72 381.58 381.53 381.53 381.92 381.89 381.84 381.84 381.63 381.65 381.47 381.47 381.47 381.65 381.84 381.84
 381.84 381.89 381.94 381.78 381.84 381.84 381.85 381.85 381.85 381.84 381.68 381.84 381.84 381.84 381.84 381.84 381.84 381.84 381.87 381.90 381.87 381.84 381.84 381.84
 381.84 381.84 381.84 381.84 381.84 381.84 381.84 381.84 381.84 381.84 381.84 381.84 381.84 381.84 381.84 381.84 381.84 381.84 381.84 381.84 381.84 381.84 381.84 381.84
 388.93 388.93 388.93 388.93 388.93 388.93 388.93 388.93 388.93 388.93 388.93 388.93 388.93 388.93 388.93 388.93 388.93 388.93 388.93 388.93 388.93 388.93 388.93 388.93
 388.71 392.59 388.93 388.93 388.93 388.93 388.93 388.93 388.93 388.93 388.93 389.05 388.96 389.00 388.96 388.93 388.93 388.93 388.93 388.93 387.86 386.79 387.43 388.63
 391.99 400.14 394.77 391.03 390.32 391.01 385.49 386.98 393.43 390.02 389.17 389.17 388.97 388.77 388.77 390.44 387.17 387.76 386.80 385.78 386.55 386.79 387.31 387.18
 390.99 400.14 389.40 389.40 391.01 391.01 385.49 386.98 393.43 390.02 387.53 389.17 385.18 386.42 387.96 390.44 387.17 387.17 385.70 385.78 385.78 385.47 384.66 387.64
 385.23 392.69 389.40 387.53 391.01 391.01 385.49 387.64 388.30 387.79 385.05 385.12 385.18 384.07 385.48 386.62 386.89 385.63 385.63 385.70 384.18 384.66 384.66 385.09
 385.23 388.96 385.66 383.79 383.79 391.01 385.49 387.97 388.30 385.94 385.05 384.46 384.22 384.03 384.88 385.75 384.94 385.63 385.63 384.18 384.18 384.18 384.66 383.15
 383.15 383.47 383.79 383.79 383.79 383.79 384.64 385.03 384.51 382.62 383.43 383.44 383.44 383.68 384.28 383.60 382.19 382.19 385.63 384.18 384.18 383.84 383.15 383.15
 383.15 383.47 383.79 383.79 383.79 383.79 382.62 382.62 382.62 382.62 382.62 382.82 382.82 383.25 383.24 382.19 382.19 382.19 382.19 381.12 384.18 383.72 383.15 383.15
 382.74 381.72 381.62 381.52 381.52 381.62 381.77 381.71 381.62 381.62 381.44 382.09 382.82 383.04 382.59 382.19 382.19 382.19 381.12 381.12 381.12 381.32 382.74 383.15
 381.91 381.81 381.72 381.52 381.52 381.72 381.84 381.81 381.68 381.44 381.27 381.27 382.00 381.91 381.91 381.91 382.05 381.52 381.12 381.12 381.12 381.52 381.91 381.91
 381.91 381.91 381.91 381.78 381.91 381.91 381.86 381.81 381.86 381.91 381.59 381.91 381.91 381.91 381.91 381.91 381.91 381.91 381.80 381.68 381.80 381.91 381.91 381.91
 381.91 381.91 381.91 381.91 381.91 381.91 381.91 381.91 381.91 381.91 381.91 381.91 381.91 381.91 381.91 381.91 381.91 381.91 381.91 381.91 381.91 381.91 381.91 381.91
