1959 MONTHLY CO2 (PPMV)   24  12  LON/LAT (N-S/0-360E) IN 15 DEGREE RESOLUTION,  GLB ANNUAL MEAN = 316.08,  GROWTH RATE = 1.02,  MISS DATA = -99.99
 315.39 315.39 315.39 315.39 315.39 315.39 315.39 315.39 315.39 315.39 315.39 315.39 315.39 315.39 315.39 315.39 315.39 315.39 315.39 315.39 315.39 315.39 315.39 315.39
 315.09 315.09 315.09 315.09 315.09 315.09 315.55 315.58 315.58 315.58 315.58 315.58 315.58 315.58 315.58 315.58 315.58 315.58 315.58 315.58 315.55 315.09 315.09 315.09
 315.09 315.09 315.09 315.09 315.09 315.09 315.52 315.58 315.58 315.58 315.58 315.58 315.58 315.58 315.58 315.58 315.58 315.58 315.58 315.58 315.52 315.09 315.09 315.09
 315.09 315.09 315.09 315.09 315.09 315.09 315.46 315.58 315.58 315.58 315.58 315.58 315.58 315.58 315.58 315.58 315.58 315.58 315.58 315.58 315.46 315.09 315.09 315.09
 315.09 315.09 315.09 315.09 315.09 315.09 315.33 315.58 315.58 315.58 315.58 315.58 315.58 315.58 315.58 315.58 315.58 315.58 315.58 315.58 315.33 315.09 315.09 315.09
 315.09 315.09 315.09 315.09 315.09 315.09 315.09 315.09 315.42 315.58 315.58 315.58 315.58 315.58 315.58 315.58 315.58 315.58 315.42 315.09 315.09 315.09 315.09 315.09
 315.09 315.09 315.09 315.09 315.09 315.09 315.09 315.09 315.09 315.09 315.42 315.58 315.58 315.58 315.58 315.58 315.42 315.09 315.09 315.09 315.09 315.09 315.09 315.09
 315.09 315.09 315.09 315.09 315.09 315.09 315.09 315.09 315.09 315.09 315.09 315.09 315.42 315.58 315.42 315.09 315.09 315.09 315.09 315.09 315.09 315.09 315.09 315.09
 315.09 315.09 315.09 315.09 315.09 315.09 315.09 315.09 315.09 315.09 315.09 315.09 315.09 315.09 315.09 315.09 315.09 315.09 315.09 315.09 315.09 315.09 315.09 315.09
 315.09 315.09 315.09 315.09 315.09 315.09 315.09 315.09 315.09 315.09 315.09 315.09 315.09 315.09 315.09 315.09 315.09 315.09 315.09 315.09 315.09 315.09 315.09 315.09
 315.09 315.09 315.09 315.09 315.09 315.09 315.09 315.09 315.09 315.09 315.09 315.09 315.09 315.09 315.09 315.09 315.09 315.09 315.09 315.09 315.09 315.09 315.09 315.09
 315.09 315.09 315.09 315.09 315.09 315.09 315.09 315.09 315.09 315.09 315.09 315.09 315.09 315.09 315.09 315.09 315.09 315.09 315.09 315.09 315.09 315.09 315.09 315.09
 315.97 315.97 315.97 315.97 315.97 315.97 315.97 315.97 315.97 315.97 315.97 315.97 315.97 315.97 315.97 315.97 315.97 315.97 315.97 315.97 315.97 315.97 315.97 315.97
 315.14 315.14 315.14 315.14 315.14 315.14 316.39 316.47 316.47 316.47 316.47 316.47 316.47 316.47 316.47 316.47 316.47 316.47 316.47 316.47 316.39 315.14 315.14 315.14
 315.14 315.14 315.14 315.14 315.14 315.14 316.30 316.47 316.47 316.47 316.47 316.47 316.47 316.47 316.47 316.47 316.47 316.47 316.47 316.47 316.30 315.14 315.14 315.14
 315.14 315.14 315.14 315.14 315.14 315.14 316.14 316.47 316.47 316.47 316.47 316.47 316.47 316.47 316.47 316.47 316.47 316.47 316.47 316.47 316.14 315.14 315.14 315.14
 315.14 315.14 315.14 315.14 315.14 315.14 315.81 316.47 316.47 316.47 316.47 316.47 316.47 316.47 316.47 316.47 316.47 316.47 316.47 316.47 315.81 315.14 315.14 315.14
 315.14 315.14 315.14 315.14 315.14 315.14 315.14 315.14 316.03 316.47 316.47 316.47 316.47 316.47 316.47 316.47 316.47 316.47 316.03 315.14 315.14 315.14 315.14 315.14
 315.14 315.14 315.14 315.14 315.14 315.14 315.14 315.14 315.14 315.14 316.03 316.47 316.47 316.47 316.47 316.47 316.03 315.14 315.14 315.14 315.14 315.14 315.14 315.14
 315.14 315.14 315.14 315.14 315.14 315.14 315.14 315.14 315.14 315.14 315.14 315.14 316.03 316.47 316.03 315.14 315.14 315.14 315.14 315.14 315.14 315.14 315.14 315.14
 315.14 315.14 315.14 315.14 315.14 315.14 315.14 315.14 315.14 315.14 315.14 315.14 315.14 315.14 315.14 315.14 315.14 315.14 315.14 315.14 315.14 315.14 315.14 315.14
 315.14 315.14 315.14 315.14 315.14 315.14 315.14 315.14 315.14 315.14 315.14 315.14 315.14 315.14 315.14 315.14 315.14 315.14 315.14 315.14 315.14 315.14 315.14 315.14
 315.14 315.14 315.14 315.14 315.14 315.14 315.14 315.14 315.14 315.14 315.14 315.14 315.14 315.14 315.14 315.14 315.14 315.14 315.14 315.14 315.14 315.14 315.14 315.14
 315.14 315.14 315.14 315.14 315.14 315.14 315.14 315.14 315.14 315.14 315.14 315.14 315.14 315.14 315.14 315.14 315.14 315.14 315.14 315.14 315.14 315.14 315.14 315.14
 316.06 316.06 316.06 316.06 316.06 316.06 316.06 316.06 316.06 316.06 316.06 316.06 316.06 316.06 316.06 316.06 316.06 316.06 316.06 316.06 316.06 316.06 316.06 316.06
 315.09 315.09 315.09 315.09 315.09 315.09 316.55 316.65 316.65 316.65 316.65 316.65 316.65 316.65 316.65 316.65 316.65 316.65 316.65 316.65 316.55 315.09 315.09 315.09
 315.09 315.09 315.09 315.09 315.09 315.09 316.45 316.65 316.65 316.65 316.65 316.65 316.65 316.65 316.65 316.65 316.65 316.65 316.65 316.65 316.45 315.09 315.09 315.09
 315.09 315.09 315.09 315.09 315.09 315.09 316.26 316.65 316.65 316.65 316.65 316.65 316.65 316.65 316.65 316.65 316.65 316.65 316.65 316.65 316.26 315.09 315.09 315.09
 315.09 315.09 315.09 315.09 315.09 315.09 315.87 316.65 316.65 316.65 316.65 316.65 316.65 316.65 316.65 316.65 316.65 316.65 316.65 316.65 315.87 315.09 315.09 315.09
 315.09 315.09 315.09 315.09 315.09 315.09 315.09 315.09 316.13 316.65 316.65 316.65 316.65 316.65 316.65 316.65 316.65 316.65 316.13 315.09 315.09 315.09 315.09 315.09
 315.09 315.09 315.09 315.09 315.09 315.09 315.09 315.09 315.09 315.09 316.13 316.65 316.65 316.65 316.65 316.65 316.13 315.09 315.09 315.09 315.09 315.09 315.09 315.09
 315.09 315.09 315.09 315.09 315.09 315.09 315.09 315.09 315.09 315.09 315.09 315.09 316.13 316.65 316.13 315.09 315.09 315.09 315.09 315.09 315.09 315.09 315.09 315.09
 315.09 315.09 315.09 315.09 315.09 315.09 315.09 315.09 315.09 315.09 315.09 315.09 315.09 315.09 315.09 315.09 315.09 315.09 315.09 315.09 315.09 315.09 315.09 315.09
 315.09 315.09 315.09 315.09 315.09 315.09 315.09 315.09 315.09 315.09 315.09 315.09 315.09 315.09 315.09 315.09 315.09 315.09 315.09 315.09 315.09 315.09 315.09 315.09
 315.09 315.09 315.09 315.09 315.09 315.09 315.09 315.09 315.09 315.09 315.09 315.09 315.09 315.09 315.09 315.09 315.09 315.09 315.09 315.09 315.09 315.09 315.09 315.09
 315.09 315.09 315.09 315.09 315.09 315.09 315.09 315.09 315.09 315.09 315.09 315.09 315.09 315.09 315.09 315.09 315.09 315.09 315.09 315.09 315.09 315.09 315.09 315.09
 317.71 317.71 317.71 317.71 317.71 317.71 317.71 317.71 317.71 317.71 317.71 317.71 317.71 317.71 317.71 317.71 317.71 317.71 317.71 317.71 317.71 317.71 317.71 317.71
 317.71 317.71 317.71 317.71 317.71 317.71 317.71 317.71 317.71 317.71 317.71 317.71 317.71 317.71 317.71 317.71 317.71 317.71 317.71 317.71 317.71 317.71 317.71 317.71
 317.71 317.71 317.71 317.71 317.71 317.71 317.71 317.71 317.71 317.71 317.71 317.71 317.71 317.71 317.71 317.71 317.71 317.71 317.71 317.71 317.71 317.71 317.71 317.71
 317.71 317.71 317.71 317.71 317.71 317.71 317.71 317.71 317.71 317.71 317.71 317.71 317.71 317.71 317.71 317.71 317.71 317.71 317.71 317.71 317.71 317.71 317.71 317.71
 317.71 317.71 317.71 317.71 317.71 317.71 317.71 317.71 317.71 317.71 317.71 317.71 317.71 317.71 317.71 317.71 317.71 317.71 317.71 317.71 317.71 317.71 317.71 317.71
 317.71 317.71 317.71 317.71 317.71 317.71 317.71 317.71 317.71 317.71 317.71 317.71 317.71 317.71 317.71 317.71 317.71 317.71 317.71 317.71 317.71 317.71 317.71 317.71
 317.71 317.71 317.71 317.71 317.71 317.71 317.71 317.71 317.71 317.71 317.71 317.71 317.71 317.71 317.71 317.71 317.71 317.71 317.71 317.71 317.71 317.71 317.71 317.71
 317.71 317.71 317.71 317.71 317.71 317.71 317.71 317.71 317.71 317.71 317.71 317.71 317.71 317.71 317.71 317.71 317.71 317.71 317.71 317.71 317.71 317.71 317.71 317.71
 317.71 317.71 317.71 317.71 317.71 317.71 317.71 317.71 317.71 317.71 317.71 317.71 317.71 317.71 317.71 317.71 317.71 317.71 317.71 317.71 317.71 317.71 317.71 317.71
 317.71 317.71 317.71 317.71 317.71 317.71 317.71 317.71 317.71 317.71 317.71 317.71 317.71 317.71 317.71 317.71 317.71 317.71 317.71 317.71 317.71 317.71 317.71 317.71
 317.71 317.71 317.71 317.71 317.71 317.71 317.71 317.71 317.71 317.71 317.71 317.71 317.71 317.71 317.71 317.71 317.71 317.71 317.71 317.71 317.71 317.71 317.71 317.71
 317.71 317.71 317.71 317.71 317.71 317.71 317.71 317.71 317.71 317.71 317.71 317.71 317.71 317.71 317.71 317.71 317.71 317.71 317.71 317.71 317.71 317.71 317.71 317.71
 318.29 318.29 318.29 318.29 318.29 318.29 318.29 318.29 318.29 318.29 318.29 318.29 318.29 318.29 318.29 318.29 318.29 318.29 318.29 318.29 318.29 318.29 318.29 318.29
 318.29 318.29 318.29 318.29 318.29 318.29 318.29 318.29 318.29 318.29 318.29 318.29 318.29 318.29 318.29 318.29 318.29 318.29 318.29 318.29 318.29 318.29 318.29 318.29
 318.29 318.29 318.29 318.29 318.29 318.29 318.29 318.29 318.29 318.29 318.29 318.29 318.29 318.29 318.29 318.29 318.29 318.29 318.29 318.29 318.29 318.29 318.29 318.29
 318.29 318.29 318.29 318.29 318.29 318.29 318.29 318.29 318.29 318.29 318.29 318.29 318.29 318.29 318.29 318.29 318.29 318.29 318.29 318.29 318.29 318.29 318.29 318.29
 318.29 318.29 318.29 318.29 318.29 318.29 318.29 318.29 318.29 318.29 318.29 318.29 318.29 318.29 318.29 318.29 318.29 318.29 318.29 318.29 318.29 318.29 318.29 318.29
 318.29 318.29 318.29 318.29 318.29 318.29 318.29 318.29 318.29 318.29 318.29 318.29 318.29 318.29 318.29 318.29 318.29 318.29 318.29 318.29 318.29 318.29 318.29 318.29
 318.29 318.29 318.29 318.29 318.29 318.29 318.29 318.29 318.29 318.29 318.29 318.29 318.29 318.29 318.29 318.29 318.29 318.29 318.29 318.29 318.29 318.29 318.29 318.29
 318.29 318.29 318.29 318.29 318.29 318.29 318.29 318.29 318.29 318.29 318.29 318.29 318.29 318.29 318.29 318.29 318.29 318.29 318.29 318.29 318.29 318.29 318.29 318.29
 318.29 318.29 318.29 318.29 318.29 318.29 318.29 318.29 318.29 318.29 318.29 318.29 318.29 318.29 318.29 318.29 318.29 318.29 318.29 318.29 318.29 318.29 318.29 318.29
 318.29 318.29 318.29 318.29 318.29 318.29 318.29 318.29 318.29 318.29 318.29 318.29 318.29 318.29 318.29 318.29 318.29 318.29 318.29 318.29 318.29 318.29 318.29 318.29
 318.29 318.29 318.29 318.29 318.29 318.29 318.29 318.29 318.29 318.29 318.29 318.29 318.29 318.29 318.29 318.29 318.29 318.29 318.29 318.29 318.29 318.29 318.29 318.29
 318.29 318.29 318.29 318.29 318.29 318.29 318.29 318.29 318.29 318.29 318.29 318.29 318.29 318.29 318.29 318.29 318.29 318.29 318.29 318.29 318.29 318.29 318.29 318.29
 318.16 318.16 318.16 318.16 318.16 318.16 318.16 318.16 318.16 318.16 318.16 318.16 318.16 318.16 318.16 318.16 318.16 318.16 318.16 318.16 318.16 318.16 318.16 318.16
 318.16 318.16 318.16 318.16 318.16 318.16 318.16 318.16 318.16 318.16 318.16 318.16 318.16 318.16 318.16 318.16 318.16 318.16 318.16 318.16 318.16 318.16 318.16 318.16
 318.16 318.16 318.16 318.16 318.16 318.16 318.16 318.16 318.16 318.16 318.16 318.16 318.16 318.16 318.16 318.16 318.16 318.16 318.16 318.16 318.16 318.16 318.16 318.16
 318.16 318.16 318.16 318.16 318.16 318.16 318.16 318.16 318.16 318.16 318.16 318.16 318.16 318.16 318.16 318.16 318.16 318.16 318.16 318.16 318.16 318.16 318.16 318.16
 318.16 318.16 318.16 318.16 318.16 318.16 318.16 318.16 318.16 318.16 318.16 318.16 318.16 318.16 318.16 318.16 318.16 318.16 318.16 318.16 318.16 318.16 318.16 318.16
 318.16 318.16 318.16 318.16 318.16 318.16 318.16 318.16 318.16 318.16 318.16 318.16 318.16 318.16 318.16 318.16 318.16 318.16 318.16 318.16 318.16 318.16 318.16 318.16
 318.16 318.16 318.16 318.16 318.16 318.16 318.16 318.16 318.16 318.16 318.16 318.16 318.16 318.16 318.16 318.16 318.16 318.16 318.16 318.16 318.16 318.16 318.16 318.16
 318.16 318.16 318.16 318.16 318.16 318.16 318.16 318.16 318.16 318.16 318.16 318.16 318.16 318.16 318.16 318.16 318.16 318.16 318.16 318.16 318.16 318.16 318.16 318.16
 318.16 318.16 318.16 318.16 318.16 318.16 318.16 318.16 318.16 318.16 318.16 318.16 318.16 318.16 318.16 318.16 318.16 318.16 318.16 318.16 318.16 318.16 318.16 318.16
 318.16 318.16 318.16 318.16 318.16 318.16 318.16 318.16 318.16 318.16 318.16 318.16 318.16 318.16 318.16 318.16 318.16 318.16 318.16 318.16 318.16 318.16 318.16 318.16
 318.16 318.16 318.16 318.16 318.16 318.16 318.16 318.16 318.16 318.16 318.16 318.16 318.16 318.16 318.16 318.16 318.16 318.16 318.16 318.16 318.16 318.16 318.16 318.16
 318.16 318.16 318.16 318.16 318.16 318.16 318.16 318.16 318.16 318.16 318.16 318.16 318.16 318.16 318.16 318.16 318.16 318.16 318.16 318.16 318.16 318.16 318.16 318.16
 316.55 316.55 316.55 316.55 316.55 316.55 316.55 316.55 316.55 316.55 316.55 316.55 316.55 316.55 316.55 316.55 316.55 316.55 316.55 316.55 316.55 316.55 316.55 316.55
 316.55 316.55 316.55 316.55 316.55 316.55 316.55 316.55 316.55 316.55 316.55 316.55 316.55 316.55 316.55 316.55 316.55 316.55 316.55 316.55 316.55 316.55 316.55 316.55
 316.55 316.55 316.55 316.55 316.55 316.55 316.55 316.55 316.55 316.55 316.55 316.55 316.55 316.55 316.55 316.55 316.55 316.55 316.55 316.55 316.55 316.55 316.55 316.55
 316.55 316.55 316.55 316.55 316.55 316.55 316.55 316.55 316.55 316.55 316.55 316.55 316.55 316.55 316.55 316.55 316.55 316.55 316.55 316.55 316.55 316.55 316.55 316.55
 316.55 316.55 316.55 316.55 316.55 316.55 316.55 316.55 316.55 316.55 316.55 316.55 316.55 316.55 316.55 316.55 316.55 316.55 316.55 316.55 316.55 316.55 316.55 316.55
 316.55 316.55 316.55 316.55 316.55 316.55 316.55 316.55 316.55 316.55 316.55 316.55 316.55 316.55 316.55 316.55 316.55 316.55 316.55 316.55 316.55 316.55 316.55 316.55
 316.55 316.55 316.55 316.55 316.55 316.55 316.55 316.55 316.55 316.55 316.55 316.55 316.55 316.55 316.55 316.55 316.55 316.55 316.55 316.55 316.55 316.55 316.55 316.55
 316.55 316.55 316.55 316.55 316.55 316.55 316.55 316.55 316.55 316.55 316.55 316.55 316.55 316.55 316.55 316.55 316.55 316.55 316.55 316.55 316.55 316.55 316.55 316.55
 316.55 316.55 316.55 316.55 316.55 316.55 316.55 316.55 316.55 316.55 316.55 316.55 316.55 316.55 316.55 316.55 316.55 316.55 316.55 316.55 316.55 316.55 316.55 316.55
 316.55 316.55 316.55 316.55 316.55 316.55 316.55 316.55 316.55 316.55 316.55 316.55 316.55 316.55 316.55 316.55 316.55 316.55 316.55 316.55 316.55 316.55 316.55 316.55
 316.55 316.55 316.55 316.55 316.55 316.55 316.55 316.55 316.55 316.55 316.55 316.55 316.55 316.55 316.55 316.55 316.55 316.55 316.55 316.55 316.55 316.55 316.55 316.55
 316.55 316.55 316.55 316.55 316.55 316.55 316.55 316.55 316.55 316.55 316.55 316.55 316.55 316.55 316.55 316.55 316.55 316.55 316.55 316.55 316.55 316.55 316.55 316.55
 315.24 315.24 315.24 315.24 315.24 315.24 315.24 315.24 315.24 315.24 315.24 315.24 315.24 315.24 315.24 315.24 315.24 315.24 315.24 315.24 315.24 315.24 315.24 315.24
 315.96 315.96 315.96 315.96 315.96 315.96 314.87 314.80 314.80 314.80 314.80 314.80 314.80 314.80 314.80 314.80 314.80 314.80 314.80 314.80 314.87 315.96 315.96 315.96
 315.96 315.96 315.96 315.96 315.96 315.96 314.95 314.80 314.80 314.80 314.80 314.80 314.80 314.80 314.80 314.80 314.80 314.80 314.80 314.80 314.95 315.96 315.96 315.96
 315.96 315.96 315.96 315.96 315.96 315.96 315.09 314.80 314.80 314.80 314.80 314.80 314.80 314.80 314.80 314.80 314.80 314.80 314.80 314.80 315.09 315.96 315.96 315.96
 315.96 315.96 315.96 315.96 315.96 315.96 315.38 314.80 314.80 314.80 314.80 314.80 314.80 314.80 314.80 314.80 314.80 314.80 314.80 314.80 315.38 315.96 315.96 315.96
 315.96 315.96 315.96 315.96 315.96 315.96 315.96 315.96 315.19 314.80 314.80 314.80 314.80 314.80 314.80 314.80 314.80 314.80 315.19 315.96 315.96 315.96 315.96 315.96
 315.96 315.96 315.96 315.96 315.96 315.96 315.96 315.96 315.96 315.96 315.19 314.80 314.80 314.80 314.80 314.80 315.19 315.96 315.96 315.96 315.96 315.96 315.96 315.96
 315.96 315.96 315.96 315.96 315.96 315.96 315.96 315.96 315.96 315.96 315.96 315.96 315.19 314.80 315.19 315.96 315.96 315.96 315.96 315.96 315.96 315.96 315.96 315.96
 315.96 315.96 315.96 315.96 315.96 315.96 315.96 315.96 315.96 315.96 315.96 315.96 315.96 315.96 315.96 315.96 315.96 315.96 315.96 315.96 315.96 315.96 315.96 315.96
 315.96 315.96 315.96 315.96 315.96 315.96 315.96 315.96 315.96 315.96 315.96 315.96 315.96 315.96 315.96 315.96 315.96 315.96 315.96 315.96 315.96 315.96 315.96 315.96
 315.96 315.96 315.96 315.96 315.96 315.96 315.96 315.96 315.96 315.96 315.96 315.96 315.96 315.96 315.96 315.96 315.96 315.96 315.96 315.96 315.96 315.96 315.96 315.96
 315.96 315.96 315.96 315.96 315.96 315.96 315.96 315.96 315.96 315.96 315.96 315.96 315.96 315.96 315.96 315.96 315.96 315.96 315.96 315.96 315.96 315.96 315.96 315.96
 314.74 314.74 314.74 314.74 314.74 314.74 314.74 314.74 314.74 314.74 314.74 314.74 314.74 314.74 314.74 314.74 314.74 314.74 314.74 314.74 314.74 314.74 314.74 314.74
 316.22 316.22 316.22 316.22 316.22 316.22 313.99 313.84 313.84 313.84 313.84 313.84 313.84 313.84 313.84 313.84 313.84 313.84 313.84 313.84 313.99 316.22 316.22 316.22
 316.22 316.22 316.22 316.22 316.22 316.22 314.14 313.84 313.84 313.84 313.84 313.84 313.84 313.84 313.84 313.84 313.84 313.84 313.84 313.84 314.14 316.22 316.22 316.22
 316.22 316.22 316.22 316.22 316.22 316.22 314.43 313.84 313.84 313.84 313.84 313.84 313.84 313.84 313.84 313.84 313.84 313.84 313.84 313.84 314.43 316.22 316.22 316.22
 316.22 316.22 316.22 316.22 316.22 316.22 315.03 313.84 313.84 313.84 313.84 313.84 313.84 313.84 313.84 313.84 313.84 313.84 313.84 313.84 315.03 316.22 316.22 316.22
 316.22 316.22 316.22 316.22 316.22 316.22 316.22 316.22 314.63 313.84 313.84 313.84 313.84 313.84 313.84 313.84 313.84 313.84 314.63 316.22 316.22 316.22 316.22 316.22
 316.22 316.22 316.22 316.22 316.22 316.22 316.22 316.22 316.22 316.22 314.63 313.84 313.84 313.84 313.84 313.84 314.63 316.22 316.22 316.22 316.22 316.22 316.22 316.22
 316.22 316.22 316.22 316.22 316.22 316.22 316.22 316.22 316.22 316.22 316.22 316.22 314.63 313.84 314.63 316.22 316.22 316.22 316.22 316.22 316.22 316.22 316.22 316.22
 316.22 316.22 316.22 316.22 316.22 316.22 316.22 316.22 316.22 316.22 316.22 316.22 316.22 316.22 316.22 316.22 316.22 316.22 316.22 316.22 316.22 316.22 316.22 316.22
 316.22 316.22 316.22 316.22 316.22 316.22 316.22 316.22 316.22 316.22 316.22 316.22 316.22 316.22 316.22 316.22 316.22 316.22 316.22 316.22 316.22 316.22 316.22 316.22
 316.22 316.22 316.22 316.22 316.22 316.22 316.22 316.22 316.22 316.22 316.22 316.22 316.22 316.22 316.22 316.22 316.22 316.22 316.22 316.22 316.22 316.22 316.22 316.22
 316.22 316.22 316.22 316.22 316.22 316.22 316.22 316.22 316.22 316.22 316.22 316.22 316.22 316.22 316.22 316.22 316.22 316.22 316.22 316.22 316.22 316.22 316.22 316.22
 313.34 313.34 313.34 313.34 313.34 313.34 313.34 313.34 313.34 313.34 313.34 313.34 313.34 313.34 313.34 313.34 313.34 313.34 313.34 313.34 313.34 313.34 313.34 313.34
 313.34 313.34 313.34 313.34 313.34 313.34 313.34 313.34 313.34 313.34 313.34 313.34 313.34 313.34 313.34 313.34 313.34 313.34 313.34 313.34 313.34 313.34 313.34 313.34
 313.34 313.34 313.34 313.34 313.34 313.34 313.34 313.34 313.34 313.34 313.34 313.34 313.34 313.34 313.34 313.34 313.34 313.34 313.34 313.34 313.34 313.34 313.34 313.34
 313.34 313.34 313.34 313.34 313.34 313.34 313.34 313.34 313.34 313.34 313.34 313.34 313.34 313.34 313.34 313.34 313.34 313.34 313.34 313.34 313.34 313.34 313.34 313.34
 313.34 313.34 313.34 313.34 313.34 313.34 313.34 313.34 313.34 313.34 313.34 313.34 313.34 313.34 313.34 313.34 313.34 313.34 313.34 313.34 313.34 313.34 313.34 313.34
 313.34 313.34 313.34 313.34 313.34 313.34 313.34 313.34 313.34 313.34 313.34 313.34 313.34 313.34 313.34 313.34 313.34 313.34 313.34 313.34 313.34 313.34 313.34 313.34
 313.34 313.34 313.34 313.34 313.34 313.34 313.34 313.34 313.34 313.34 313.34 313.34 313.34 313.34 313.34 313.34 313.34 313.34 313.34 313.34 313.34 313.34 313.34 313.34
 313.34 313.34 313.34 313.34 313.34 313.34 313.34 313.34 313.34 313.34 313.34 313.34 313.34 313.34 313.34 313.34 313.34 313.34 313.34 313.34 313.34 313.34 313.34 313.34
 313.34 313.34 313.34 313.34 313.34 313.34 313.34 313.34 313.34 313.34 313.34 313.34 313.34 313.34 313.34 313.34 313.34 313.34 313.34 313.34 313.34 313.34 313.34 313.34
 313.34 313.34 313.34 313.34 313.34 313.34 313.34 313.34 313.34 313.34 313.34 313.34 313.34 313.34 313.34 313.34 313.34 313.34 313.34 313.34 313.34 313.34 313.34 313.34
 313.34 313.34 313.34 313.34 313.34 313.34 313.34 313.34 313.34 313.34 313.34 313.34 313.34 313.34 313.34 313.34 313.34 313.34 313.34 313.34 313.34 313.34 313.34 313.34
 313.34 313.34 313.34 313.34 313.34 313.34 313.34 313.34 313.34 313.34 313.34 313.34 313.34 313.34 313.34 313.34 313.34 313.34 313.34 313.34 313.34 313.34 313.34 313.34
 315.38 315.38 315.38 315.38 315.38 315.38 315.38 315.38 315.38 315.38 315.38 315.38 315.38 315.38 315.38 315.38 315.38 315.38 315.38 315.38 315.38 315.38 315.38 315.38
 316.32 316.32 316.32 316.32 316.32 316.32 314.90 314.81 314.81 314.81 314.81 314.81 314.81 314.81 314.81 314.81 314.81 314.81 314.81 314.81 314.90 316.32 316.32 316.32
 316.32 316.32 316.32 316.32 316.32 316.32 315.00 314.81 314.81 314.81 314.81 314.81 314.81 314.81 314.81 314.81 314.81 314.81 314.81 314.81 315.00 316.32 316.32 316.32
 316.32 316.32 316.32 316.32 316.32 316.32 315.19 314.81 314.81 314.81 314.81 314.81 314.81 314.81 314.81 314.81 314.81 314.81 314.81 314.81 315.19 316.32 316.32 316.32
 316.32 316.32 316.32 316.32 316.32 316.32 315.56 314.81 314.81 314.81 314.81 314.81 314.81 314.81 314.81 314.81 314.81 314.81 314.81 314.81 315.56 316.32 316.32 316.32
 316.32 316.32 316.32 316.32 316.32 316.32 316.32 316.32 315.31 314.81 314.81 314.81 314.81 314.81 314.81 314.81 314.81 314.81 315.31 316.32 316.32 316.32 316.32 316.32
 316.32 316.32 316.32 316.32 316.32 316.32 316.32 316.32 316.32 316.32 315.31 314.81 314.81 314.81 314.81 314.81 315.31 316.32 316.32 316.32 316.32 316.32 316.32 316.32
 316.32 316.32 316.32 316.32 316.32 316.32 316.32 316.32 316.32 316.32 316.32 316.32 315.31 314.81 315.31 316.32 316.32 316.32 316.32 316.32 316.32 316.32 316.32 316.32
 316.32 316.32 316.32 316.32 316.32 316.32 316.32 316.32 316.32 316.32 316.32 316.32 316.32 316.32 316.32 316.32 316.32 316.32 316.32 316.32 316.32 316.32 316.32 316.32
 316.32 316.32 316.32 316.32 316.32 316.32 316.32 316.32 316.32 316.32 316.32 316.32 316.32 316.32 316.32 316.32 316.32 316.32 316.32 316.32 316.32 316.32 316.32 316.32
 316.32 316.32 316.32 316.32 316.32 316.32 316.32 316.32 316.32 316.32 316.32 316.32 316.32 316.32 316.32 316.32 316.32 316.32 316.32 316.32 316.32 316.32 316.32 316.32
 316.32 316.32 316.32 316.32 316.32 316.32 316.32 316.32 316.32 316.32 316.32 316.32 316.32 316.32 316.32 316.32 316.32 316.32 316.32 316.32 316.32 316.32 316.32 316.32
 315.59 315.59 315.59 315.59 315.59 315.59 315.59 315.59 315.59 315.59 315.59 315.59 315.59 315.59 315.59 315.59 315.59 315.59 315.59 315.59 315.59 315.59 315.59 315.59
 315.59 315.59 315.59 315.59 315.59 315.59 315.59 315.59 315.59 315.59 315.59 315.59 315.59 315.59 315.59 315.59 315.59 315.59 315.59 315.59 315.59 315.59 315.59 315.59
 315.59 315.59 315.59 315.59 315.59 315.59 315.59 315.59 315.59 315.59 315.59 315.59 315.59 315.59 315.59 315.59 315.59 315.59 315.59 315.59 315.59 315.59 315.59 315.59
 315.59 315.59 315.59 315.59 315.59 315.59 315.59 315.59 315.59 315.59 315.59 315.59 315.59 315.59 315.59 315.59 315.59 315.59 315.59 315.59 315.59 315.59 315.59 315.59
 315.59 315.59 315.59 315.59 315.59 315.59 315.59 315.59 315.59 315.59 315.59 315.59 315.59 315.59 315.59 315.59 315.59 315.59 315.59 315.59 315.59 315.59 315.59 315.59
 315.59 315.59 315.59 315.59 315.59 315.59 315.59 315.59 315.59 315.59 315.59 315.59 315.59 315.59 315.59 315.59 315.59 315.59 315.59 315.59 315.59 315.59 315.59 315.59
 315.59 315.59 315.59 315.59 315.59 315.59 315.59 315.59 315.59 315.59 315.59 315.59 315.59 315.59 315.59 315.59 315.59 315.59 315.59 315.59 315.59 315.59 315.59 315.59
 315.59 315.59 315.59 315.59 315.59 315.59 315.59 315.59 315.59 315.59 315.59 315.59 315.59 315.59 315.59 315.59 315.59 315.59 315.59 315.59 315.59 315.59 315.59 315.59
 315.59 315.59 315.59 315.59 315.59 315.59 315.59 315.59 315.59 315.59 315.59 315.59 315.59 315.59 315.59 315.59 315.59 315.59 315.59 315.59 315.59 315.59 315.59 315.59
 315.59 315.59 315.59 315.59 315.59 315.59 315.59 315.59 315.59 315.59 315.59 315.59 315.59 315.59 315.59 315.59 315.59 315.59 315.59 315.59 315.59 315.59 315.59 315.59
 315.59 315.59 315.59 315.59 315.59 315.59 315.59 315.59 315.59 315.59 315.59 315.59 315.59 315.59 315.59 315.59 315.59 315.59 315.59 315.59 315.59 315.59 315.59 315.59
 315.59 315.59 315.59 315.59 315.59 315.59 315.59 315.59 315.59 315.59 315.59 315.59 315.59 315.59 315.59 315.59 315.59 315.59 315.59 315.59 315.59 315.59 315.59 315.59
