2008 MONTHLY CO2 (PPMV)   24  12  LON/LAT (N-S/0-360E) IN 15 DEGREE RESOLUTION,  GLB ANNUAL MEAN = 385.19,  GROWTH RATE = 2.03,  MISS DATA = -99.99
 391.73 391.73 391.73 391.73 391.73 391.73 391.73 391.73 391.73 391.73 391.73 391.73 391.73 391.73 391.73 391.73 391.73 391.73 391.73 391.73 391.73 391.73 391.73 391.73
 391.58 393.06 393.61 392.48 391.19 390.11 389.43 389.90 390.85 391.52 391.52 391.32 391.20 391.24 393.19 397.00 397.74 395.97 393.21 391.66 390.52 389.41 389.35 389.70
 392.37 394.56 394.21 391.64 390.79 389.67 389.09 389.55 391.05 391.82 391.50 390.68 390.13 390.12 392.10 394.52 396.47 395.21 393.44 392.47 390.20 389.38 388.77 389.29
 391.65 394.15 393.49 391.45 390.43 389.78 388.68 388.97 390.36 390.92 390.38 389.23 388.44 388.18 389.21 391.50 392.31 393.16 392.78 390.80 389.73 388.45 387.84 388.22
 388.76 390.23 390.90 389.33 388.39 387.19 386.48 387.01 388.31 389.12 388.56 387.52 386.62 386.31 387.05 388.20 389.56 390.59 389.92 389.49 387.86 387.11 386.46 386.69
 385.50 386.61 387.18 387.31 385.71 383.89 382.84 383.97 385.43 386.06 386.18 385.73 385.34 385.35 385.73 386.40 387.07 387.44 387.63 387.11 386.62 385.62 385.09 384.71
 383.46 383.65 384.49 385.15 383.81 381.51 380.14 381.36 382.93 383.85 383.96 384.08 384.18 384.46 384.71 384.74 384.45 384.74 385.24 385.33 385.12 384.54 383.82 383.30
 382.39 382.52 383.16 383.99 383.19 381.39 380.21 380.78 381.67 382.26 382.33 382.67 383.10 383.54 383.70 383.41 383.04 383.03 383.19 383.46 383.66 383.42 383.03 382.60
 382.11 382.06 382.33 382.55 382.13 381.50 380.86 381.25 381.67 381.85 381.89 382.03 382.38 382.79 382.97 383.00 382.80 382.52 382.14 382.08 382.28 382.46 382.49 382.29
 381.88 381.84 381.73 381.60 381.44 381.39 381.52 381.68 381.68 381.61 381.49 381.68 381.94 382.26 382.55 382.69 382.56 382.09 381.69 381.59 381.79 382.03 382.08 382.01
 381.86 381.86 381.78 381.57 381.36 381.44 381.65 381.81 381.70 381.50 381.39 381.46 381.71 381.99 382.26 382.36 382.13 381.74 381.57 381.64 381.89 381.97 381.95 381.87
 381.72 381.72 381.72 381.72 381.72 381.72 381.72 381.72 381.72 381.72 381.72 381.72 381.72 381.72 381.72 381.72 381.72 381.72 381.72 381.72 381.72 381.72 381.72 381.72
 392.62 392.62 392.62 392.62 392.62 392.62 392.62 392.62 392.62 392.62 392.62 392.62 392.62 392.62 392.62 392.62 392.62 392.62 392.62 392.62 392.62 392.62 392.62 392.62
 391.84 393.06 393.94 393.35 392.01 390.73 390.18 390.80 391.79 392.32 392.19 392.14 392.40 392.71 394.33 397.43 397.92 396.13 393.36 391.93 391.18 390.57 390.53 390.66
 392.14 393.70 393.83 391.98 391.06 390.09 389.77 390.56 392.06 392.77 392.29 391.48 391.19 391.30 392.85 394.85 396.76 395.69 393.82 392.70 390.88 390.15 389.62 389.92
 391.28 393.34 392.76 391.21 390.44 390.03 389.47 390.00 391.51 392.02 391.43 390.31 389.49 389.11 389.74 391.79 392.89 393.93 393.51 391.58 390.52 389.24 388.46 388.71
 388.91 390.16 390.83 389.43 388.47 387.44 386.95 387.95 389.48 390.42 389.83 388.70 387.61 387.08 387.60 388.60 390.17 391.33 390.86 390.52 389.06 388.02 387.19 387.05
 385.81 387.23 387.98 388.04 386.14 384.00 382.91 384.43 386.28 387.10 387.17 386.55 385.97 386.00 386.33 386.85 387.35 387.81 388.30 388.17 387.98 386.75 385.69 384.96
 383.55 384.49 385.72 386.29 384.38 381.55 379.86 381.35 383.25 384.35 384.39 384.38 384.40 384.83 385.16 385.05 384.52 384.86 385.82 386.43 386.45 385.44 384.01 383.08
 382.40 382.98 384.02 384.84 383.62 381.38 379.92 380.59 381.65 382.35 382.35 382.65 383.11 383.68 383.88 383.47 382.98 383.14 383.75 384.49 384.74 383.95 382.95 382.23
 382.08 382.24 382.56 382.89 382.32 381.50 380.66 381.13 381.68 381.95 381.93 382.01 382.36 382.83 382.97 382.94 382.72 382.65 382.69 382.87 383.01 382.77 382.44 382.15
 381.99 381.94 381.81 381.62 381.45 381.34 381.42 381.58 381.69 381.72 381.62 381.72 381.92 382.25 382.52 382.63 382.55 382.32 382.12 382.17 382.22 382.25 382.11 382.01
 381.90 381.90 381.79 381.58 381.35 381.38 381.55 381.69 381.67 381.61 381.58 381.61 381.78 381.99 382.23 382.35 382.23 381.96 381.88 381.91 382.16 382.11 381.99 381.89
 381.77 381.77 381.77 381.77 381.77 381.77 381.77 381.77 381.77 381.77 381.77 381.77 381.77 381.77 381.77 381.77 381.77 381.77 381.77 381.77 381.77 381.77 381.77 381.77
 393.44 393.44 393.44 393.44 393.44 393.44 393.44 393.44 393.44 393.44 393.44 393.44 393.44 393.44 393.44 393.44 393.44 393.44 393.44 393.44 393.44 393.44 393.44 393.44
 392.74 394.32 395.39 395.10 393.52 392.01 391.72 392.75 393.90 393.86 392.91 392.38 392.52 392.90 394.25 396.75 397.07 395.61 393.51 392.40 391.76 391.18 391.27 391.65
 392.80 393.99 394.47 393.04 392.02 391.10 391.13 392.69 394.57 394.97 393.45 391.84 391.40 391.65 393.24 394.80 396.25 395.14 393.71 392.83 391.36 390.84 390.50 390.88
 391.56 393.34 392.73 391.64 391.11 390.90 390.80 391.88 393.99 394.01 392.61 390.77 389.78 389.69 390.53 392.47 393.05 393.69 393.34 391.77 390.97 389.99 389.46 389.64
 389.28 390.23 390.73 389.36 388.79 388.20 388.17 389.58 391.17 391.87 390.60 389.09 388.00 387.71 388.62 389.58 390.81 391.41 391.02 390.79 389.75 388.80 388.02 387.71
 385.89 387.11 387.58 387.50 386.10 384.66 384.10 385.48 387.20 387.57 387.45 386.65 386.15 386.54 387.10 387.64 387.73 387.98 388.57 388.82 388.91 387.49 386.12 385.09
 383.37 384.17 385.16 385.45 384.10 382.07 380.98 382.17 383.56 384.29 384.22 384.17 384.30 385.02 385.58 385.38 384.52 384.81 386.10 387.19 387.40 386.05 384.07 382.82
 382.16 382.75 383.66 384.31 383.47 381.88 380.84 381.16 381.71 382.03 382.03 382.31 382.78 383.55 383.83 383.30 382.63 382.91 383.92 385.09 385.44 384.26 382.82 381.88
 381.99 382.19 382.50 382.78 382.40 381.84 381.25 381.48 381.73 381.79 381.70 381.72 382.09 382.58 382.70 382.59 382.34 382.48 382.86 383.27 383.34 382.84 382.28 381.96
 382.00 382.00 381.92 381.79 381.67 381.61 381.68 381.76 381.74 381.63 381.44 381.51 381.70 382.05 382.24 382.32 382.29 382.33 382.36 382.45 382.35 382.23 382.05 381.99
 381.98 381.99 381.92 381.75 381.57 381.60 381.74 381.86 381.75 381.55 381.42 381.42 381.60 381.81 382.03 382.16 382.20 382.16 382.16 382.13 382.20 382.11 382.01 381.96
 381.83 381.83 381.83 381.83 381.83 381.83 381.83 381.83 381.83 381.83 381.83 381.83 381.83 381.83 381.83 381.83 381.83 381.83 381.83 381.83 381.83 381.83 381.83 381.83
 393.37 393.37 393.37 393.37 393.37 393.37 393.37 393.37 393.37 393.37 393.37 393.37 393.37 393.37 393.37 393.37 393.37 393.37 393.37 393.37 393.37 393.37 393.37 393.37
 392.26 392.69 392.69 392.30 391.80 391.71 392.55 393.95 394.99 394.76 393.95 393.38 393.22 393.30 394.42 396.63 397.09 395.96 394.22 393.04 392.24 391.52 391.53 391.77
 391.75 392.20 392.24 391.68 391.29 391.22 392.19 394.20 395.58 395.49 393.93 392.80 392.31 392.39 393.94 395.25 396.01 395.47 394.26 393.71 391.82 391.32 390.97 391.18
 390.85 391.36 391.54 391.24 391.01 391.07 391.89 393.35 394.95 394.12 392.89 391.51 390.76 390.79 391.74 393.40 393.15 393.49 394.11 392.58 391.42 390.55 390.19 390.13
 388.94 389.21 389.43 388.82 388.55 388.39 389.18 390.71 391.70 392.08 390.85 389.71 388.87 388.86 389.98 390.73 391.12 391.82 391.51 391.64 390.21 389.34 388.66 388.31
 385.92 386.44 386.33 385.90 385.43 384.92 385.12 386.17 387.55 387.73 387.72 386.99 386.63 387.28 388.06 388.47 388.30 388.46 389.18 389.42 389.42 387.86 386.43 385.29
 383.24 383.56 383.86 383.57 383.05 382.26 382.04 382.90 383.87 384.40 384.37 384.31 384.43 385.32 386.05 385.80 384.71 384.98 386.41 387.57 387.75 386.23 384.04 382.65
 381.90 382.30 382.80 383.06 382.76 382.15 381.75 381.84 381.99 382.12 382.25 382.47 382.84 383.56 383.88 383.21 382.38 382.69 383.86 385.19 385.54 384.18 382.57 381.56
 381.88 382.04 382.23 382.38 382.26 382.09 381.89 381.94 381.95 381.90 381.97 382.09 382.26 382.57 382.55 382.35 382.03 382.25 382.73 383.19 383.16 382.54 381.93 381.73
 381.99 382.03 382.02 381.96 381.93 381.95 382.04 382.08 381.93 381.74 381.66 381.81 381.98 382.09 382.11 382.09 382.07 382.21 382.32 382.30 382.04 381.80 381.81 381.92
 382.07 382.09 382.07 381.98 381.89 381.94 382.06 382.14 381.98 381.69 381.53 381.58 381.77 381.93 381.98 382.04 382.11 382.18 382.19 382.02 381.80 381.79 381.92 382.03
 381.93 381.93 381.93 381.93 381.93 381.93 381.93 381.93 381.93 381.93 381.93 381.93 381.93 381.93 381.93 381.93 381.93 381.93 381.93 381.93 381.93 381.93 381.93 381.93
 392.45 392.45 392.45 392.45 392.45 392.45 392.45 392.45 392.45 392.45 392.45 392.45 392.45 392.45 392.45 392.45 392.45 392.45 392.45 392.45 392.45 392.45 392.45 392.45
 390.15 390.21 390.24 389.94 389.20 388.96 389.97 391.55 392.95 393.45 393.35 393.09 392.92 392.88 394.81 398.61 398.83 396.43 393.06 391.65 391.09 390.66 390.56 390.34
 389.75 389.93 390.73 389.38 388.38 388.36 389.62 391.74 393.26 393.71 393.10 392.53 392.17 392.18 394.09 396.13 397.04 394.58 392.22 391.44 390.24 390.07 390.04 389.62
 389.96 391.44 390.82 389.34 388.09 388.00 389.49 391.01 392.53 392.40 391.89 391.18 390.90 390.95 391.75 393.30 392.43 391.91 391.69 390.67 389.69 389.42 389.47 389.29
 389.32 389.48 389.58 387.37 386.24 386.15 387.23 388.87 389.96 390.59 390.04 389.45 389.07 389.31 390.11 390.41 389.97 390.13 390.12 390.41 389.38 388.76 388.25 387.78
 385.62 386.34 385.77 384.94 384.10 383.60 383.97 385.46 387.28 388.08 387.91 387.27 386.90 387.56 388.33 388.49 387.99 387.91 388.70 389.29 388.99 387.56 386.07 385.49
 383.23 383.22 383.34 382.84 382.30 381.64 381.48 382.81 384.72 385.81 385.53 384.87 384.69 385.53 386.19 385.96 384.80 384.83 386.00 387.03 386.74 385.11 383.72 382.87
 382.94 383.20 383.03 382.71 382.24 381.70 381.35 382.01 382.83 383.57 383.43 383.26 383.18 383.77 384.05 383.34 382.49 382.61 383.43 384.22 383.98 383.13 382.43 382.43
 383.29 383.37 382.94 382.50 382.12 381.89 381.68 381.88 382.13 382.27 382.48 382.63 382.61 382.77 382.70 382.47 382.13 382.20 382.34 382.39 382.24 382.04 382.14 382.74
 383.10 383.00 382.59 382.26 382.09 382.03 382.00 382.04 382.03 382.02 382.08 382.27 382.38 382.30 382.25 382.20 382.16 382.24 382.31 382.25 382.01 381.83 382.11 382.71
 382.59 382.54 382.32 382.20 382.12 382.10 382.08 382.06 382.00 381.88 381.86 381.96 382.13 382.21 382.15 382.15 382.18 382.23 382.22 382.05 381.79 381.81 382.06 382.43
 382.07 382.07 382.07 382.07 382.07 382.07 382.07 382.07 382.07 382.07 382.07 382.07 382.07 382.07 382.07 382.07 382.07 382.07 382.07 382.07 382.07 382.07 382.07 382.07
 389.59 389.59 389.59 389.59 389.59 389.59 389.59 389.59 389.59 389.59 389.59 389.59 389.59 389.59 389.59 389.59 389.59 389.59 389.59 389.59 389.59 389.59 389.59 389.59
 387.10 387.17 387.52 387.48 386.42 385.50 385.70 386.72 387.99 388.37 388.09 388.08 388.65 389.37 393.42 400.64 401.12 396.93 391.25 389.38 388.72 387.97 387.54 387.34
 387.59 387.94 388.61 386.59 385.42 384.95 385.18 386.73 388.27 389.19 388.59 388.01 388.33 389.04 392.63 396.57 398.54 394.49 391.02 390.41 388.50 387.72 387.10 386.64
 388.60 391.09 388.99 386.56 384.99 384.64 385.17 386.12 388.16 388.95 388.70 388.14 388.17 388.63 389.86 392.05 391.23 391.10 391.14 390.00 388.51 387.48 386.86 387.05
 389.34 389.49 388.98 385.47 384.06 383.68 383.85 385.35 386.91 388.34 388.30 387.81 387.57 387.92 388.44 388.27 387.67 388.67 389.08 389.94 388.17 387.35 386.75 386.70
 386.22 387.00 385.76 384.67 383.19 382.21 382.09 383.59 385.63 386.98 387.06 386.55 386.29 386.76 387.30 387.09 386.71 386.63 387.57 387.99 387.94 386.85 385.85 385.95
 384.28 384.02 383.86 383.31 382.38 381.21 380.59 381.98 384.01 385.28 385.16 384.74 384.65 385.38 385.78 385.48 384.49 384.49 385.37 386.24 386.25 385.42 384.63 384.09
 383.66 383.63 383.38 383.16 382.39 381.39 380.74 381.54 382.64 383.47 383.40 383.36 383.46 383.99 384.21 383.57 382.87 383.00 383.71 384.44 384.41 384.02 383.68 383.61
 383.41 383.30 383.09 382.83 382.36 381.87 381.43 381.78 382.21 382.46 382.57 382.72 382.83 383.10 383.07 382.89 382.61 382.76 383.09 383.22 383.14 382.98 383.07 383.31
 383.01 382.94 382.73 382.57 382.39 382.23 382.12 382.18 382.25 382.22 382.19 382.34 382.52 382.56 382.62 382.63 382.65 382.84 382.99 383.00 382.70 382.48 382.59 382.89
 382.66 382.66 382.57 382.49 382.41 382.36 382.31 382.29 382.22 382.05 381.97 382.05 382.25 382.40 382.44 382.55 382.68 382.79 382.81 382.61 382.34 382.24 382.35 382.55
 382.35 382.35 382.35 382.35 382.35 382.35 382.35 382.35 382.35 382.35 382.35 382.35 382.35 382.35 382.35 382.35 382.35 382.35 382.35 382.35 382.35 382.35 382.35 382.35
 382.47 382.47 382.47 382.47 382.47 382.47 382.47 382.47 382.47 382.47 382.47 382.47 382.47 382.47 382.47 382.47 382.47 382.47 382.47 382.47 382.47 382.47 382.47 382.47
 381.31 380.10 378.60 377.99 378.83 380.17 381.34 382.41 383.25 382.61 380.93 380.36 381.03 382.27 386.72 393.72 393.05 388.98 383.91 383.36 382.88 382.38 381.94 381.68
 382.05 381.88 381.17 380.03 380.37 380.84 381.05 382.40 384.10 384.67 382.97 381.21 381.70 383.03 387.31 391.21 392.39 387.31 385.08 385.02 383.77 382.81 382.18 381.77
 383.35 384.13 383.43 382.17 381.30 380.99 381.09 381.78 384.25 385.33 384.38 383.14 383.30 384.39 386.01 388.17 387.04 386.95 386.52 386.53 384.86 383.75 382.87 382.80
 384.76 384.68 384.45 383.02 381.75 380.90 380.46 381.78 383.66 385.26 385.18 384.51 384.74 385.34 385.67 385.22 385.12 386.26 387.16 387.50 385.79 384.54 384.10 384.00
 385.08 385.18 384.40 383.60 382.14 380.49 379.84 381.18 383.31 384.82 384.97 384.58 384.85 385.27 385.33 384.75 384.64 385.32 386.40 386.65 386.04 385.13 384.60 384.90
 385.25 385.19 384.65 383.85 382.25 380.37 379.14 380.55 382.66 384.07 384.08 383.97 384.18 384.84 384.82 384.15 383.50 383.85 384.97 385.63 385.46 384.93 384.70 384.78
 384.88 385.01 384.39 383.79 382.42 380.81 379.74 380.69 382.08 383.03 383.12 383.22 383.50 383.93 383.96 383.20 382.52 382.89 383.80 384.66 384.71 384.50 384.41 384.60
 384.32 384.13 383.87 383.43 382.63 381.84 381.15 381.65 382.20 382.62 382.66 382.82 382.98 383.25 383.07 382.75 382.44 382.84 383.61 384.00 383.98 383.78 383.86 384.13
 383.56 383.49 383.26 383.15 382.87 382.66 382.57 382.65 382.72 382.62 382.51 382.56 382.70 382.75 382.68 382.57 382.63 383.17 383.60 383.78 383.45 383.18 383.24 383.54
 383.12 383.11 383.06 383.00 382.92 382.94 383.00 383.04 382.89 382.59 382.40 382.41 382.53 382.62 382.59 382.67 382.93 383.28 383.45 383.27 383.01 382.85 382.89 383.03
 382.86 382.86 382.86 382.86 382.86 382.86 382.86 382.86 382.86 382.86 382.86 382.86 382.86 382.86 382.86 382.86 382.86 382.86 382.86 382.86 382.86 382.86 382.86 382.86
 378.96 378.96 378.96 378.96 378.96 378.96 378.96 378.96 378.96 378.96 378.96 378.96 378.96 378.96 378.96 378.96 378.96 378.96 378.96 378.96 378.96 378.96 378.96 378.96
 377.28 377.27 377.28 377.37 378.46 379.78 380.95 381.59 381.62 379.73 377.46 376.20 376.06 376.50 380.30 386.82 387.82 385.04 381.20 380.02 379.18 378.24 377.59 377.24
 378.57 379.33 379.39 379.26 379.88 380.42 380.62 382.11 382.49 381.90 379.10 377.56 377.62 378.28 381.93 385.49 387.42 385.25 383.77 383.33 380.97 379.53 378.56 378.13
 380.43 381.16 381.35 380.95 380.70 380.54 380.65 381.26 383.09 382.34 381.19 380.18 380.16 380.92 382.26 383.78 383.77 385.14 386.08 384.74 382.54 381.12 380.09 379.89
 381.98 382.25 382.43 382.25 381.41 380.67 380.03 381.19 381.82 383.10 382.86 382.53 382.71 383.10 383.07 382.19 382.61 384.82 385.76 385.55 383.16 382.28 381.92 381.84
 383.34 383.36 383.40 383.34 382.18 380.56 379.76 380.41 381.92 383.28 383.76 383.49 383.74 383.88 383.49 382.62 382.88 383.82 384.52 383.92 383.16 382.93 383.13 383.48
 384.38 384.39 384.24 384.11 382.60 380.68 379.27 380.38 382.12 383.40 383.54 383.60 383.89 384.25 383.89 383.07 382.79 383.15 383.54 383.29 383.04 383.37 384.02 384.41
 384.56 384.52 384.21 383.98 382.79 381.15 380.07 380.99 382.40 383.29 383.22 383.25 383.52 383.84 383.75 383.12 382.64 382.87 383.12 383.35 383.35 383.85 384.38 384.67
 384.05 383.83 383.81 383.68 383.05 382.27 381.58 382.14 382.77 383.16 383.00 382.93 383.05 383.34 383.20 382.93 382.67 382.94 383.39 383.63 383.82 384.08 384.30 384.20
 383.51 383.48 383.45 383.50 383.37 383.20 383.10 383.18 383.24 383.14 382.93 382.82 382.82 382.91 382.87 382.79 382.84 383.23 383.56 383.84 383.98 384.08 383.91 383.71
 383.36 383.38 383.42 383.46 383.50 383.54 383.57 383.58 383.42 383.15 382.94 382.86 382.82 382.82 382.80 382.88 383.12 383.44 383.64 383.80 384.01 383.86 383.59 383.37
 383.36 383.36 383.36 383.36 383.36 383.36 383.36 383.36 383.36 383.36 383.36 383.36 383.36 383.36 383.36 383.36 383.36 383.36 383.36 383.36 383.36 383.36 383.36 383.36
 381.22 381.22 381.22 381.22 381.22 381.22 381.22 381.22 381.22 381.22 381.22 381.22 381.22 381.22 381.22 381.22 381.22 381.22 381.22 381.22 381.22 381.22 381.22 381.22
 378.80 379.43 379.73 379.75 380.70 382.13 383.60 384.60 384.87 382.95 380.59 378.92 378.14 377.91 382.91 392.16 393.38 389.00 382.89 380.84 379.65 378.43 378.08 378.12
 380.85 382.04 382.23 381.50 382.06 382.67 383.20 385.23 385.82 384.98 381.63 379.71 379.12 379.16 383.55 388.78 391.67 387.80 384.77 383.95 380.89 379.40 378.84 379.25
 382.37 384.08 384.11 383.29 382.83 382.77 383.10 384.05 385.94 384.23 382.23 380.61 380.39 380.77 382.25 384.81 384.76 385.68 385.89 384.15 381.87 380.33 379.80 380.35
 382.79 384.03 384.64 383.88 382.93 382.25 381.82 382.99 383.07 383.38 382.10 381.58 381.88 382.29 382.29 381.60 381.66 383.60 384.02 384.27 381.87 381.20 381.00 381.54
 383.18 383.76 384.17 384.17 382.89 381.34 380.60 381.00 381.99 382.43 382.63 382.45 383.02 383.18 382.75 382.02 382.24 382.50 382.94 382.42 382.06 381.90 382.36 382.84
 383.97 383.97 384.05 384.15 382.73 380.82 379.44 380.49 382.06 383.08 383.13 383.24 383.63 383.86 383.43 382.73 382.51 382.57 382.52 382.29 382.17 382.73 383.60 384.11
 384.15 383.97 383.91 383.97 382.93 381.30 380.25 381.26 382.82 383.75 383.48 383.35 383.52 383.74 383.60 383.12 382.80 382.88 382.89 382.86 382.86 383.51 384.21 384.50
 383.73 383.53 383.65 383.72 383.21 382.47 381.82 382.52 383.32 383.72 383.40 383.10 383.12 383.38 383.29 383.08 382.89 383.08 383.35 383.46 383.58 383.91 384.18 384.03
 383.43 383.42 383.49 383.62 383.60 383.47 383.38 383.52 383.60 383.53 383.22 383.04 382.95 383.04 383.03 382.99 383.05 383.38 383.66 383.80 383.90 383.99 383.89 383.67
 383.49 383.51 383.60 383.69 383.79 383.85 383.86 383.85 383.71 383.46 383.25 383.13 383.03 382.98 382.96 383.07 383.34 383.68 383.83 383.94 383.97 383.87 383.70 383.53
 383.60 383.60 383.60 383.60 383.60 383.60 383.60 383.60 383.60 383.60 383.60 383.60 383.60 383.60 383.60 383.60 383.60 383.60 383.60 383.60 383.60 383.60 383.60 383.60
 385.14 385.14 385.14 385.14 385.14 385.14 385.14 385.14 385.14 385.14 385.14 385.14 385.14 385.14 385.14 385.14 385.14 385.14 385.14 385.14 385.14 385.14 385.14 385.14
 383.52 384.86 385.22 384.57 384.62 385.21 386.08 387.15 387.83 387.14 385.48 384.09 383.06 382.67 386.04 392.58 394.10 391.42 387.27 385.22 383.86 382.55 382.10 382.21
 385.23 387.35 387.57 385.66 385.34 385.35 385.83 387.23 388.67 388.58 386.58 384.32 383.19 383.00 386.16 390.11 392.71 390.67 388.46 387.33 384.44 383.02 382.22 382.51
 385.76 388.61 388.84 387.07 385.80 385.38 385.60 386.26 387.84 387.58 385.93 383.84 383.02 383.11 384.43 386.93 387.53 388.31 388.19 386.20 384.46 383.05 382.47 382.86
 384.67 386.37 387.48 386.17 384.72 383.79 383.54 384.22 384.88 385.17 384.24 383.24 383.09 383.25 383.61 383.82 384.50 385.74 385.42 385.28 383.45 383.10 382.93 383.21
 383.78 384.27 384.79 384.78 383.33 381.54 380.69 381.51 382.69 383.14 383.29 383.15 383.51 383.63 383.39 383.25 383.62 383.81 383.97 383.41 383.13 383.03 383.41 383.55
 383.89 383.51 383.28 383.52 382.06 379.96 378.51 379.98 381.98 383.25 383.32 383.51 383.83 384.00 383.67 383.13 382.87 383.00 383.12 383.04 382.98 383.34 383.91 384.18
 384.12 383.80 383.56 383.52 382.45 380.61 379.38 380.59 382.46 383.63 383.53 383.51 383.67 383.83 383.62 383.05 382.67 382.84 383.07 383.26 383.30 383.73 384.20 384.40
 383.96 383.78 383.66 383.60 382.95 382.13 381.36 382.17 383.09 383.66 383.48 383.33 383.37 383.51 383.29 382.95 382.72 382.99 383.39 383.60 383.70 383.92 384.13 384.11
 383.76 383.72 383.67 383.68 383.60 383.45 383.34 383.47 383.60 383.57 383.36 383.26 383.23 383.25 383.10 382.92 382.94 383.35 383.69 383.84 383.88 383.92 383.91 383.85
 383.72 383.73 383.74 383.78 383.88 383.95 383.96 383.93 383.80 383.55 383.36 383.29 383.25 383.22 383.13 383.12 383.33 383.70 383.88 383.95 383.91 383.84 383.76 383.72
 383.70 383.70 383.70 383.70 383.70 383.70 383.70 383.70 383.70 383.70 383.70 383.70 383.70 383.70 383.70 383.70 383.70 383.70 383.70 383.70 383.70 383.70 383.70 383.70
 389.10 389.10 389.10 389.10 389.10 389.10 389.10 389.10 389.10 389.10 389.10 389.10 389.10 389.10 389.10 389.10 389.10 389.10 389.10 389.10 389.10 389.10 389.10 389.10
 388.85 390.48 391.06 389.79 388.43 387.46 387.40 388.14 388.84 388.98 388.48 388.11 387.92 388.05 389.96 393.61 394.75 393.64 392.11 390.95 389.70 387.76 386.99 387.12
 390.45 392.65 392.40 389.45 387.85 386.86 387.15 388.05 389.28 389.45 388.78 387.74 387.26 387.44 389.57 391.86 393.99 393.82 393.30 392.80 389.83 387.98 386.95 387.35
 390.29 392.82 392.50 389.73 387.64 386.70 386.85 387.37 388.26 388.40 387.79 386.74 386.18 386.29 387.45 389.64 390.75 392.32 392.99 390.64 389.09 387.32 386.53 386.88
 387.35 388.78 389.37 387.57 385.55 384.20 383.94 384.68 385.71 386.35 386.15 385.57 385.23 385.13 385.86 386.76 388.47 389.90 389.36 388.67 386.81 386.12 385.72 385.98
 384.89 384.71 384.99 385.01 383.37 380.74 379.41 381.19 383.35 384.62 384.91 384.84 384.81 384.85 384.89 385.41 386.19 386.57 386.67 385.91 385.46 384.99 385.04 384.83
 384.06 382.95 382.26 383.08 381.28 378.29 376.10 378.62 382.10 384.26 384.32 384.31 384.47 384.66 384.59 384.37 384.21 384.48 384.72 384.56 384.35 384.41 384.59 384.59
 384.02 383.39 382.98 383.09 381.92 379.19 377.28 379.21 382.13 384.01 383.75 383.77 383.97 384.31 384.21 383.75 383.39 383.50 383.64 383.80 383.89 384.18 384.42 384.44
 383.89 383.62 383.44 383.43 382.52 381.34 380.12 381.32 382.76 383.65 383.44 383.32 383.60 383.91 383.82 383.57 383.32 383.34 383.36 383.43 383.62 383.94 384.16 384.07
 383.59 383.55 383.54 383.61 383.48 383.16 382.95 383.15 383.43 383.52 383.29 383.27 383.36 383.64 383.62 383.48 383.37 383.37 383.39 383.43 383.61 383.81 383.86 383.76
 383.58 383.57 383.61 383.69 383.80 383.84 383.82 383.77 383.67 383.49 383.36 383.31 383.38 383.50 383.60 383.53 383.47 383.47 383.51 383.61 383.74 383.77 383.72 383.62
 383.64 383.64 383.64 383.64 383.64 383.64 383.64 383.64 383.64 383.64 383.64 383.64 383.64 383.64 383.64 383.64 383.64 383.64 383.64 383.64 383.64 383.64 383.64 383.64
 391.83 391.83 391.83 391.83 391.83 391.83 391.83 391.83 391.83 391.83 391.83 391.83 391.83 391.83 391.83 391.83 391.83 391.83 391.83 391.83 391.83 391.83 391.83 391.83
 391.88 393.54 393.57 392.09 390.55 389.55 389.23 390.00 390.93 391.45 391.31 391.17 391.17 391.34 393.33 397.14 397.88 396.25 394.14 392.93 391.81 390.06 389.52 389.94
 393.16 395.11 394.57 391.35 390.06 388.96 388.96 389.76 391.27 391.69 391.27 390.50 390.15 390.32 392.39 394.70 397.02 395.74 394.70 393.91 391.56 390.05 389.19 389.69
 392.39 395.08 394.09 391.45 389.74 388.97 388.54 389.34 390.47 390.64 389.96 389.06 388.56 388.59 389.63 391.96 393.05 394.20 393.71 391.59 390.62 389.11 388.42 388.88
 389.27 390.60 391.02 389.09 387.41 385.94 385.55 386.66 388.10 388.46 387.90 387.37 386.98 386.82 387.63 388.71 390.52 391.28 390.57 389.68 388.37 387.75 387.32 387.54
 386.22 386.33 386.58 386.71 384.79 381.96 380.51 382.91 385.27 386.33 386.28 386.18 386.02 386.12 386.36 387.11 387.74 388.02 388.04 387.51 387.15 386.50 386.26 385.95
 384.83 384.05 383.72 384.62 382.53 379.11 376.79 379.56 383.27 385.35 385.22 385.04 385.20 385.53 385.64 385.56 385.28 385.51 385.90 385.98 385.86 385.65 385.38 385.14
 384.43 384.03 383.87 384.16 382.81 379.80 377.72 379.71 382.71 384.59 383.97 383.99 384.33 385.00 384.98 384.51 384.09 384.10 384.23 384.45 384.70 384.82 384.85 384.72
 384.17 383.95 383.82 383.84 382.88 381.64 380.32 381.53 383.02 383.75 383.32 383.09 383.80 384.44 384.47 384.23 383.91 383.72 383.41 383.38 383.65 384.06 384.34 384.30
 383.73 383.65 383.55 383.57 383.45 383.15 382.92 383.11 383.38 383.41 382.98 383.04 383.34 384.08 384.21 384.08 383.81 383.45 383.18 383.11 383.39 383.71 383.85 383.86
 383.55 383.51 383.52 383.61 383.75 383.76 383.67 383.59 383.48 383.27 383.11 383.07 383.35 383.74 384.14 384.02 383.66 383.32 383.22 383.35 383.58 383.66 383.63 383.57
 383.55 383.55 383.55 383.55 383.55 383.55 383.55 383.55 383.55 383.55 383.55 383.55 383.55 383.55 383.55 383.55 383.55 383.55 383.55 383.55 383.55 383.55 383.55 383.55
